188 188 1404
1 1 3.0000000000000000
2 1 1.0000000000000000
3 1 1.0000000000000000
4 1 1.0000000000000000
1 2 1.0000000000000000
2 2 4.0000000000000000
3 2 1.0000000000000000
4 2 1.0000000000000000
5 2 1.0000000000000000
1 3 1.0000000000000000
2 3 1.0000000000000000
3 3 4.0000000000000000
4 3 1.0000000000000000
5 3 1.0000000000000000
1 4 1.0000000000000000
2 4 1.0000000000000000
3 4 1.0000000000000000
4 4 6.0000000000000000
5 4 1.0000000000000000
6 4 1.0000000000000000
7 4 1.0000000000000000
2 5 1.0000000000000000
3 5 1.0000000000000000
4 5 1.0000000000000000
5 5 6.0000000000000000
6 5 1.0000000000000000
7 5 1.0000000000000000
8 5 1.0000000000000000
4 6 1.0000000000000000
5 6 1.0000000000000000
6 6 5.0000000000000000
7 6 1.0000000000000000
9 6 1.0000000000000000
10 6 1.0000000000000000
4 7 1.0000000000000000
5 7 1.0000000000000000
6 7 1.0000000000000000
7 7 6.0000000000000000
8 7 1.0000000000000000
9 7 1.0000000000000000
10 7 1.0000000000000000
5 8 1.0000000000000000
7 8 1.0000000000000000
8 8 4.0000000000000000
9 8 1.0000000000000000
11 8 1.0000000000000000
6 9 1.0000000000000000
7 9 1.0000000000000000
8 9 1.0000000000000000
9 9 7.0000000000000000
10 9 1.0000000000000000
11 9 1.0000000000000000
12 9 1.0000000000000000
13 9 1.0000000000000000
6 10 1.0000000000000000
7 10 1.0000000000000000
9 10 1.0000000000000000
10 10 6.0000000000000000
12 10 1.0000000000000000
13 10 1.0000000000000000
14 10 1.0000000000000000
8 11 1.0000000000000000
9 11 1.0000000000000000
11 11 5.0000000000000000
12 11 1.0000000000000000
22 11 1.0000000000000000
23 11 1.0000000000000000
9 12 1.0000000000000000
10 12 1.0000000000000000
11 12 1.0000000000000000
12 12 9.0000000000000000
13 12 1.0000000000000000
15 12 1.0000000000000000
22 12 1.0000000000000000
23 12 1.0000000000000000
24 12 1.0000000000000000
25 12 1.0000000000000000
9 13 1.0000000000000000
10 13 1.0000000000000000
12 13 1.0000000000000000
13 13 6.0000000000000000
14 13 1.0000000000000000
15 13 1.0000000000000000
16 13 1.0000000000000000
10 14 1.0000000000000000
13 14 1.0000000000000000
14 14 4.0000000000000000
15 14 1.0000000000000000
16 14 1.0000000000000000
12 15 1.0000000000000000
13 15 1.0000000000000000
14 15 1.0000000000000000
15 15 9.0000000000000000
16 15 1.0000000000000000
17 15 1.0000000000000000
18 15 1.0000000000000000
24 15 1.0000000000000000
25 15 1.0000000000000000
26 15 1.0000000000000000
13 16 1.0000000000000000
14 16 1.0000000000000000
15 16 1.0000000000000000
16 16 6.0000000000000000
17 16 1.0000000000000000
18 16 1.0000000000000000
26 16 1.0000000000000000
15 17 1.0000000000000000
16 17 1.0000000000000000
17 17 6.0000000000000000
18 17 1.0000000000000000
19 17 1.0000000000000000
26 17 1.0000000000000000
27 17 1.0000000000000000
15 18 1.0000000000000000
16 18 1.0000000000000000
17 18 1.0000000000000000
18 18 7.0000000000000000
19 18 1.0000000000000000
20 18 1.0000000000000000
21 18 1.0000000000000000
27 18 1.0000000000000000
17 19 1.0000000000000000
18 19 1.0000000000000000
19 19 9.0000000000000000
20 19 1.0000000000000000
21 19 1.0000000000000000
26 19 1.0000000000000000
27 19 1.0000000000000000
28 19 1.0000000000000000
29 19 1.0000000000000000
30 19 1.0000000000000000
18 20 1.0000000000000000
19 20 1.0000000000000000
20 20 6.0000000000000000
21 20 1.0000000000000000
28 20 1.0000000000000000
29 20 1.0000000000000000
30 20 1.0000000000000000
18 21 1.0000000000000000
19 21 1.0000000000000000
20 21 1.0000000000000000
21 21 10.0000000000000000
28 21 1.0000000000000000
29 21 1.0000000000000000
30 21 1.0000000000000000
31 21 1.0000000000000000
32 21 1.0000000000000000
35 21 1.0000000000000000
36 21 1.0000000000000000
11 22 1.0000000000000000
12 22 1.0000000000000000
22 22 4.0000000000000000
23 22 1.0000000000000000
41 22 1.0000000000000000
11 23 1.0000000000000000
12 23 1.0000000000000000
22 23 1.0000000000000000
23 23 7.0000000000000000
24 23 1.0000000000000000
41 23 1.0000000000000000
42 23 1.0000000000000000
43 23 1.0000000000000000
12 24 1.0000000000000000
15 24 1.0000000000000000
23 24 1.0000000000000000
24 24 8.0000000000000000
25 24 1.0000000000000000
41 24 1.0000000000000000
42 24 1.0000000000000000
43 24 1.0000000000000000
44 24 1.0000000000000000
12 25 1.0000000000000000
15 25 1.0000000000000000
24 25 1.0000000000000000
25 25 6.0000000000000000
26 25 1.0000000000000000
44 25 1.0000000000000000
45 25 1.0000000000000000
15 26 1.0000000000000000
16 26 1.0000000000000000
17 26 1.0000000000000000
19 26 1.0000000000000000
25 26 1.0000000000000000
26 26 8.0000000000000000
27 26 1.0000000000000000
45 26 1.0000000000000000
46 26 1.0000000000000000
17 27 1.0000000000000000
18 27 1.0000000000000000
19 27 1.0000000000000000
26 27 1.0000000000000000
27 27 7.0000000000000000
28 27 1.0000000000000000
45 27 1.0000000000000000
46 27 1.0000000000000000
19 28 1.0000000000000000
20 28 1.0000000000000000
21 28 1.0000000000000000
27 28 1.0000000000000000
28 28 8.0000000000000000
29 28 1.0000000000000000
30 28 1.0000000000000000
46 28 1.0000000000000000
48 28 1.0000000000000000
19 29 1.0000000000000000
20 29 1.0000000000000000
21 29 1.0000000000000000
28 29 1.0000000000000000
29 29 8.0000000000000000
30 29 1.0000000000000000
46 29 1.0000000000000000
48 29 1.0000000000000000
49 29 1.0000000000000000
19 30 1.0000000000000000
20 30 1.0000000000000000
21 30 1.0000000000000000
28 30 1.0000000000000000
29 30 1.0000000000000000
30 30 8.0000000000000000
31 30 1.0000000000000000
33 30 1.0000000000000000
49 30 1.0000000000000000
21 31 1.0000000000000000
30 31 1.0000000000000000
31 31 7.0000000000000000
32 31 1.0000000000000000
33 31 1.0000000000000000
34 31 1.0000000000000000
35 31 1.0000000000000000
37 31 1.0000000000000000
21 32 1.0000000000000000
31 32 1.0000000000000000
32 32 4.0000000000000000
34 32 1.0000000000000000
35 32 1.0000000000000000
30 33 1.0000000000000000
31 33 1.0000000000000000
33 33 7.0000000000000000
34 33 1.0000000000000000
49 33 1.0000000000000000
50 33 1.0000000000000000
51 33 1.0000000000000000
52 33 1.0000000000000000
31 34 1.0000000000000000
32 34 1.0000000000000000
33 34 1.0000000000000000
34 34 9.0000000000000000
35 34 1.0000000000000000
38 34 1.0000000000000000
50 34 1.0000000000000000
52 34 1.0000000000000000
54 34 1.0000000000000000
55 34 1.0000000000000000
21 35 1.0000000000000000
31 35 1.0000000000000000
32 35 1.0000000000000000
34 35 1.0000000000000000
35 35 8.0000000000000000
36 35 1.0000000000000000
37 35 1.0000000000000000
38 35 1.0000000000000000
39 35 1.0000000000000000
21 36 1.0000000000000000
35 36 1.0000000000000000
36 36 4.0000000000000000
37 36 1.0000000000000000
39 36 1.0000000000000000
31 37 1.0000000000000000
35 37 1.0000000000000000
36 37 1.0000000000000000
37 37 4.0000000000000000
39 37 1.0000000000000000
34 38 1.0000000000000000
35 38 1.0000000000000000
38 38 6.0000000000000000
39 38 1.0000000000000000
40 38 1.0000000000000000
55 38 1.0000000000000000
56 38 1.0000000000000000
35 39 1.0000000000000000
36 39 1.0000000000000000
37 39 1.0000000000000000
38 39 1.0000000000000000
39 39 7.0000000000000000
40 39 1.0000000000000000
55 39 1.0000000000000000
56 39 1.0000000000000000
38 40 1.0000000000000000
39 40 1.0000000000000000
40 40 4.0000000000000000
56 40 1.0000000000000000
58 40 1.0000000000000000
22 41 1.0000000000000000
23 41 1.0000000000000000
24 41 1.0000000000000000
41 41 7.0000000000000000
42 41 1.0000000000000000
59 41 1.0000000000000000
60 41 1.0000000000000000
61 41 1.0000000000000000
23 42 1.0000000000000000
24 42 1.0000000000000000
41 42 1.0000000000000000
42 42 5.0000000000000000
43 42 1.0000000000000000
61 42 1.0000000000000000
23 43 1.0000000000000000
24 43 1.0000000000000000
42 43 1.0000000000000000
43 43 6.0000000000000000
44 43 1.0000000000000000
61 43 1.0000000000000000
62 43 1.0000000000000000
24 44 1.0000000000000000
25 44 1.0000000000000000
43 44 1.0000000000000000
44 44 8.0000000000000000
45 44 1.0000000000000000
47 44 1.0000000000000000
61 44 1.0000000000000000
62 44 1.0000000000000000
64 44 1.0000000000000000
25 45 1.0000000000000000
26 45 1.0000000000000000
27 45 1.0000000000000000
44 45 1.0000000000000000
45 45 7.0000000000000000
46 45 1.0000000000000000
47 45 1.0000000000000000
48 45 1.0000000000000000
26 46 1.0000000000000000
27 46 1.0000000000000000
28 46 1.0000000000000000
29 46 1.0000000000000000
45 46 1.0000000000000000
46 46 6.0000000000000000
48 46 1.0000000000000000
44 47 1.0000000000000000
45 47 1.0000000000000000
47 47 8.0000000000000000
48 47 1.0000000000000000
62 47 1.0000000000000000
63 47 1.0000000000000000
64 47 1.0000000000000000
65 47 1.0000000000000000
66 47 1.0000000000000000
28 48 1.0000000000000000
29 48 1.0000000000000000
45 48 1.0000000000000000
46 48 1.0000000000000000
47 48 1.0000000000000000
48 48 8.0000000000000000
49 48 1.0000000000000000
63 48 1.0000000000000000
66 48 1.0000000000000000
29 49 1.0000000000000000
30 49 1.0000000000000000
33 49 1.0000000000000000
48 49 1.0000000000000000
49 49 7.0000000000000000
50 49 1.0000000000000000
63 49 1.0000000000000000
66 49 1.0000000000000000
33 50 1.0000000000000000
34 50 1.0000000000000000
49 50 1.0000000000000000
50 50 8.0000000000000000
51 50 1.0000000000000000
52 50 1.0000000000000000
63 50 1.0000000000000000
66 50 1.0000000000000000
67 50 1.0000000000000000
33 51 1.0000000000000000
50 51 1.0000000000000000
51 51 6.0000000000000000
52 51 1.0000000000000000
66 51 1.0000000000000000
67 51 1.0000000000000000
72 51 1.0000000000000000
33 52 1.0000000000000000
34 52 1.0000000000000000
50 52 1.0000000000000000
51 52 1.0000000000000000
52 52 10.0000000000000000
53 52 1.0000000000000000
54 52 1.0000000000000000
68 52 1.0000000000000000
69 52 1.0000000000000000
72 52 1.0000000000000000
73 52 1.0000000000000000
52 53 1.0000000000000000
53 53 4.0000000000000000
54 53 1.0000000000000000
68 53 1.0000000000000000
69 53 1.0000000000000000
34 54 1.0000000000000000
52 54 1.0000000000000000
53 54 1.0000000000000000
54 54 7.0000000000000000
55 54 1.0000000000000000
68 54 1.0000000000000000
69 54 1.0000000000000000
70 54 1.0000000000000000
34 55 1.0000000000000000
38 55 1.0000000000000000
39 55 1.0000000000000000
54 55 1.0000000000000000
55 55 9.0000000000000000
56 55 1.0000000000000000
57 55 1.0000000000000000
68 55 1.0000000000000000
69 55 1.0000000000000000
70 55 1.0000000000000000
38 56 1.0000000000000000
39 56 1.0000000000000000
40 56 1.0000000000000000
55 56 1.0000000000000000
56 56 6.0000000000000000
57 56 1.0000000000000000
58 56 1.0000000000000000
55 57 1.0000000000000000
56 57 1.0000000000000000
57 57 7.0000000000000000
58 57 1.0000000000000000
70 57 1.0000000000000000
71 57 1.0000000000000000
75 57 1.0000000000000000
76 57 1.0000000000000000
40 58 1.0000000000000000
56 58 1.0000000000000000
57 58 1.0000000000000000
58 58 7.0000000000000000
70 58 1.0000000000000000
71 58 1.0000000000000000
75 58 1.0000000000000000
76 58 1.0000000000000000
41 59 1.0000000000000000
59 59 3.0000000000000000
60 59 1.0000000000000000
81 59 1.0000000000000000
41 60 1.0000000000000000
59 60 1.0000000000000000
60 60 6.0000000000000000
61 60 1.0000000000000000
81 60 1.0000000000000000
82 60 1.0000000000000000
83 60 1.0000000000000000
41 61 1.0000000000000000
42 61 1.0000000000000000
43 61 1.0000000000000000
44 61 1.0000000000000000
60 61 1.0000000000000000
61 61 8.0000000000000000
62 61 1.0000000000000000
83 61 1.0000000000000000
84 61 1.0000000000000000
43 62 1.0000000000000000
44 62 1.0000000000000000
47 62 1.0000000000000000
61 62 1.0000000000000000
62 62 8.0000000000000000
64 62 1.0000000000000000
83 62 1.0000000000000000
84 62 1.0000000000000000
85 62 1.0000000000000000
47 63 1.0000000000000000
48 63 1.0000000000000000
49 63 1.0000000000000000
50 63 1.0000000000000000
63 63 6.0000000000000000
65 63 1.0000000000000000
66 63 1.0000000000000000
44 64 1.0000000000000000
47 64 1.0000000000000000
62 64 1.0000000000000000
64 64 9.0000000000000000
65 64 1.0000000000000000
84 64 1.0000000000000000
85 64 1.0000000000000000
86 64 1.0000000000000000
87 64 1.0000000000000000
88 64 1.0000000000000000
47 65 1.0000000000000000
63 65 1.0000000000000000
64 65 1.0000000000000000
65 65 5.0000000000000000
66 65 1.0000000000000000
87 65 1.0000000000000000
47 66 1.0000000000000000
48 66 1.0000000000000000
49 66 1.0000000000000000
50 66 1.0000000000000000
51 66 1.0000000000000000
63 66 1.0000000000000000
65 66 1.0000000000000000
66 66 10.0000000000000000
67 66 1.0000000000000000
87 66 1.0000000000000000
88 66 1.0000000000000000
50 67 1.0000000000000000
51 67 1.0000000000000000
66 67 1.0000000000000000
67 67 5.0000000000000000
72 67 1.0000000000000000
88 67 1.0000000000000000
52 68 1.0000000000000000
53 68 1.0000000000000000
54 68 1.0000000000000000
55 68 1.0000000000000000
68 68 8.0000000000000000
69 68 1.0000000000000000
70 68 1.0000000000000000
71 68 1.0000000000000000
74 68 1.0000000000000000
52 69 1.0000000000000000
53 69 1.0000000000000000
54 69 1.0000000000000000
55 69 1.0000000000000000
68 69 1.0000000000000000
69 69 9.0000000000000000
72 69 1.0000000000000000
73 69 1.0000000000000000
74 69 1.0000000000000000
92 69 1.0000000000000000
54 70 1.0000000000000000
55 70 1.0000000000000000
57 70 1.0000000000000000
58 70 1.0000000000000000
68 70 1.0000000000000000
70 70 6.0000000000000000
71 70 1.0000000000000000
57 71 1.0000000000000000
58 71 1.0000000000000000
68 71 1.0000000000000000
70 71 1.0000000000000000
71 71 7.0000000000000000
74 71 1.0000000000000000
75 71 1.0000000000000000
90 71 1.0000000000000000
51 72 1.0000000000000000
52 72 1.0000000000000000
67 72 1.0000000000000000
69 72 1.0000000000000000
72 72 8.0000000000000000
88 72 1.0000000000000000
92 72 1.0000000000000000
93 72 1.0000000000000000
94 72 1.0000000000000000
52 73 1.0000000000000000
69 73 1.0000000000000000
73 73 6.0000000000000000
74 73 1.0000000000000000
89 73 1.0000000000000000
90 73 1.0000000000000000
92 73 1.0000000000000000
68 74 1.0000000000000000
69 74 1.0000000000000000
71 74 1.0000000000000000
73 74 1.0000000000000000
74 74 6.0000000000000000
89 74 1.0000000000000000
90 74 1.0000000000000000
57 75 1.0000000000000000
58 75 1.0000000000000000
71 75 1.0000000000000000
75 75 6.0000000000000000
76 75 1.0000000000000000
90 75 1.0000000000000000
91 75 1.0000000000000000
57 76 1.0000000000000000
58 76 1.0000000000000000
75 76 1.0000000000000000
76 76 6.0000000000000000
77 76 1.0000000000000000
78 76 1.0000000000000000
91 76 1.0000000000000000
76 77 1.0000000000000000
77 77 6.0000000000000000
78 77 1.0000000000000000
79 77 1.0000000000000000
91 77 1.0000000000000000
95 77 1.0000000000000000
96 77 1.0000000000000000
76 78 1.0000000000000000
77 78 1.0000000000000000
78 78 3.0000000000000000
79 78 1.0000000000000000
77 79 1.0000000000000000
78 79 1.0000000000000000
79 79 5.0000000000000000
80 79 1.0000000000000000
96 79 1.0000000000000000
97 79 1.0000000000000000
79 80 1.0000000000000000
80 80 3.0000000000000000
97 80 1.0000000000000000
98 80 1.0000000000000000
59 81 1.0000000000000000
60 81 1.0000000000000000
81 81 4.0000000000000000
82 81 1.0000000000000000
104 81 1.0000000000000000
60 82 1.0000000000000000
81 82 1.0000000000000000
82 82 5.0000000000000000
83 82 1.0000000000000000
99 82 1.0000000000000000
104 82 1.0000000000000000
60 83 1.0000000000000000
61 83 1.0000000000000000
62 83 1.0000000000000000
82 83 1.0000000000000000
83 83 6.0000000000000000
84 83 1.0000000000000000
99 83 1.0000000000000000
61 84 1.0000000000000000
62 84 1.0000000000000000
64 84 1.0000000000000000
83 84 1.0000000000000000
84 84 9.0000000000000000
85 84 1.0000000000000000
99 84 1.0000000000000000
100 84 1.0000000000000000
102 84 1.0000000000000000
103 84 1.0000000000000000
62 85 1.0000000000000000
64 85 1.0000000000000000
84 85 1.0000000000000000
85 85 9.0000000000000000
86 85 1.0000000000000000
87 85 1.0000000000000000
100 85 1.0000000000000000
105 85 1.0000000000000000
107 85 1.0000000000000000
108 85 1.0000000000000000
64 86 1.0000000000000000
85 86 1.0000000000000000
86 86 9.0000000000000000
87 86 1.0000000000000000
88 86 1.0000000000000000
105 86 1.0000000000000000
106 86 1.0000000000000000
107 86 1.0000000000000000
108 86 1.0000000000000000
109 86 1.0000000000000000
64 87 1.0000000000000000
65 87 1.0000000000000000
66 87 1.0000000000000000
85 87 1.0000000000000000
86 87 1.0000000000000000
87 87 7.0000000000000000
88 87 1.0000000000000000
106 87 1.0000000000000000
64 88 1.0000000000000000
66 88 1.0000000000000000
67 88 1.0000000000000000
72 88 1.0000000000000000
86 88 1.0000000000000000
87 88 1.0000000000000000
88 88 9.0000000000000000
93 88 1.0000000000000000
106 88 1.0000000000000000
109 88 1.0000000000000000
73 89 1.0000000000000000
74 89 1.0000000000000000
89 89 6.0000000000000000
90 89 1.0000000000000000
92 89 1.0000000000000000
110 89 1.0000000000000000
111 89 1.0000000000000000
71 90 1.0000000000000000
73 90 1.0000000000000000
74 90 1.0000000000000000
75 90 1.0000000000000000
89 90 1.0000000000000000
90 90 8.0000000000000000
91 90 1.0000000000000000
95 90 1.0000000000000000
111 90 1.0000000000000000
75 91 1.0000000000000000
76 91 1.0000000000000000
77 91 1.0000000000000000
90 91 1.0000000000000000
91 91 5.0000000000000000
95 91 1.0000000000000000
69 92 1.0000000000000000
72 92 1.0000000000000000
73 92 1.0000000000000000
89 92 1.0000000000000000
92 92 9.0000000000000000
94 92 1.0000000000000000
110 92 1.0000000000000000
112 92 1.0000000000000000
113 92 1.0000000000000000
114 92 1.0000000000000000
72 93 1.0000000000000000
88 93 1.0000000000000000
93 93 7.0000000000000000
94 93 1.0000000000000000
106 93 1.0000000000000000
112 93 1.0000000000000000
115 93 1.0000000000000000
116 93 1.0000000000000000
72 94 1.0000000000000000
92 94 1.0000000000000000
93 94 1.0000000000000000
94 94 6.0000000000000000
112 94 1.0000000000000000
113 94 1.0000000000000000
114 94 1.0000000000000000
77 95 1.0000000000000000
90 95 1.0000000000000000
91 95 1.0000000000000000
95 95 7.0000000000000000
96 95 1.0000000000000000
111 95 1.0000000000000000
117 95 1.0000000000000000
118 95 1.0000000000000000
77 96 1.0000000000000000
79 96 1.0000000000000000
95 96 1.0000000000000000
96 96 7.0000000000000000
97 96 1.0000000000000000
118 96 1.0000000000000000
119 96 1.0000000000000000
120 96 1.0000000000000000
79 97 1.0000000000000000
80 97 1.0000000000000000
96 97 1.0000000000000000
97 97 6.0000000000000000
98 97 1.0000000000000000
120 97 1.0000000000000000
121 97 1.0000000000000000
80 98 1.0000000000000000
97 98 1.0000000000000000
98 98 4.0000000000000000
121 98 1.0000000000000000
122 98 1.0000000000000000
82 99 1.0000000000000000
83 99 1.0000000000000000
84 99 1.0000000000000000
99 99 7.0000000000000000
100 99 1.0000000000000000
101 99 1.0000000000000000
102 99 1.0000000000000000
104 99 1.0000000000000000
84 100 1.0000000000000000
85 100 1.0000000000000000
99 100 1.0000000000000000
100 100 6.0000000000000000
103 100 1.0000000000000000
105 100 1.0000000000000000
107 100 1.0000000000000000
99 101 1.0000000000000000
101 101 6.0000000000000000
102 101 1.0000000000000000
104 101 1.0000000000000000
123 101 1.0000000000000000
124 101 1.0000000000000000
125 101 1.0000000000000000
84 102 1.0000000000000000
99 102 1.0000000000000000
101 102 1.0000000000000000
102 102 5.0000000000000000
103 102 1.0000000000000000
125 102 1.0000000000000000
84 103 1.0000000000000000
100 103 1.0000000000000000
102 103 1.0000000000000000
103 103 8.0000000000000000
105 103 1.0000000000000000
107 103 1.0000000000000000
125 103 1.0000000000000000
126 103 1.0000000000000000
127 103 1.0000000000000000
81 104 1.0000000000000000
82 104 1.0000000000000000
99 104 1.0000000000000000
101 104 1.0000000000000000
104 104 6.0000000000000000
123 104 1.0000000000000000
128 104 1.0000000000000000
85 105 1.0000000000000000
86 105 1.0000000000000000
100 105 1.0000000000000000
103 105 1.0000000000000000
105 105 8.0000000000000000
107 105 1.0000000000000000
108 105 1.0000000000000000
127 105 1.0000000000000000
129 105 1.0000000000000000
86 106 1.0000000000000000
87 106 1.0000000000000000
88 106 1.0000000000000000
93 106 1.0000000000000000
106 106 7.0000000000000000
109 106 1.0000000000000000
115 106 1.0000000000000000
116 106 1.0000000000000000
85 107 1.0000000000000000
86 107 1.0000000000000000
100 107 1.0000000000000000
103 107 1.0000000000000000
105 107 1.0000000000000000
107 107 10.0000000000000000
108 107 1.0000000000000000
126 107 1.0000000000000000
127 107 1.0000000000000000
129 107 1.0000000000000000
130 107 1.0000000000000000
85 108 1.0000000000000000
86 108 1.0000000000000000
105 108 1.0000000000000000
107 108 1.0000000000000000
108 108 6.0000000000000000
109 108 1.0000000000000000
129 108 1.0000000000000000
86 109 1.0000000000000000
88 109 1.0000000000000000
106 109 1.0000000000000000
108 109 1.0000000000000000
109 109 8.0000000000000000
115 109 1.0000000000000000
129 109 1.0000000000000000
131 109 1.0000000000000000
132 109 1.0000000000000000
89 110 1.0000000000000000
92 110 1.0000000000000000
110 110 5.0000000000000000
111 110 1.0000000000000000
113 110 1.0000000000000000
114 110 1.0000000000000000
89 111 1.0000000000000000
90 111 1.0000000000000000
95 111 1.0000000000000000
110 111 1.0000000000000000
111 111 8.0000000000000000
114 111 1.0000000000000000
117 111 1.0000000000000000
118 111 1.0000000000000000
119 111 1.0000000000000000
92 112 1.0000000000000000
93 112 1.0000000000000000
94 112 1.0000000000000000
112 112 7.0000000000000000
113 112 1.0000000000000000
114 112 1.0000000000000000
116 112 1.0000000000000000
133 112 1.0000000000000000
92 113 1.0000000000000000
94 113 1.0000000000000000
110 113 1.0000000000000000
112 113 1.0000000000000000
113 113 7.0000000000000000
114 113 1.0000000000000000
133 113 1.0000000000000000
134 113 1.0000000000000000
92 114 1.0000000000000000
94 114 1.0000000000000000
110 114 1.0000000000000000
111 114 1.0000000000000000
112 114 1.0000000000000000
113 114 1.0000000000000000
114 114 12.0000000000000000
117 114 1.0000000000000000
133 114 1.0000000000000000
134 114 1.0000000000000000
135 114 1.0000000000000000
136 114 1.0000000000000000
137 114 1.0000000000000000
93 115 1.0000000000000000
106 115 1.0000000000000000
109 115 1.0000000000000000
115 115 7.0000000000000000
116 115 1.0000000000000000
132 115 1.0000000000000000
133 115 1.0000000000000000
138 115 1.0000000000000000
93 116 1.0000000000000000
106 116 1.0000000000000000
112 116 1.0000000000000000
115 116 1.0000000000000000
116 116 5.0000000000000000
133 116 1.0000000000000000
95 117 1.0000000000000000
111 117 1.0000000000000000
114 117 1.0000000000000000
117 117 7.0000000000000000
118 117 1.0000000000000000
119 117 1.0000000000000000
137 117 1.0000000000000000
139 117 1.0000000000000000
95 118 1.0000000000000000
96 118 1.0000000000000000
111 118 1.0000000000000000
117 118 1.0000000000000000
118 118 6.0000000000000000
119 118 1.0000000000000000
137 118 1.0000000000000000
96 119 1.0000000000000000
111 119 1.0000000000000000
117 119 1.0000000000000000
118 119 1.0000000000000000
119 119 7.0000000000000000
120 119 1.0000000000000000
137 119 1.0000000000000000
139 119 1.0000000000000000
96 120 1.0000000000000000
97 120 1.0000000000000000
119 120 1.0000000000000000
120 120 6.0000000000000000
121 120 1.0000000000000000
137 120 1.0000000000000000
139 120 1.0000000000000000
97 121 1.0000000000000000
98 121 1.0000000000000000
120 121 1.0000000000000000
121 121 7.0000000000000000
122 121 1.0000000000000000
139 121 1.0000000000000000
140 121 1.0000000000000000
141 121 1.0000000000000000
98 122 1.0000000000000000
121 122 1.0000000000000000
122 122 4.0000000000000000
140 122 1.0000000000000000
141 122 1.0000000000000000
101 123 1.0000000000000000
104 123 1.0000000000000000
123 123 6.0000000000000000
124 123 1.0000000000000000
125 123 1.0000000000000000
128 123 1.0000000000000000
142 123 1.0000000000000000
101 124 1.0000000000000000
123 124 1.0000000000000000
124 124 7.0000000000000000
125 124 1.0000000000000000
126 124 1.0000000000000000
128 124 1.0000000000000000
142 124 1.0000000000000000
143 124 1.0000000000000000
101 125 1.0000000000000000
102 125 1.0000000000000000
103 125 1.0000000000000000
123 125 1.0000000000000000
124 125 1.0000000000000000
125 125 7.0000000000000000
126 125 1.0000000000000000
143 125 1.0000000000000000
103 126 1.0000000000000000
107 126 1.0000000000000000
124 126 1.0000000000000000
125 126 1.0000000000000000
126 126 8.0000000000000000
127 126 1.0000000000000000
143 126 1.0000000000000000
144 126 1.0000000000000000
147 126 1.0000000000000000
103 127 1.0000000000000000
105 127 1.0000000000000000
107 127 1.0000000000000000
126 127 1.0000000000000000
127 127 9.0000000000000000
130 127 1.0000000000000000
144 127 1.0000000000000000
147 127 1.0000000000000000
148 127 1.0000000000000000
149 127 1.0000000000000000
104 128 1.0000000000000000
123 128 1.0000000000000000
124 128 1.0000000000000000
128 128 6.0000000000000000
142 128 1.0000000000000000
145 128 1.0000000000000000
146 128 1.0000000000000000
105 129 1.0000000000000000
107 129 1.0000000000000000
108 129 1.0000000000000000
109 129 1.0000000000000000
129 129 6.0000000000000000
130 129 1.0000000000000000
131 129 1.0000000000000000
107 130 1.0000000000000000
127 130 1.0000000000000000
129 130 1.0000000000000000
130 130 7.0000000000000000
131 130 1.0000000000000000
148 130 1.0000000000000000
150 130 1.0000000000000000
151 130 1.0000000000000000
109 131 1.0000000000000000
129 131 1.0000000000000000
130 131 1.0000000000000000
131 131 5.0000000000000000
132 131 1.0000000000000000
151 131 1.0000000000000000
109 132 1.0000000000000000
115 132 1.0000000000000000
131 132 1.0000000000000000
132 132 6.0000000000000000
138 132 1.0000000000000000
151 132 1.0000000000000000
152 132 1.0000000000000000
112 133 1.0000000000000000
113 133 1.0000000000000000
114 133 1.0000000000000000
115 133 1.0000000000000000
116 133 1.0000000000000000
133 133 9.0000000000000000
134 133 1.0000000000000000
135 133 1.0000000000000000
138 133 1.0000000000000000
153 133 1.0000000000000000
113 134 1.0000000000000000
114 134 1.0000000000000000
133 134 1.0000000000000000
134 134 6.0000000000000000
135 134 1.0000000000000000
136 134 1.0000000000000000
153 134 1.0000000000000000
114 135 1.0000000000000000
133 135 1.0000000000000000
134 135 1.0000000000000000
135 135 8.0000000000000000
136 135 1.0000000000000000
153 135 1.0000000000000000
155 135 1.0000000000000000
156 135 1.0000000000000000
157 135 1.0000000000000000
114 136 1.0000000000000000
134 136 1.0000000000000000
135 136 1.0000000000000000
136 136 5.0000000000000000
137 136 1.0000000000000000
155 136 1.0000000000000000
114 137 1.0000000000000000
117 137 1.0000000000000000
118 137 1.0000000000000000
119 137 1.0000000000000000
120 137 1.0000000000000000
136 137 1.0000000000000000
137 137 9.0000000000000000
139 137 1.0000000000000000
154 137 1.0000000000000000
155 137 1.0000000000000000
115 138 1.0000000000000000
132 138 1.0000000000000000
133 138 1.0000000000000000
138 138 6.0000000000000000
152 138 1.0000000000000000
153 138 1.0000000000000000
159 138 1.0000000000000000
117 139 1.0000000000000000
119 139 1.0000000000000000
120 139 1.0000000000000000
121 139 1.0000000000000000
137 139 1.0000000000000000
139 139 7.0000000000000000
141 139 1.0000000000000000
154 139 1.0000000000000000
121 140 1.0000000000000000
122 140 1.0000000000000000
140 140 3.0000000000000000
141 140 1.0000000000000000
121 141 1.0000000000000000
122 141 1.0000000000000000
139 141 1.0000000000000000
140 141 1.0000000000000000
141 141 7.0000000000000000
154 141 1.0000000000000000
155 141 1.0000000000000000
156 141 1.0000000000000000
123 142 1.0000000000000000
124 142 1.0000000000000000
128 142 1.0000000000000000
142 142 8.0000000000000000
143 142 1.0000000000000000
144 142 1.0000000000000000
145 142 1.0000000000000000
146 142 1.0000000000000000
161 142 1.0000000000000000
124 143 1.0000000000000000
125 143 1.0000000000000000
126 143 1.0000000000000000
142 143 1.0000000000000000
143 143 9.0000000000000000
144 143 1.0000000000000000
145 143 1.0000000000000000
146 143 1.0000000000000000
160 143 1.0000000000000000
161 143 1.0000000000000000
126 144 1.0000000000000000
127 144 1.0000000000000000
142 144 1.0000000000000000
143 144 1.0000000000000000
144 144 8.0000000000000000
146 144 1.0000000000000000
147 144 1.0000000000000000
160 144 1.0000000000000000
161 144 1.0000000000000000
128 145 1.0000000000000000
142 145 1.0000000000000000
143 145 1.0000000000000000
145 145 6.0000000000000000
146 145 1.0000000000000000
160 145 1.0000000000000000
161 145 1.0000000000000000
128 146 1.0000000000000000
142 146 1.0000000000000000
143 146 1.0000000000000000
144 146 1.0000000000000000
145 146 1.0000000000000000
146 146 8.0000000000000000
160 146 1.0000000000000000
161 146 1.0000000000000000
162 146 1.0000000000000000
126 147 1.0000000000000000
127 147 1.0000000000000000
144 147 1.0000000000000000
147 147 9.0000000000000000
148 147 1.0000000000000000
149 147 1.0000000000000000
160 147 1.0000000000000000
161 147 1.0000000000000000
163 147 1.0000000000000000
164 147 1.0000000000000000
127 148 1.0000000000000000
130 148 1.0000000000000000
147 148 1.0000000000000000
148 148 6.0000000000000000
149 148 1.0000000000000000
150 148 1.0000000000000000
164 148 1.0000000000000000
127 149 1.0000000000000000
147 149 1.0000000000000000
148 149 1.0000000000000000
149 149 6.0000000000000000
150 149 1.0000000000000000
164 149 1.0000000000000000
165 149 1.0000000000000000
130 150 1.0000000000000000
148 150 1.0000000000000000
149 150 1.0000000000000000
150 150 7.0000000000000000
151 150 1.0000000000000000
165 150 1.0000000000000000
166 150 1.0000000000000000
167 150 1.0000000000000000
130 151 1.0000000000000000
131 151 1.0000000000000000
132 151 1.0000000000000000
150 151 1.0000000000000000
151 151 6.0000000000000000
152 151 1.0000000000000000
167 151 1.0000000000000000
132 152 1.0000000000000000
138 152 1.0000000000000000
151 152 1.0000000000000000
152 152 7.0000000000000000
153 152 1.0000000000000000
159 152 1.0000000000000000
167 152 1.0000000000000000
168 152 1.0000000000000000
133 153 1.0000000000000000
134 153 1.0000000000000000
135 153 1.0000000000000000
138 153 1.0000000000000000
152 153 1.0000000000000000
153 153 10.0000000000000000
156 153 1.0000000000000000
157 153 1.0000000000000000
158 153 1.0000000000000000
159 153 1.0000000000000000
168 153 1.0000000000000000
137 154 1.0000000000000000
139 154 1.0000000000000000
141 154 1.0000000000000000
154 154 4.0000000000000000
155 154 1.0000000000000000
135 155 1.0000000000000000
136 155 1.0000000000000000
137 155 1.0000000000000000
141 155 1.0000000000000000
154 155 1.0000000000000000
155 155 6.0000000000000000
156 155 1.0000000000000000
135 156 1.0000000000000000
141 156 1.0000000000000000
153 156 1.0000000000000000
155 156 1.0000000000000000
156 156 5.0000000000000000
157 156 1.0000000000000000
135 157 1.0000000000000000
153 157 1.0000000000000000
156 157 1.0000000000000000
157 157 4.0000000000000000
158 157 1.0000000000000000
153 158 1.0000000000000000
157 158 1.0000000000000000
158 158 3.0000000000000000
159 158 1.0000000000000000
138 159 1.0000000000000000
152 159 1.0000000000000000
153 159 1.0000000000000000
158 159 1.0000000000000000
159 159 5.0000000000000000
168 159 1.0000000000000000
143 160 1.0000000000000000
144 160 1.0000000000000000
145 160 1.0000000000000000
146 160 1.0000000000000000
147 160 1.0000000000000000
160 160 6.0000000000000000
161 160 1.0000000000000000
142 161 1.0000000000000000
143 161 1.0000000000000000
144 161 1.0000000000000000
145 161 1.0000000000000000
146 161 1.0000000000000000
147 161 1.0000000000000000
160 161 1.0000000000000000
161 161 12.0000000000000000
162 161 1.0000000000000000
163 161 1.0000000000000000
173 161 1.0000000000000000
174 161 1.0000000000000000
175 161 1.0000000000000000
146 162 1.0000000000000000
161 162 1.0000000000000000
162 162 3.0000000000000000
173 162 1.0000000000000000
147 163 1.0000000000000000
161 163 1.0000000000000000
163 163 6.0000000000000000
164 163 1.0000000000000000
174 163 1.0000000000000000
175 163 1.0000000000000000
177 163 1.0000000000000000
147 164 1.0000000000000000
148 164 1.0000000000000000
149 164 1.0000000000000000
163 164 1.0000000000000000
164 164 7.0000000000000000
165 164 1.0000000000000000
175 164 1.0000000000000000
177 164 1.0000000000000000
149 165 1.0000000000000000
150 165 1.0000000000000000
164 165 1.0000000000000000
165 165 5.0000000000000000
166 165 1.0000000000000000
177 165 1.0000000000000000
150 166 1.0000000000000000
165 166 1.0000000000000000
166 166 8.0000000000000000
167 166 1.0000000000000000
169 166 1.0000000000000000
171 166 1.0000000000000000
177 166 1.0000000000000000
179 166 1.0000000000000000
180 166 1.0000000000000000
150 167 1.0000000000000000
151 167 1.0000000000000000
152 167 1.0000000000000000
166 167 1.0000000000000000
167 167 6.0000000000000000
168 167 1.0000000000000000
169 167 1.0000000000000000
152 168 1.0000000000000000
153 168 1.0000000000000000
159 168 1.0000000000000000
167 168 1.0000000000000000
168 168 6.0000000000000000
169 168 1.0000000000000000
170 168 1.0000000000000000
166 169 1.0000000000000000
167 169 1.0000000000000000
168 169 1.0000000000000000
169 169 6.0000000000000000
170 169 1.0000000000000000
171 169 1.0000000000000000
172 169 1.0000000000000000
168 170 1.0000000000000000
169 170 1.0000000000000000
170 170 4.0000000000000000
171 170 1.0000000000000000
172 170 1.0000000000000000
166 171 1.0000000000000000
169 171 1.0000000000000000
170 171 1.0000000000000000
171 171 7.0000000000000000
172 171 1.0000000000000000
179 171 1.0000000000000000
180 171 1.0000000000000000
181 171 1.0000000000000000
169 172 1.0000000000000000
170 172 1.0000000000000000
171 172 1.0000000000000000
172 172 4.0000000000000000
181 172 1.0000000000000000
161 173 1.0000000000000000
162 173 1.0000000000000000
173 173 5.0000000000000000
174 173 1.0000000000000000
176 173 1.0000000000000000
186 173 1.0000000000000000
161 174 1.0000000000000000
163 174 1.0000000000000000
173 174 1.0000000000000000
174 174 6.0000000000000000
175 174 1.0000000000000000
176 174 1.0000000000000000
178 174 1.0000000000000000
161 175 1.0000000000000000
163 175 1.0000000000000000
164 175 1.0000000000000000
174 175 1.0000000000000000
175 175 6.0000000000000000
177 175 1.0000000000000000
178 175 1.0000000000000000
173 176 1.0000000000000000
174 176 1.0000000000000000
176 176 6.0000000000000000
178 176 1.0000000000000000
184 176 1.0000000000000000
186 176 1.0000000000000000
187 176 1.0000000000000000
163 177 1.0000000000000000
164 177 1.0000000000000000
165 177 1.0000000000000000
166 177 1.0000000000000000
175 177 1.0000000000000000
177 177 7.0000000000000000
178 177 1.0000000000000000
179 177 1.0000000000000000
174 178 1.0000000000000000
175 178 1.0000000000000000
176 178 1.0000000000000000
177 178 1.0000000000000000
178 178 7.0000000000000000
179 178 1.0000000000000000
182 178 1.0000000000000000
184 178 1.0000000000000000
166 179 1.0000000000000000
171 179 1.0000000000000000
177 179 1.0000000000000000
178 179 1.0000000000000000
179 179 9.0000000000000000
180 179 1.0000000000000000
182 179 1.0000000000000000
183 179 1.0000000000000000
184 179 1.0000000000000000
185 179 1.0000000000000000
166 180 1.0000000000000000
171 180 1.0000000000000000
179 180 1.0000000000000000
180 180 5.0000000000000000
181 180 1.0000000000000000
183 180 1.0000000000000000
171 181 1.0000000000000000
172 181 1.0000000000000000
180 181 1.0000000000000000
181 181 4.0000000000000000
183 181 1.0000000000000000
178 182 1.0000000000000000
179 182 1.0000000000000000
182 182 5.0000000000000000
183 182 1.0000000000000000
184 182 1.0000000000000000
185 182 1.0000000000000000
179 183 1.0000000000000000
180 183 1.0000000000000000
181 183 1.0000000000000000
182 183 1.0000000000000000
183 183 5.0000000000000000
185 183 1.0000000000000000
176 184 1.0000000000000000
178 184 1.0000000000000000
179 184 1.0000000000000000
182 184 1.0000000000000000
184 184 6.0000000000000000
185 184 1.0000000000000000
187 184 1.0000000000000000
179 185 1.0000000000000000
182 185 1.0000000000000000
183 185 1.0000000000000000
184 185 1.0000000000000000
185 185 5.0000000000000000
187 185 1.0000000000000000
173 186 1.0000000000000000
176 186 1.0000000000000000
186 186 4.0000000000000000
187 186 1.0000000000000000
188 186 1.0000000000000000
176 187 1.0000000000000000
184 187 1.0000000000000000
185 187 1.0000000000000000
186 187 1.0000000000000000
187 187 5.0000000000000000
188 187 1.0000000000000000
186 188 1.0000000000000000
187 188 1.0000000000000000
188 188 2.0000000000000000
