292 292 2208
1 1 3.0000000000000000
2 1 1.0000000000000000
3 1 1.0000000000000000
4 1 1.0000000000000000
1 2 1.0000000000000000
2 2 4.0000000000000000
3 2 1.0000000000000000
4 2 1.0000000000000000
5 2 1.0000000000000000
1 3 1.0000000000000000
2 3 1.0000000000000000
3 3 4.0000000000000000
4 3 1.0000000000000000
5 3 1.0000000000000000
1 4 1.0000000000000000
2 4 1.0000000000000000
3 4 1.0000000000000000
4 4 6.0000000000000000
5 4 1.0000000000000000
6 4 1.0000000000000000
7 4 1.0000000000000000
2 5 1.0000000000000000
3 5 1.0000000000000000
4 5 1.0000000000000000
5 5 6.0000000000000000
6 5 1.0000000000000000
7 5 1.0000000000000000
8 5 1.0000000000000000
4 6 1.0000000000000000
5 6 1.0000000000000000
6 6 5.0000000000000000
7 6 1.0000000000000000
9 6 1.0000000000000000
10 6 1.0000000000000000
4 7 1.0000000000000000
5 7 1.0000000000000000
6 7 1.0000000000000000
7 7 6.0000000000000000
8 7 1.0000000000000000
9 7 1.0000000000000000
10 7 1.0000000000000000
5 8 1.0000000000000000
7 8 1.0000000000000000
8 8 4.0000000000000000
9 8 1.0000000000000000
11 8 1.0000000000000000
6 9 1.0000000000000000
7 9 1.0000000000000000
8 9 1.0000000000000000
9 9 7.0000000000000000
10 9 1.0000000000000000
11 9 1.0000000000000000
12 9 1.0000000000000000
13 9 1.0000000000000000
6 10 1.0000000000000000
7 10 1.0000000000000000
9 10 1.0000000000000000
10 10 6.0000000000000000
12 10 1.0000000000000000
13 10 1.0000000000000000
14 10 1.0000000000000000
8 11 1.0000000000000000
9 11 1.0000000000000000
11 11 5.0000000000000000
12 11 1.0000000000000000
22 11 1.0000000000000000
23 11 1.0000000000000000
9 12 1.0000000000000000
10 12 1.0000000000000000
11 12 1.0000000000000000
12 12 9.0000000000000000
13 12 1.0000000000000000
15 12 1.0000000000000000
22 12 1.0000000000000000
23 12 1.0000000000000000
24 12 1.0000000000000000
25 12 1.0000000000000000
9 13 1.0000000000000000
10 13 1.0000000000000000
12 13 1.0000000000000000
13 13 6.0000000000000000
14 13 1.0000000000000000
15 13 1.0000000000000000
16 13 1.0000000000000000
10 14 1.0000000000000000
13 14 1.0000000000000000
14 14 4.0000000000000000
15 14 1.0000000000000000
16 14 1.0000000000000000
12 15 1.0000000000000000
13 15 1.0000000000000000
14 15 1.0000000000000000
15 15 9.0000000000000000
16 15 1.0000000000000000
17 15 1.0000000000000000
18 15 1.0000000000000000
24 15 1.0000000000000000
25 15 1.0000000000000000
26 15 1.0000000000000000
13 16 1.0000000000000000
14 16 1.0000000000000000
15 16 1.0000000000000000
16 16 6.0000000000000000
17 16 1.0000000000000000
18 16 1.0000000000000000
26 16 1.0000000000000000
15 17 1.0000000000000000
16 17 1.0000000000000000
17 17 6.0000000000000000
18 17 1.0000000000000000
19 17 1.0000000000000000
26 17 1.0000000000000000
27 17 1.0000000000000000
15 18 1.0000000000000000
16 18 1.0000000000000000
17 18 1.0000000000000000
18 18 7.0000000000000000
19 18 1.0000000000000000
20 18 1.0000000000000000
21 18 1.0000000000000000
27 18 1.0000000000000000
17 19 1.0000000000000000
18 19 1.0000000000000000
19 19 9.0000000000000000
20 19 1.0000000000000000
21 19 1.0000000000000000
26 19 1.0000000000000000
27 19 1.0000000000000000
28 19 1.0000000000000000
29 19 1.0000000000000000
30 19 1.0000000000000000
18 20 1.0000000000000000
19 20 1.0000000000000000
20 20 6.0000000000000000
21 20 1.0000000000000000
28 20 1.0000000000000000
29 20 1.0000000000000000
30 20 1.0000000000000000
18 21 1.0000000000000000
19 21 1.0000000000000000
20 21 1.0000000000000000
21 21 10.0000000000000000
28 21 1.0000000000000000
29 21 1.0000000000000000
30 21 1.0000000000000000
31 21 1.0000000000000000
32 21 1.0000000000000000
35 21 1.0000000000000000
36 21 1.0000000000000000
11 22 1.0000000000000000
12 22 1.0000000000000000
22 22 4.0000000000000000
23 22 1.0000000000000000
41 22 1.0000000000000000
11 23 1.0000000000000000
12 23 1.0000000000000000
22 23 1.0000000000000000
23 23 7.0000000000000000
24 23 1.0000000000000000
41 23 1.0000000000000000
42 23 1.0000000000000000
43 23 1.0000000000000000
12 24 1.0000000000000000
15 24 1.0000000000000000
23 24 1.0000000000000000
24 24 8.0000000000000000
25 24 1.0000000000000000
41 24 1.0000000000000000
42 24 1.0000000000000000
43 24 1.0000000000000000
44 24 1.0000000000000000
12 25 1.0000000000000000
15 25 1.0000000000000000
24 25 1.0000000000000000
25 25 6.0000000000000000
26 25 1.0000000000000000
44 25 1.0000000000000000
45 25 1.0000000000000000
15 26 1.0000000000000000
16 26 1.0000000000000000
17 26 1.0000000000000000
19 26 1.0000000000000000
25 26 1.0000000000000000
26 26 8.0000000000000000
27 26 1.0000000000000000
45 26 1.0000000000000000
46 26 1.0000000000000000
17 27 1.0000000000000000
18 27 1.0000000000000000
19 27 1.0000000000000000
26 27 1.0000000000000000
27 27 7.0000000000000000
28 27 1.0000000000000000
45 27 1.0000000000000000
46 27 1.0000000000000000
19 28 1.0000000000000000
20 28 1.0000000000000000
21 28 1.0000000000000000
27 28 1.0000000000000000
28 28 8.0000000000000000
29 28 1.0000000000000000
30 28 1.0000000000000000
46 28 1.0000000000000000
48 28 1.0000000000000000
19 29 1.0000000000000000
20 29 1.0000000000000000
21 29 1.0000000000000000
28 29 1.0000000000000000
29 29 8.0000000000000000
30 29 1.0000000000000000
46 29 1.0000000000000000
48 29 1.0000000000000000
49 29 1.0000000000000000
19 30 1.0000000000000000
20 30 1.0000000000000000
21 30 1.0000000000000000
28 30 1.0000000000000000
29 30 1.0000000000000000
30 30 8.0000000000000000
31 30 1.0000000000000000
33 30 1.0000000000000000
49 30 1.0000000000000000
21 31 1.0000000000000000
30 31 1.0000000000000000
31 31 7.0000000000000000
32 31 1.0000000000000000
33 31 1.0000000000000000
34 31 1.0000000000000000
35 31 1.0000000000000000
37 31 1.0000000000000000
21 32 1.0000000000000000
31 32 1.0000000000000000
32 32 4.0000000000000000
34 32 1.0000000000000000
35 32 1.0000000000000000
30 33 1.0000000000000000
31 33 1.0000000000000000
33 33 7.0000000000000000
34 33 1.0000000000000000
49 33 1.0000000000000000
50 33 1.0000000000000000
51 33 1.0000000000000000
52 33 1.0000000000000000
31 34 1.0000000000000000
32 34 1.0000000000000000
33 34 1.0000000000000000
34 34 9.0000000000000000
35 34 1.0000000000000000
38 34 1.0000000000000000
50 34 1.0000000000000000
52 34 1.0000000000000000
54 34 1.0000000000000000
55 34 1.0000000000000000
21 35 1.0000000000000000
31 35 1.0000000000000000
32 35 1.0000000000000000
34 35 1.0000000000000000
35 35 8.0000000000000000
36 35 1.0000000000000000
37 35 1.0000000000000000
38 35 1.0000000000000000
39 35 1.0000000000000000
21 36 1.0000000000000000
35 36 1.0000000000000000
36 36 4.0000000000000000
37 36 1.0000000000000000
39 36 1.0000000000000000
31 37 1.0000000000000000
35 37 1.0000000000000000
36 37 1.0000000000000000
37 37 4.0000000000000000
39 37 1.0000000000000000
34 38 1.0000000000000000
35 38 1.0000000000000000
38 38 6.0000000000000000
39 38 1.0000000000000000
40 38 1.0000000000000000
55 38 1.0000000000000000
56 38 1.0000000000000000
35 39 1.0000000000000000
36 39 1.0000000000000000
37 39 1.0000000000000000
38 39 1.0000000000000000
39 39 7.0000000000000000
40 39 1.0000000000000000
55 39 1.0000000000000000
56 39 1.0000000000000000
38 40 1.0000000000000000
39 40 1.0000000000000000
40 40 4.0000000000000000
56 40 1.0000000000000000
58 40 1.0000000000000000
22 41 1.0000000000000000
23 41 1.0000000000000000
24 41 1.0000000000000000
41 41 7.0000000000000000
42 41 1.0000000000000000
59 41 1.0000000000000000
60 41 1.0000000000000000
61 41 1.0000000000000000
23 42 1.0000000000000000
24 42 1.0000000000000000
41 42 1.0000000000000000
42 42 5.0000000000000000
43 42 1.0000000000000000
61 42 1.0000000000000000
23 43 1.0000000000000000
24 43 1.0000000000000000
42 43 1.0000000000000000
43 43 6.0000000000000000
44 43 1.0000000000000000
61 43 1.0000000000000000
62 43 1.0000000000000000
24 44 1.0000000000000000
25 44 1.0000000000000000
43 44 1.0000000000000000
44 44 8.0000000000000000
45 44 1.0000000000000000
47 44 1.0000000000000000
61 44 1.0000000000000000
62 44 1.0000000000000000
64 44 1.0000000000000000
25 45 1.0000000000000000
26 45 1.0000000000000000
27 45 1.0000000000000000
44 45 1.0000000000000000
45 45 7.0000000000000000
46 45 1.0000000000000000
47 45 1.0000000000000000
48 45 1.0000000000000000
26 46 1.0000000000000000
27 46 1.0000000000000000
28 46 1.0000000000000000
29 46 1.0000000000000000
45 46 1.0000000000000000
46 46 6.0000000000000000
48 46 1.0000000000000000
44 47 1.0000000000000000
45 47 1.0000000000000000
47 47 8.0000000000000000
48 47 1.0000000000000000
62 47 1.0000000000000000
63 47 1.0000000000000000
64 47 1.0000000000000000
65 47 1.0000000000000000
66 47 1.0000000000000000
28 48 1.0000000000000000
29 48 1.0000000000000000
45 48 1.0000000000000000
46 48 1.0000000000000000
47 48 1.0000000000000000
48 48 8.0000000000000000
49 48 1.0000000000000000
63 48 1.0000000000000000
66 48 1.0000000000000000
29 49 1.0000000000000000
30 49 1.0000000000000000
33 49 1.0000000000000000
48 49 1.0000000000000000
49 49 7.0000000000000000
50 49 1.0000000000000000
63 49 1.0000000000000000
66 49 1.0000000000000000
33 50 1.0000000000000000
34 50 1.0000000000000000
49 50 1.0000000000000000
50 50 8.0000000000000000
51 50 1.0000000000000000
52 50 1.0000000000000000
63 50 1.0000000000000000
66 50 1.0000000000000000
67 50 1.0000000000000000
33 51 1.0000000000000000
50 51 1.0000000000000000
51 51 6.0000000000000000
52 51 1.0000000000000000
66 51 1.0000000000000000
67 51 1.0000000000000000
72 51 1.0000000000000000
33 52 1.0000000000000000
34 52 1.0000000000000000
50 52 1.0000000000000000
51 52 1.0000000000000000
52 52 10.0000000000000000
53 52 1.0000000000000000
54 52 1.0000000000000000
68 52 1.0000000000000000
69 52 1.0000000000000000
72 52 1.0000000000000000
73 52 1.0000000000000000
52 53 1.0000000000000000
53 53 4.0000000000000000
54 53 1.0000000000000000
68 53 1.0000000000000000
69 53 1.0000000000000000
34 54 1.0000000000000000
52 54 1.0000000000000000
53 54 1.0000000000000000
54 54 7.0000000000000000
55 54 1.0000000000000000
68 54 1.0000000000000000
69 54 1.0000000000000000
70 54 1.0000000000000000
34 55 1.0000000000000000
38 55 1.0000000000000000
39 55 1.0000000000000000
54 55 1.0000000000000000
55 55 9.0000000000000000
56 55 1.0000000000000000
57 55 1.0000000000000000
68 55 1.0000000000000000
69 55 1.0000000000000000
70 55 1.0000000000000000
38 56 1.0000000000000000
39 56 1.0000000000000000
40 56 1.0000000000000000
55 56 1.0000000000000000
56 56 6.0000000000000000
57 56 1.0000000000000000
58 56 1.0000000000000000
55 57 1.0000000000000000
56 57 1.0000000000000000
57 57 7.0000000000000000
58 57 1.0000000000000000
70 57 1.0000000000000000
71 57 1.0000000000000000
75 57 1.0000000000000000
76 57 1.0000000000000000
40 58 1.0000000000000000
56 58 1.0000000000000000
57 58 1.0000000000000000
58 58 7.0000000000000000
70 58 1.0000000000000000
71 58 1.0000000000000000
75 58 1.0000000000000000
76 58 1.0000000000000000
41 59 1.0000000000000000
59 59 3.0000000000000000
60 59 1.0000000000000000
81 59 1.0000000000000000
41 60 1.0000000000000000
59 60 1.0000000000000000
60 60 6.0000000000000000
61 60 1.0000000000000000
81 60 1.0000000000000000
82 60 1.0000000000000000
83 60 1.0000000000000000
41 61 1.0000000000000000
42 61 1.0000000000000000
43 61 1.0000000000000000
44 61 1.0000000000000000
60 61 1.0000000000000000
61 61 8.0000000000000000
62 61 1.0000000000000000
83 61 1.0000000000000000
84 61 1.0000000000000000
43 62 1.0000000000000000
44 62 1.0000000000000000
47 62 1.0000000000000000
61 62 1.0000000000000000
62 62 8.0000000000000000
64 62 1.0000000000000000
83 62 1.0000000000000000
84 62 1.0000000000000000
85 62 1.0000000000000000
47 63 1.0000000000000000
48 63 1.0000000000000000
49 63 1.0000000000000000
50 63 1.0000000000000000
63 63 6.0000000000000000
65 63 1.0000000000000000
66 63 1.0000000000000000
44 64 1.0000000000000000
47 64 1.0000000000000000
62 64 1.0000000000000000
64 64 9.0000000000000000
65 64 1.0000000000000000
84 64 1.0000000000000000
85 64 1.0000000000000000
86 64 1.0000000000000000
87 64 1.0000000000000000
88 64 1.0000000000000000
47 65 1.0000000000000000
63 65 1.0000000000000000
64 65 1.0000000000000000
65 65 5.0000000000000000
66 65 1.0000000000000000
87 65 1.0000000000000000
47 66 1.0000000000000000
48 66 1.0000000000000000
49 66 1.0000000000000000
50 66 1.0000000000000000
51 66 1.0000000000000000
63 66 1.0000000000000000
65 66 1.0000000000000000
66 66 10.0000000000000000
67 66 1.0000000000000000
87 66 1.0000000000000000
88 66 1.0000000000000000
50 67 1.0000000000000000
51 67 1.0000000000000000
66 67 1.0000000000000000
67 67 5.0000000000000000
72 67 1.0000000000000000
88 67 1.0000000000000000
52 68 1.0000000000000000
53 68 1.0000000000000000
54 68 1.0000000000000000
55 68 1.0000000000000000
68 68 8.0000000000000000
69 68 1.0000000000000000
70 68 1.0000000000000000
71 68 1.0000000000000000
74 68 1.0000000000000000
52 69 1.0000000000000000
53 69 1.0000000000000000
54 69 1.0000000000000000
55 69 1.0000000000000000
68 69 1.0000000000000000
69 69 9.0000000000000000
72 69 1.0000000000000000
73 69 1.0000000000000000
74 69 1.0000000000000000
92 69 1.0000000000000000
54 70 1.0000000000000000
55 70 1.0000000000000000
57 70 1.0000000000000000
58 70 1.0000000000000000
68 70 1.0000000000000000
70 70 6.0000000000000000
71 70 1.0000000000000000
57 71 1.0000000000000000
58 71 1.0000000000000000
68 71 1.0000000000000000
70 71 1.0000000000000000
71 71 7.0000000000000000
74 71 1.0000000000000000
75 71 1.0000000000000000
90 71 1.0000000000000000
51 72 1.0000000000000000
52 72 1.0000000000000000
67 72 1.0000000000000000
69 72 1.0000000000000000
72 72 8.0000000000000000
88 72 1.0000000000000000
92 72 1.0000000000000000
93 72 1.0000000000000000
94 72 1.0000000000000000
52 73 1.0000000000000000
69 73 1.0000000000000000
73 73 6.0000000000000000
74 73 1.0000000000000000
89 73 1.0000000000000000
90 73 1.0000000000000000
92 73 1.0000000000000000
68 74 1.0000000000000000
69 74 1.0000000000000000
71 74 1.0000000000000000
73 74 1.0000000000000000
74 74 6.0000000000000000
89 74 1.0000000000000000
90 74 1.0000000000000000
57 75 1.0000000000000000
58 75 1.0000000000000000
71 75 1.0000000000000000
75 75 6.0000000000000000
76 75 1.0000000000000000
90 75 1.0000000000000000
91 75 1.0000000000000000
57 76 1.0000000000000000
58 76 1.0000000000000000
75 76 1.0000000000000000
76 76 6.0000000000000000
77 76 1.0000000000000000
78 76 1.0000000000000000
91 76 1.0000000000000000
76 77 1.0000000000000000
77 77 6.0000000000000000
78 77 1.0000000000000000
79 77 1.0000000000000000
91 77 1.0000000000000000
95 77 1.0000000000000000
96 77 1.0000000000000000
76 78 1.0000000000000000
77 78 1.0000000000000000
78 78 3.0000000000000000
79 78 1.0000000000000000
77 79 1.0000000000000000
78 79 1.0000000000000000
79 79 5.0000000000000000
80 79 1.0000000000000000
96 79 1.0000000000000000
97 79 1.0000000000000000
79 80 1.0000000000000000
80 80 3.0000000000000000
97 80 1.0000000000000000
98 80 1.0000000000000000
59 81 1.0000000000000000
60 81 1.0000000000000000
81 81 4.0000000000000000
82 81 1.0000000000000000
104 81 1.0000000000000000
60 82 1.0000000000000000
81 82 1.0000000000000000
82 82 5.0000000000000000
83 82 1.0000000000000000
99 82 1.0000000000000000
104 82 1.0000000000000000
60 83 1.0000000000000000
61 83 1.0000000000000000
62 83 1.0000000000000000
82 83 1.0000000000000000
83 83 6.0000000000000000
84 83 1.0000000000000000
99 83 1.0000000000000000
61 84 1.0000000000000000
62 84 1.0000000000000000
64 84 1.0000000000000000
83 84 1.0000000000000000
84 84 9.0000000000000000
85 84 1.0000000000000000
99 84 1.0000000000000000
100 84 1.0000000000000000
102 84 1.0000000000000000
103 84 1.0000000000000000
62 85 1.0000000000000000
64 85 1.0000000000000000
84 85 1.0000000000000000
85 85 9.0000000000000000
86 85 1.0000000000000000
87 85 1.0000000000000000
100 85 1.0000000000000000
105 85 1.0000000000000000
107 85 1.0000000000000000
108 85 1.0000000000000000
64 86 1.0000000000000000
85 86 1.0000000000000000
86 86 9.0000000000000000
87 86 1.0000000000000000
88 86 1.0000000000000000
105 86 1.0000000000000000
106 86 1.0000000000000000
107 86 1.0000000000000000
108 86 1.0000000000000000
109 86 1.0000000000000000
64 87 1.0000000000000000
65 87 1.0000000000000000
66 87 1.0000000000000000
85 87 1.0000000000000000
86 87 1.0000000000000000
87 87 7.0000000000000000
88 87 1.0000000000000000
106 87 1.0000000000000000
64 88 1.0000000000000000
66 88 1.0000000000000000
67 88 1.0000000000000000
72 88 1.0000000000000000
86 88 1.0000000000000000
87 88 1.0000000000000000
88 88 9.0000000000000000
93 88 1.0000000000000000
106 88 1.0000000000000000
109 88 1.0000000000000000
73 89 1.0000000000000000
74 89 1.0000000000000000
89 89 6.0000000000000000
90 89 1.0000000000000000
92 89 1.0000000000000000
110 89 1.0000000000000000
111 89 1.0000000000000000
71 90 1.0000000000000000
73 90 1.0000000000000000
74 90 1.0000000000000000
75 90 1.0000000000000000
89 90 1.0000000000000000
90 90 8.0000000000000000
91 90 1.0000000000000000
95 90 1.0000000000000000
111 90 1.0000000000000000
75 91 1.0000000000000000
76 91 1.0000000000000000
77 91 1.0000000000000000
90 91 1.0000000000000000
91 91 5.0000000000000000
95 91 1.0000000000000000
69 92 1.0000000000000000
72 92 1.0000000000000000
73 92 1.0000000000000000
89 92 1.0000000000000000
92 92 9.0000000000000000
94 92 1.0000000000000000
110 92 1.0000000000000000
112 92 1.0000000000000000
113 92 1.0000000000000000
114 92 1.0000000000000000
72 93 1.0000000000000000
88 93 1.0000000000000000
93 93 7.0000000000000000
94 93 1.0000000000000000
106 93 1.0000000000000000
112 93 1.0000000000000000
115 93 1.0000000000000000
116 93 1.0000000000000000
72 94 1.0000000000000000
92 94 1.0000000000000000
93 94 1.0000000000000000
94 94 6.0000000000000000
112 94 1.0000000000000000
113 94 1.0000000000000000
114 94 1.0000000000000000
77 95 1.0000000000000000
90 95 1.0000000000000000
91 95 1.0000000000000000
95 95 7.0000000000000000
96 95 1.0000000000000000
111 95 1.0000000000000000
117 95 1.0000000000000000
118 95 1.0000000000000000
77 96 1.0000000000000000
79 96 1.0000000000000000
95 96 1.0000000000000000
96 96 7.0000000000000000
97 96 1.0000000000000000
118 96 1.0000000000000000
119 96 1.0000000000000000
120 96 1.0000000000000000
79 97 1.0000000000000000
80 97 1.0000000000000000
96 97 1.0000000000000000
97 97 6.0000000000000000
98 97 1.0000000000000000
120 97 1.0000000000000000
121 97 1.0000000000000000
80 98 1.0000000000000000
97 98 1.0000000000000000
98 98 4.0000000000000000
121 98 1.0000000000000000
122 98 1.0000000000000000
82 99 1.0000000000000000
83 99 1.0000000000000000
84 99 1.0000000000000000
99 99 7.0000000000000000
100 99 1.0000000000000000
101 99 1.0000000000000000
102 99 1.0000000000000000
104 99 1.0000000000000000
84 100 1.0000000000000000
85 100 1.0000000000000000
99 100 1.0000000000000000
100 100 6.0000000000000000
103 100 1.0000000000000000
105 100 1.0000000000000000
107 100 1.0000000000000000
99 101 1.0000000000000000
101 101 6.0000000000000000
102 101 1.0000000000000000
104 101 1.0000000000000000
123 101 1.0000000000000000
124 101 1.0000000000000000
125 101 1.0000000000000000
84 102 1.0000000000000000
99 102 1.0000000000000000
101 102 1.0000000000000000
102 102 5.0000000000000000
103 102 1.0000000000000000
125 102 1.0000000000000000
84 103 1.0000000000000000
100 103 1.0000000000000000
102 103 1.0000000000000000
103 103 8.0000000000000000
105 103 1.0000000000000000
107 103 1.0000000000000000
125 103 1.0000000000000000
126 103 1.0000000000000000
127 103 1.0000000000000000
81 104 1.0000000000000000
82 104 1.0000000000000000
99 104 1.0000000000000000
101 104 1.0000000000000000
104 104 6.0000000000000000
123 104 1.0000000000000000
128 104 1.0000000000000000
85 105 1.0000000000000000
86 105 1.0000000000000000
100 105 1.0000000000000000
103 105 1.0000000000000000
105 105 8.0000000000000000
107 105 1.0000000000000000
108 105 1.0000000000000000
127 105 1.0000000000000000
129 105 1.0000000000000000
86 106 1.0000000000000000
87 106 1.0000000000000000
88 106 1.0000000000000000
93 106 1.0000000000000000
106 106 7.0000000000000000
109 106 1.0000000000000000
115 106 1.0000000000000000
116 106 1.0000000000000000
85 107 1.0000000000000000
86 107 1.0000000000000000
100 107 1.0000000000000000
103 107 1.0000000000000000
105 107 1.0000000000000000
107 107 10.0000000000000000
108 107 1.0000000000000000
126 107 1.0000000000000000
127 107 1.0000000000000000
129 107 1.0000000000000000
130 107 1.0000000000000000
85 108 1.0000000000000000
86 108 1.0000000000000000
105 108 1.0000000000000000
107 108 1.0000000000000000
108 108 6.0000000000000000
109 108 1.0000000000000000
129 108 1.0000000000000000
86 109 1.0000000000000000
88 109 1.0000000000000000
106 109 1.0000000000000000
108 109 1.0000000000000000
109 109 8.0000000000000000
115 109 1.0000000000000000
129 109 1.0000000000000000
131 109 1.0000000000000000
132 109 1.0000000000000000
89 110 1.0000000000000000
92 110 1.0000000000000000
110 110 5.0000000000000000
111 110 1.0000000000000000
113 110 1.0000000000000000
114 110 1.0000000000000000
89 111 1.0000000000000000
90 111 1.0000000000000000
95 111 1.0000000000000000
110 111 1.0000000000000000
111 111 8.0000000000000000
114 111 1.0000000000000000
117 111 1.0000000000000000
118 111 1.0000000000000000
119 111 1.0000000000000000
92 112 1.0000000000000000
93 112 1.0000000000000000
94 112 1.0000000000000000
112 112 7.0000000000000000
113 112 1.0000000000000000
114 112 1.0000000000000000
116 112 1.0000000000000000
133 112 1.0000000000000000
92 113 1.0000000000000000
94 113 1.0000000000000000
110 113 1.0000000000000000
112 113 1.0000000000000000
113 113 7.0000000000000000
114 113 1.0000000000000000
133 113 1.0000000000000000
134 113 1.0000000000000000
92 114 1.0000000000000000
94 114 1.0000000000000000
110 114 1.0000000000000000
111 114 1.0000000000000000
112 114 1.0000000000000000
113 114 1.0000000000000000
114 114 12.0000000000000000
117 114 1.0000000000000000
133 114 1.0000000000000000
134 114 1.0000000000000000
135 114 1.0000000000000000
136 114 1.0000000000000000
137 114 1.0000000000000000
93 115 1.0000000000000000
106 115 1.0000000000000000
109 115 1.0000000000000000
115 115 7.0000000000000000
116 115 1.0000000000000000
132 115 1.0000000000000000
133 115 1.0000000000000000
138 115 1.0000000000000000
93 116 1.0000000000000000
106 116 1.0000000000000000
112 116 1.0000000000000000
115 116 1.0000000000000000
116 116 5.0000000000000000
133 116 1.0000000000000000
95 117 1.0000000000000000
111 117 1.0000000000000000
114 117 1.0000000000000000
117 117 7.0000000000000000
118 117 1.0000000000000000
119 117 1.0000000000000000
137 117 1.0000000000000000
139 117 1.0000000000000000
95 118 1.0000000000000000
96 118 1.0000000000000000
111 118 1.0000000000000000
117 118 1.0000000000000000
118 118 6.0000000000000000
119 118 1.0000000000000000
137 118 1.0000000000000000
96 119 1.0000000000000000
111 119 1.0000000000000000
117 119 1.0000000000000000
118 119 1.0000000000000000
119 119 7.0000000000000000
120 119 1.0000000000000000
137 119 1.0000000000000000
139 119 1.0000000000000000
96 120 1.0000000000000000
97 120 1.0000000000000000
119 120 1.0000000000000000
120 120 6.0000000000000000
121 120 1.0000000000000000
137 120 1.0000000000000000
139 120 1.0000000000000000
97 121 1.0000000000000000
98 121 1.0000000000000000
120 121 1.0000000000000000
121 121 7.0000000000000000
122 121 1.0000000000000000
139 121 1.0000000000000000
140 121 1.0000000000000000
141 121 1.0000000000000000
98 122 1.0000000000000000
121 122 1.0000000000000000
122 122 4.0000000000000000
140 122 1.0000000000000000
141 122 1.0000000000000000
101 123 1.0000000000000000
104 123 1.0000000000000000
123 123 6.0000000000000000
124 123 1.0000000000000000
125 123 1.0000000000000000
128 123 1.0000000000000000
142 123 1.0000000000000000
101 124 1.0000000000000000
123 124 1.0000000000000000
124 124 7.0000000000000000
125 124 1.0000000000000000
126 124 1.0000000000000000
128 124 1.0000000000000000
142 124 1.0000000000000000
143 124 1.0000000000000000
101 125 1.0000000000000000
102 125 1.0000000000000000
103 125 1.0000000000000000
123 125 1.0000000000000000
124 125 1.0000000000000000
125 125 7.0000000000000000
126 125 1.0000000000000000
143 125 1.0000000000000000
103 126 1.0000000000000000
107 126 1.0000000000000000
124 126 1.0000000000000000
125 126 1.0000000000000000
126 126 8.0000000000000000
127 126 1.0000000000000000
143 126 1.0000000000000000
144 126 1.0000000000000000
148 126 1.0000000000000000
103 127 1.0000000000000000
105 127 1.0000000000000000
107 127 1.0000000000000000
126 127 1.0000000000000000
127 127 9.0000000000000000
130 127 1.0000000000000000
144 127 1.0000000000000000
148 127 1.0000000000000000
149 127 1.0000000000000000
150 127 1.0000000000000000
104 128 1.0000000000000000
123 128 1.0000000000000000
124 128 1.0000000000000000
128 128 7.0000000000000000
142 128 1.0000000000000000
145 128 1.0000000000000000
146 128 1.0000000000000000
147 128 1.0000000000000000
105 129 1.0000000000000000
107 129 1.0000000000000000
108 129 1.0000000000000000
109 129 1.0000000000000000
129 129 6.0000000000000000
130 129 1.0000000000000000
131 129 1.0000000000000000
107 130 1.0000000000000000
127 130 1.0000000000000000
129 130 1.0000000000000000
130 130 7.0000000000000000
131 130 1.0000000000000000
149 130 1.0000000000000000
151 130 1.0000000000000000
152 130 1.0000000000000000
109 131 1.0000000000000000
129 131 1.0000000000000000
130 131 1.0000000000000000
131 131 5.0000000000000000
132 131 1.0000000000000000
152 131 1.0000000000000000
109 132 1.0000000000000000
115 132 1.0000000000000000
131 132 1.0000000000000000
132 132 6.0000000000000000
138 132 1.0000000000000000
152 132 1.0000000000000000
153 132 1.0000000000000000
112 133 1.0000000000000000
113 133 1.0000000000000000
114 133 1.0000000000000000
115 133 1.0000000000000000
116 133 1.0000000000000000
133 133 9.0000000000000000
134 133 1.0000000000000000
135 133 1.0000000000000000
138 133 1.0000000000000000
154 133 1.0000000000000000
113 134 1.0000000000000000
114 134 1.0000000000000000
133 134 1.0000000000000000
134 134 6.0000000000000000
135 134 1.0000000000000000
136 134 1.0000000000000000
154 134 1.0000000000000000
114 135 1.0000000000000000
133 135 1.0000000000000000
134 135 1.0000000000000000
135 135 8.0000000000000000
136 135 1.0000000000000000
154 135 1.0000000000000000
156 135 1.0000000000000000
157 135 1.0000000000000000
158 135 1.0000000000000000
114 136 1.0000000000000000
134 136 1.0000000000000000
135 136 1.0000000000000000
136 136 5.0000000000000000
137 136 1.0000000000000000
156 136 1.0000000000000000
114 137 1.0000000000000000
117 137 1.0000000000000000
118 137 1.0000000000000000
119 137 1.0000000000000000
120 137 1.0000000000000000
136 137 1.0000000000000000
137 137 9.0000000000000000
139 137 1.0000000000000000
155 137 1.0000000000000000
156 137 1.0000000000000000
115 138 1.0000000000000000
132 138 1.0000000000000000
133 138 1.0000000000000000
138 138 6.0000000000000000
153 138 1.0000000000000000
154 138 1.0000000000000000
160 138 1.0000000000000000
117 139 1.0000000000000000
119 139 1.0000000000000000
120 139 1.0000000000000000
121 139 1.0000000000000000
137 139 1.0000000000000000
139 139 7.0000000000000000
141 139 1.0000000000000000
155 139 1.0000000000000000
121 140 1.0000000000000000
122 140 1.0000000000000000
140 140 3.0000000000000000
141 140 1.0000000000000000
121 141 1.0000000000000000
122 141 1.0000000000000000
139 141 1.0000000000000000
140 141 1.0000000000000000
141 141 7.0000000000000000
155 141 1.0000000000000000
156 141 1.0000000000000000
157 141 1.0000000000000000
123 142 1.0000000000000000
124 142 1.0000000000000000
128 142 1.0000000000000000
142 142 8.0000000000000000
143 142 1.0000000000000000
144 142 1.0000000000000000
146 142 1.0000000000000000
147 142 1.0000000000000000
162 142 1.0000000000000000
124 143 1.0000000000000000
125 143 1.0000000000000000
126 143 1.0000000000000000
142 143 1.0000000000000000
143 143 9.0000000000000000
144 143 1.0000000000000000
146 143 1.0000000000000000
147 143 1.0000000000000000
161 143 1.0000000000000000
162 143 1.0000000000000000
126 144 1.0000000000000000
127 144 1.0000000000000000
142 144 1.0000000000000000
143 144 1.0000000000000000
144 144 8.0000000000000000
147 144 1.0000000000000000
148 144 1.0000000000000000
161 144 1.0000000000000000
162 144 1.0000000000000000
128 145 1.0000000000000000
145 145 6.0000000000000000
146 145 1.0000000000000000
163 145 1.0000000000000000
164 145 1.0000000000000000
165 145 1.0000000000000000
166 145 1.0000000000000000
128 146 1.0000000000000000
142 146 1.0000000000000000
143 146 1.0000000000000000
145 146 1.0000000000000000
146 146 11.0000000000000000
147 146 1.0000000000000000
161 146 1.0000000000000000
162 146 1.0000000000000000
163 146 1.0000000000000000
165 146 1.0000000000000000
166 146 1.0000000000000000
167 146 1.0000000000000000
128 147 1.0000000000000000
142 147 1.0000000000000000
143 147 1.0000000000000000
144 147 1.0000000000000000
146 147 1.0000000000000000
147 147 10.0000000000000000
161 147 1.0000000000000000
162 147 1.0000000000000000
166 147 1.0000000000000000
167 147 1.0000000000000000
168 147 1.0000000000000000
126 148 1.0000000000000000
127 148 1.0000000000000000
144 148 1.0000000000000000
148 148 9.0000000000000000
149 148 1.0000000000000000
150 148 1.0000000000000000
161 148 1.0000000000000000
162 148 1.0000000000000000
169 148 1.0000000000000000
170 148 1.0000000000000000
127 149 1.0000000000000000
130 149 1.0000000000000000
148 149 1.0000000000000000
149 149 6.0000000000000000
150 149 1.0000000000000000
151 149 1.0000000000000000
170 149 1.0000000000000000
127 150 1.0000000000000000
148 150 1.0000000000000000
149 150 1.0000000000000000
150 150 6.0000000000000000
151 150 1.0000000000000000
170 150 1.0000000000000000
171 150 1.0000000000000000
130 151 1.0000000000000000
149 151 1.0000000000000000
150 151 1.0000000000000000
151 151 7.0000000000000000
152 151 1.0000000000000000
171 151 1.0000000000000000
172 151 1.0000000000000000
173 151 1.0000000000000000
130 152 1.0000000000000000
131 152 1.0000000000000000
132 152 1.0000000000000000
151 152 1.0000000000000000
152 152 6.0000000000000000
153 152 1.0000000000000000
173 152 1.0000000000000000
132 153 1.0000000000000000
138 153 1.0000000000000000
152 153 1.0000000000000000
153 153 7.0000000000000000
154 153 1.0000000000000000
160 153 1.0000000000000000
173 153 1.0000000000000000
174 153 1.0000000000000000
133 154 1.0000000000000000
134 154 1.0000000000000000
135 154 1.0000000000000000
138 154 1.0000000000000000
153 154 1.0000000000000000
154 154 10.0000000000000000
157 154 1.0000000000000000
158 154 1.0000000000000000
159 154 1.0000000000000000
160 154 1.0000000000000000
174 154 1.0000000000000000
137 155 1.0000000000000000
139 155 1.0000000000000000
141 155 1.0000000000000000
155 155 4.0000000000000000
156 155 1.0000000000000000
135 156 1.0000000000000000
136 156 1.0000000000000000
137 156 1.0000000000000000
141 156 1.0000000000000000
155 156 1.0000000000000000
156 156 6.0000000000000000
157 156 1.0000000000000000
135 157 1.0000000000000000
141 157 1.0000000000000000
154 157 1.0000000000000000
156 157 1.0000000000000000
157 157 5.0000000000000000
158 157 1.0000000000000000
135 158 1.0000000000000000
154 158 1.0000000000000000
157 158 1.0000000000000000
158 158 4.0000000000000000
159 158 1.0000000000000000
154 159 1.0000000000000000
158 159 1.0000000000000000
159 159 3.0000000000000000
160 159 1.0000000000000000
138 160 1.0000000000000000
153 160 1.0000000000000000
154 160 1.0000000000000000
159 160 1.0000000000000000
160 160 5.0000000000000000
174 160 1.0000000000000000
143 161 1.0000000000000000
144 161 1.0000000000000000
146 161 1.0000000000000000
147 161 1.0000000000000000
148 161 1.0000000000000000
161 161 6.0000000000000000
162 161 1.0000000000000000
142 162 1.0000000000000000
143 162 1.0000000000000000
144 162 1.0000000000000000
146 162 1.0000000000000000
147 162 1.0000000000000000
148 162 1.0000000000000000
161 162 1.0000000000000000
162 162 12.0000000000000000
168 162 1.0000000000000000
169 162 1.0000000000000000
179 162 1.0000000000000000
180 162 1.0000000000000000
181 162 1.0000000000000000
145 163 1.0000000000000000
146 163 1.0000000000000000
163 163 6.0000000000000000
164 163 1.0000000000000000
165 163 1.0000000000000000
166 163 1.0000000000000000
182 163 1.0000000000000000
145 164 1.0000000000000000
163 164 1.0000000000000000
164 164 5.0000000000000000
165 164 1.0000000000000000
182 164 1.0000000000000000
183 164 1.0000000000000000
145 165 1.0000000000000000
146 165 1.0000000000000000
163 165 1.0000000000000000
164 165 1.0000000000000000
165 165 13.0000000000000000
166 165 1.0000000000000000
167 165 1.0000000000000000
182 165 1.0000000000000000
183 165 1.0000000000000000
184 165 1.0000000000000000
185 165 1.0000000000000000
186 165 1.0000000000000000
187 165 1.0000000000000000
188 165 1.0000000000000000
145 166 1.0000000000000000
146 166 1.0000000000000000
147 166 1.0000000000000000
163 166 1.0000000000000000
165 166 1.0000000000000000
166 166 8.0000000000000000
167 166 1.0000000000000000
186 166 1.0000000000000000
187 166 1.0000000000000000
146 167 1.0000000000000000
147 167 1.0000000000000000
165 167 1.0000000000000000
166 167 1.0000000000000000
167 167 8.0000000000000000
168 167 1.0000000000000000
186 167 1.0000000000000000
187 167 1.0000000000000000
188 167 1.0000000000000000
147 168 1.0000000000000000
162 168 1.0000000000000000
167 168 1.0000000000000000
168 168 6.0000000000000000
179 168 1.0000000000000000
188 168 1.0000000000000000
189 168 1.0000000000000000
148 169 1.0000000000000000
162 169 1.0000000000000000
169 169 6.0000000000000000
170 169 1.0000000000000000
180 169 1.0000000000000000
181 169 1.0000000000000000
191 169 1.0000000000000000
148 170 1.0000000000000000
149 170 1.0000000000000000
150 170 1.0000000000000000
169 170 1.0000000000000000
170 170 7.0000000000000000
171 170 1.0000000000000000
181 170 1.0000000000000000
191 170 1.0000000000000000
150 171 1.0000000000000000
151 171 1.0000000000000000
170 171 1.0000000000000000
171 171 5.0000000000000000
172 171 1.0000000000000000
191 171 1.0000000000000000
151 172 1.0000000000000000
171 172 1.0000000000000000
172 172 8.0000000000000000
173 172 1.0000000000000000
175 172 1.0000000000000000
177 172 1.0000000000000000
191 172 1.0000000000000000
193 172 1.0000000000000000
194 172 1.0000000000000000
151 173 1.0000000000000000
152 173 1.0000000000000000
153 173 1.0000000000000000
172 173 1.0000000000000000
173 173 6.0000000000000000
174 173 1.0000000000000000
175 173 1.0000000000000000
153 174 1.0000000000000000
154 174 1.0000000000000000
160 174 1.0000000000000000
173 174 1.0000000000000000
174 174 6.0000000000000000
175 174 1.0000000000000000
176 174 1.0000000000000000
172 175 1.0000000000000000
173 175 1.0000000000000000
174 175 1.0000000000000000
175 175 6.0000000000000000
176 175 1.0000000000000000
177 175 1.0000000000000000
178 175 1.0000000000000000
174 176 1.0000000000000000
175 176 1.0000000000000000
176 176 4.0000000000000000
177 176 1.0000000000000000
178 176 1.0000000000000000
172 177 1.0000000000000000
175 177 1.0000000000000000
176 177 1.0000000000000000
177 177 7.0000000000000000
178 177 1.0000000000000000
193 177 1.0000000000000000
194 177 1.0000000000000000
195 177 1.0000000000000000
175 178 1.0000000000000000
176 178 1.0000000000000000
177 178 1.0000000000000000
178 178 4.0000000000000000
195 178 1.0000000000000000
162 179 1.0000000000000000
168 179 1.0000000000000000
179 179 7.0000000000000000
180 179 1.0000000000000000
189 179 1.0000000000000000
190 179 1.0000000000000000
200 179 1.0000000000000000
201 179 1.0000000000000000
162 180 1.0000000000000000
169 180 1.0000000000000000
179 180 1.0000000000000000
180 180 6.0000000000000000
181 180 1.0000000000000000
190 180 1.0000000000000000
192 180 1.0000000000000000
162 181 1.0000000000000000
169 181 1.0000000000000000
170 181 1.0000000000000000
180 181 1.0000000000000000
181 181 6.0000000000000000
191 181 1.0000000000000000
192 181 1.0000000000000000
163 182 1.0000000000000000
164 182 1.0000000000000000
165 182 1.0000000000000000
182 182 6.0000000000000000
183 182 1.0000000000000000
202 182 1.0000000000000000
203 182 1.0000000000000000
164 183 1.0000000000000000
165 183 1.0000000000000000
182 183 1.0000000000000000
183 183 12.0000000000000000
184 183 1.0000000000000000
185 183 1.0000000000000000
186 183 1.0000000000000000
187 183 1.0000000000000000
202 183 1.0000000000000000
203 183 1.0000000000000000
204 183 1.0000000000000000
205 183 1.0000000000000000
206 183 1.0000000000000000
165 184 1.0000000000000000
183 184 1.0000000000000000
184 184 7.0000000000000000
185 184 1.0000000000000000
186 184 1.0000000000000000
187 184 1.0000000000000000
206 184 1.0000000000000000
207 184 1.0000000000000000
165 185 1.0000000000000000
183 185 1.0000000000000000
184 185 1.0000000000000000
185 185 10.0000000000000000
186 185 1.0000000000000000
187 185 1.0000000000000000
204 185 1.0000000000000000
205 185 1.0000000000000000
206 185 1.0000000000000000
208 185 1.0000000000000000
209 185 1.0000000000000000
165 186 1.0000000000000000
166 186 1.0000000000000000
167 186 1.0000000000000000
183 186 1.0000000000000000
184 186 1.0000000000000000
185 186 1.0000000000000000
186 186 9.0000000000000000
187 186 1.0000000000000000
188 186 1.0000000000000000
206 186 1.0000000000000000
165 187 1.0000000000000000
166 187 1.0000000000000000
167 187 1.0000000000000000
183 187 1.0000000000000000
184 187 1.0000000000000000
185 187 1.0000000000000000
186 187 1.0000000000000000
187 187 11.0000000000000000
188 187 1.0000000000000000
189 187 1.0000000000000000
207 187 1.0000000000000000
210 187 1.0000000000000000
165 188 1.0000000000000000
167 188 1.0000000000000000
168 188 1.0000000000000000
186 188 1.0000000000000000
187 188 1.0000000000000000
188 188 7.0000000000000000
189 188 1.0000000000000000
207 188 1.0000000000000000
168 189 1.0000000000000000
179 189 1.0000000000000000
187 189 1.0000000000000000
188 189 1.0000000000000000
189 189 10.0000000000000000
190 189 1.0000000000000000
200 189 1.0000000000000000
201 189 1.0000000000000000
207 189 1.0000000000000000
210 189 1.0000000000000000
211 189 1.0000000000000000
179 190 1.0000000000000000
180 190 1.0000000000000000
189 190 1.0000000000000000
190 190 7.0000000000000000
192 190 1.0000000000000000
198 190 1.0000000000000000
201 190 1.0000000000000000
212 190 1.0000000000000000
169 191 1.0000000000000000
170 191 1.0000000000000000
171 191 1.0000000000000000
172 191 1.0000000000000000
181 191 1.0000000000000000
191 191 7.0000000000000000
192 191 1.0000000000000000
193 191 1.0000000000000000
180 192 1.0000000000000000
181 192 1.0000000000000000
190 192 1.0000000000000000
191 192 1.0000000000000000
192 192 7.0000000000000000
193 192 1.0000000000000000
196 192 1.0000000000000000
198 192 1.0000000000000000
172 193 1.0000000000000000
177 193 1.0000000000000000
191 193 1.0000000000000000
192 193 1.0000000000000000
193 193 9.0000000000000000
194 193 1.0000000000000000
196 193 1.0000000000000000
197 193 1.0000000000000000
198 193 1.0000000000000000
199 193 1.0000000000000000
172 194 1.0000000000000000
177 194 1.0000000000000000
193 194 1.0000000000000000
194 194 5.0000000000000000
195 194 1.0000000000000000
197 194 1.0000000000000000
177 195 1.0000000000000000
178 195 1.0000000000000000
194 195 1.0000000000000000
195 195 4.0000000000000000
197 195 1.0000000000000000
192 196 1.0000000000000000
193 196 1.0000000000000000
196 196 5.0000000000000000
197 196 1.0000000000000000
198 196 1.0000000000000000
199 196 1.0000000000000000
193 197 1.0000000000000000
194 197 1.0000000000000000
195 197 1.0000000000000000
196 197 1.0000000000000000
197 197 5.0000000000000000
199 197 1.0000000000000000
190 198 1.0000000000000000
192 198 1.0000000000000000
193 198 1.0000000000000000
196 198 1.0000000000000000
198 198 6.0000000000000000
199 198 1.0000000000000000
212 198 1.0000000000000000
193 199 1.0000000000000000
196 199 1.0000000000000000
197 199 1.0000000000000000
198 199 1.0000000000000000
199 199 5.0000000000000000
212 199 1.0000000000000000
179 200 1.0000000000000000
189 200 1.0000000000000000
200 200 7.0000000000000000
201 200 1.0000000000000000
211 200 1.0000000000000000
213 200 1.0000000000000000
214 200 1.0000000000000000
223 200 1.0000000000000000
179 201 1.0000000000000000
189 201 1.0000000000000000
190 201 1.0000000000000000
200 201 1.0000000000000000
201 201 6.0000000000000000
212 201 1.0000000000000000
214 201 1.0000000000000000
182 202 1.0000000000000000
183 202 1.0000000000000000
202 202 3.0000000000000000
203 202 1.0000000000000000
182 203 1.0000000000000000
183 203 1.0000000000000000
202 203 1.0000000000000000
203 203 7.0000000000000000
204 203 1.0000000000000000
205 203 1.0000000000000000
215 203 1.0000000000000000
216 203 1.0000000000000000
183 204 1.0000000000000000
185 204 1.0000000000000000
203 204 1.0000000000000000
204 204 7.0000000000000000
205 204 1.0000000000000000
215 204 1.0000000000000000
216 204 1.0000000000000000
217 204 1.0000000000000000
183 205 1.0000000000000000
185 205 1.0000000000000000
203 205 1.0000000000000000
204 205 1.0000000000000000
205 205 7.0000000000000000
208 205 1.0000000000000000
217 205 1.0000000000000000
218 205 1.0000000000000000
183 206 1.0000000000000000
184 206 1.0000000000000000
185 206 1.0000000000000000
186 206 1.0000000000000000
206 206 8.0000000000000000
207 206 1.0000000000000000
208 206 1.0000000000000000
209 206 1.0000000000000000
210 206 1.0000000000000000
184 207 1.0000000000000000
187 207 1.0000000000000000
188 207 1.0000000000000000
189 207 1.0000000000000000
206 207 1.0000000000000000
207 207 8.0000000000000000
209 207 1.0000000000000000
210 207 1.0000000000000000
211 207 1.0000000000000000
185 208 1.0000000000000000
205 208 1.0000000000000000
206 208 1.0000000000000000
208 208 7.0000000000000000
209 208 1.0000000000000000
218 208 1.0000000000000000
219 208 1.0000000000000000
220 208 1.0000000000000000
185 209 1.0000000000000000
206 209 1.0000000000000000
207 209 1.0000000000000000
208 209 1.0000000000000000
209 209 8.0000000000000000
210 209 1.0000000000000000
220 209 1.0000000000000000
221 209 1.0000000000000000
230 209 1.0000000000000000
187 210 1.0000000000000000
189 210 1.0000000000000000
206 210 1.0000000000000000
207 210 1.0000000000000000
209 210 1.0000000000000000
210 210 7.0000000000000000
211 210 1.0000000000000000
221 210 1.0000000000000000
189 211 1.0000000000000000
200 211 1.0000000000000000
207 211 1.0000000000000000
210 211 1.0000000000000000
211 211 7.0000000000000000
213 211 1.0000000000000000
221 211 1.0000000000000000
222 211 1.0000000000000000
190 212 1.0000000000000000
198 212 1.0000000000000000
199 212 1.0000000000000000
201 212 1.0000000000000000
212 212 5.0000000000000000
214 212 1.0000000000000000
200 213 1.0000000000000000
211 213 1.0000000000000000
213 213 6.0000000000000000
214 213 1.0000000000000000
221 213 1.0000000000000000
222 213 1.0000000000000000
223 213 1.0000000000000000
200 214 1.0000000000000000
201 214 1.0000000000000000
212 214 1.0000000000000000
213 214 1.0000000000000000
214 214 5.0000000000000000
223 214 1.0000000000000000
203 215 1.0000000000000000
204 215 1.0000000000000000
215 215 7.0000000000000000
216 215 1.0000000000000000
224 215 1.0000000000000000
225 215 1.0000000000000000
235 215 1.0000000000000000
236 215 1.0000000000000000
203 216 1.0000000000000000
204 216 1.0000000000000000
215 216 1.0000000000000000
216 216 8.0000000000000000
217 216 1.0000000000000000
224 216 1.0000000000000000
225 216 1.0000000000000000
226 216 1.0000000000000000
227 216 1.0000000000000000
204 217 1.0000000000000000
205 217 1.0000000000000000
216 217 1.0000000000000000
217 217 6.0000000000000000
218 217 1.0000000000000000
226 217 1.0000000000000000
227 217 1.0000000000000000
205 218 1.0000000000000000
208 218 1.0000000000000000
217 218 1.0000000000000000
218 218 5.0000000000000000
219 218 1.0000000000000000
227 218 1.0000000000000000
208 219 1.0000000000000000
218 219 1.0000000000000000
219 219 7.0000000000000000
220 219 1.0000000000000000
227 219 1.0000000000000000
228 219 1.0000000000000000
230 219 1.0000000000000000
238 219 1.0000000000000000
208 220 1.0000000000000000
209 220 1.0000000000000000
219 220 1.0000000000000000
220 220 5.0000000000000000
221 220 1.0000000000000000
230 220 1.0000000000000000
209 221 1.0000000000000000
210 221 1.0000000000000000
211 221 1.0000000000000000
213 221 1.0000000000000000
220 221 1.0000000000000000
221 221 8.0000000000000000
222 221 1.0000000000000000
223 221 1.0000000000000000
230 221 1.0000000000000000
211 222 1.0000000000000000
213 222 1.0000000000000000
221 222 1.0000000000000000
222 222 7.0000000000000000
223 222 1.0000000000000000
230 222 1.0000000000000000
231 222 1.0000000000000000
232 222 1.0000000000000000
200 223 1.0000000000000000
213 223 1.0000000000000000
214 223 1.0000000000000000
221 223 1.0000000000000000
222 223 1.0000000000000000
223 223 7.0000000000000000
231 223 1.0000000000000000
232 223 1.0000000000000000
215 224 1.0000000000000000
216 224 1.0000000000000000
224 224 6.0000000000000000
225 224 1.0000000000000000
235 224 1.0000000000000000
236 224 1.0000000000000000
244 224 1.0000000000000000
215 225 1.0000000000000000
216 225 1.0000000000000000
224 225 1.0000000000000000
225 225 8.0000000000000000
226 225 1.0000000000000000
236 225 1.0000000000000000
237 225 1.0000000000000000
238 225 1.0000000000000000
246 225 1.0000000000000000
216 226 1.0000000000000000
217 226 1.0000000000000000
225 226 1.0000000000000000
226 226 6.0000000000000000
227 226 1.0000000000000000
237 226 1.0000000000000000
238 226 1.0000000000000000
216 227 1.0000000000000000
217 227 1.0000000000000000
218 227 1.0000000000000000
219 227 1.0000000000000000
226 227 1.0000000000000000
227 227 8.0000000000000000
228 227 1.0000000000000000
238 227 1.0000000000000000
239 227 1.0000000000000000
219 228 1.0000000000000000
227 228 1.0000000000000000
228 228 7.0000000000000000
229 228 1.0000000000000000
230 228 1.0000000000000000
238 228 1.0000000000000000
239 228 1.0000000000000000
240 228 1.0000000000000000
228 229 1.0000000000000000
229 229 6.0000000000000000
230 229 1.0000000000000000
231 229 1.0000000000000000
233 229 1.0000000000000000
240 229 1.0000000000000000
241 229 1.0000000000000000
209 230 1.0000000000000000
219 230 1.0000000000000000
220 230 1.0000000000000000
221 230 1.0000000000000000
222 230 1.0000000000000000
228 230 1.0000000000000000
229 230 1.0000000000000000
230 230 9.0000000000000000
231 230 1.0000000000000000
233 230 1.0000000000000000
222 231 1.0000000000000000
223 231 1.0000000000000000
229 231 1.0000000000000000
230 231 1.0000000000000000
231 231 6.0000000000000000
232 231 1.0000000000000000
233 231 1.0000000000000000
222 232 1.0000000000000000
223 232 1.0000000000000000
231 232 1.0000000000000000
232 232 5.0000000000000000
233 232 1.0000000000000000
234 232 1.0000000000000000
229 233 1.0000000000000000
230 233 1.0000000000000000
231 233 1.0000000000000000
232 233 1.0000000000000000
233 233 8.0000000000000000
234 233 1.0000000000000000
240 233 1.0000000000000000
241 233 1.0000000000000000
242 233 1.0000000000000000
232 234 1.0000000000000000
233 234 1.0000000000000000
234 234 5.0000000000000000
241 234 1.0000000000000000
242 234 1.0000000000000000
243 234 1.0000000000000000
215 235 1.0000000000000000
224 235 1.0000000000000000
235 235 7.0000000000000000
236 235 1.0000000000000000
244 235 1.0000000000000000
245 235 1.0000000000000000
253 235 1.0000000000000000
254 235 1.0000000000000000
215 236 1.0000000000000000
224 236 1.0000000000000000
225 236 1.0000000000000000
235 236 1.0000000000000000
236 236 8.0000000000000000
237 236 1.0000000000000000
244 236 1.0000000000000000
245 236 1.0000000000000000
246 236 1.0000000000000000
225 237 1.0000000000000000
226 237 1.0000000000000000
236 237 1.0000000000000000
237 237 7.0000000000000000
238 237 1.0000000000000000
246 237 1.0000000000000000
247 237 1.0000000000000000
256 237 1.0000000000000000
219 238 1.0000000000000000
225 238 1.0000000000000000
226 238 1.0000000000000000
227 238 1.0000000000000000
228 238 1.0000000000000000
237 238 1.0000000000000000
238 238 8.0000000000000000
239 238 1.0000000000000000
247 238 1.0000000000000000
227 239 1.0000000000000000
228 239 1.0000000000000000
238 239 1.0000000000000000
239 239 7.0000000000000000
240 239 1.0000000000000000
247 239 1.0000000000000000
248 239 1.0000000000000000
249 239 1.0000000000000000
228 240 1.0000000000000000
229 240 1.0000000000000000
233 240 1.0000000000000000
239 240 1.0000000000000000
240 240 7.0000000000000000
241 240 1.0000000000000000
248 240 1.0000000000000000
249 240 1.0000000000000000
229 241 1.0000000000000000
233 241 1.0000000000000000
234 241 1.0000000000000000
240 241 1.0000000000000000
241 241 7.0000000000000000
242 241 1.0000000000000000
249 241 1.0000000000000000
250 241 1.0000000000000000
233 242 1.0000000000000000
234 242 1.0000000000000000
241 242 1.0000000000000000
242 242 8.0000000000000000
243 242 1.0000000000000000
249 242 1.0000000000000000
250 242 1.0000000000000000
251 242 1.0000000000000000
252 242 1.0000000000000000
234 243 1.0000000000000000
242 243 1.0000000000000000
243 243 4.0000000000000000
251 243 1.0000000000000000
252 243 1.0000000000000000
224 244 1.0000000000000000
235 244 1.0000000000000000
236 244 1.0000000000000000
244 244 6.0000000000000000
245 244 1.0000000000000000
253 244 1.0000000000000000
254 244 1.0000000000000000
235 245 1.0000000000000000
236 245 1.0000000000000000
244 245 1.0000000000000000
245 245 8.0000000000000000
246 245 1.0000000000000000
254 245 1.0000000000000000
255 245 1.0000000000000000
256 245 1.0000000000000000
265 245 1.0000000000000000
225 246 1.0000000000000000
236 246 1.0000000000000000
237 246 1.0000000000000000
245 246 1.0000000000000000
246 246 7.0000000000000000
247 246 1.0000000000000000
255 246 1.0000000000000000
256 246 1.0000000000000000
237 247 1.0000000000000000
238 247 1.0000000000000000
239 247 1.0000000000000000
246 247 1.0000000000000000
247 247 8.0000000000000000
248 247 1.0000000000000000
256 247 1.0000000000000000
258 247 1.0000000000000000
259 247 1.0000000000000000
239 248 1.0000000000000000
240 248 1.0000000000000000
247 248 1.0000000000000000
248 248 7.0000000000000000
249 248 1.0000000000000000
250 248 1.0000000000000000
259 248 1.0000000000000000
260 248 1.0000000000000000
239 249 1.0000000000000000
240 249 1.0000000000000000
241 249 1.0000000000000000
242 249 1.0000000000000000
248 249 1.0000000000000000
249 249 7.0000000000000000
250 249 1.0000000000000000
260 249 1.0000000000000000
241 250 1.0000000000000000
242 250 1.0000000000000000
248 250 1.0000000000000000
249 250 1.0000000000000000
250 250 8.0000000000000000
251 250 1.0000000000000000
260 250 1.0000000000000000
261 250 1.0000000000000000
262 250 1.0000000000000000
242 251 1.0000000000000000
243 251 1.0000000000000000
250 251 1.0000000000000000
251 251 6.0000000000000000
252 251 1.0000000000000000
262 251 1.0000000000000000
263 251 1.0000000000000000
242 252 1.0000000000000000
243 252 1.0000000000000000
251 252 1.0000000000000000
252 252 4.0000000000000000
263 252 1.0000000000000000
235 253 1.0000000000000000
244 253 1.0000000000000000
253 253 5.0000000000000000
254 253 1.0000000000000000
264 253 1.0000000000000000
265 253 1.0000000000000000
235 254 1.0000000000000000
244 254 1.0000000000000000
245 254 1.0000000000000000
253 254 1.0000000000000000
254 254 7.0000000000000000
255 254 1.0000000000000000
264 254 1.0000000000000000
265 254 1.0000000000000000
245 255 1.0000000000000000
246 255 1.0000000000000000
254 255 1.0000000000000000
255 255 7.0000000000000000
256 255 1.0000000000000000
257 255 1.0000000000000000
258 255 1.0000000000000000
265 255 1.0000000000000000
237 256 1.0000000000000000
245 256 1.0000000000000000
246 256 1.0000000000000000
247 256 1.0000000000000000
255 256 1.0000000000000000
256 256 7.0000000000000000
257 256 1.0000000000000000
258 256 1.0000000000000000
255 257 1.0000000000000000
256 257 1.0000000000000000
257 257 6.0000000000000000
258 257 1.0000000000000000
265 257 1.0000000000000000
266 257 1.0000000000000000
267 257 1.0000000000000000
247 258 1.0000000000000000
255 258 1.0000000000000000
256 258 1.0000000000000000
257 258 1.0000000000000000
258 258 7.0000000000000000
259 258 1.0000000000000000
267 258 1.0000000000000000
268 258 1.0000000000000000
247 259 1.0000000000000000
248 259 1.0000000000000000
258 259 1.0000000000000000
259 259 7.0000000000000000
260 259 1.0000000000000000
268 259 1.0000000000000000
269 259 1.0000000000000000
271 259 1.0000000000000000
248 260 1.0000000000000000
249 260 1.0000000000000000
250 260 1.0000000000000000
259 260 1.0000000000000000
260 260 6.0000000000000000
261 260 1.0000000000000000
269 260 1.0000000000000000
250 261 1.0000000000000000
260 261 1.0000000000000000
261 261 6.0000000000000000
262 261 1.0000000000000000
269 261 1.0000000000000000
270 261 1.0000000000000000
275 261 1.0000000000000000
250 262 1.0000000000000000
251 262 1.0000000000000000
261 262 1.0000000000000000
262 262 4.0000000000000000
263 262 1.0000000000000000
251 263 1.0000000000000000
252 263 1.0000000000000000
262 263 1.0000000000000000
263 263 3.0000000000000000
253 264 1.0000000000000000
254 264 1.0000000000000000
264 264 4.0000000000000000
265 264 1.0000000000000000
266 264 1.0000000000000000
245 265 1.0000000000000000
253 265 1.0000000000000000
254 265 1.0000000000000000
255 265 1.0000000000000000
257 265 1.0000000000000000
264 265 1.0000000000000000
265 265 8.0000000000000000
266 265 1.0000000000000000
267 265 1.0000000000000000
257 266 1.0000000000000000
264 266 1.0000000000000000
265 266 1.0000000000000000
266 266 5.0000000000000000
267 266 1.0000000000000000
272 266 1.0000000000000000
257 267 1.0000000000000000
258 267 1.0000000000000000
265 267 1.0000000000000000
266 267 1.0000000000000000
267 267 6.0000000000000000
268 267 1.0000000000000000
272 267 1.0000000000000000
258 268 1.0000000000000000
259 268 1.0000000000000000
267 268 1.0000000000000000
268 268 7.0000000000000000
269 268 1.0000000000000000
271 268 1.0000000000000000
272 268 1.0000000000000000
273 268 1.0000000000000000
259 269 1.0000000000000000
260 269 1.0000000000000000
261 269 1.0000000000000000
268 269 1.0000000000000000
269 269 6.0000000000000000
270 269 1.0000000000000000
271 269 1.0000000000000000
261 270 1.0000000000000000
269 270 1.0000000000000000
270 270 4.0000000000000000
271 270 1.0000000000000000
275 270 1.0000000000000000
259 271 1.0000000000000000
268 271 1.0000000000000000
269 271 1.0000000000000000
270 271 1.0000000000000000
271 271 7.0000000000000000
273 271 1.0000000000000000
274 271 1.0000000000000000
275 271 1.0000000000000000
266 272 1.0000000000000000
267 272 1.0000000000000000
268 272 1.0000000000000000
272 272 4.0000000000000000
273 272 1.0000000000000000
268 273 1.0000000000000000
271 273 1.0000000000000000
272 273 1.0000000000000000
273 273 6.0000000000000000
274 273 1.0000000000000000
279 273 1.0000000000000000
281 273 1.0000000000000000
271 274 1.0000000000000000
273 274 1.0000000000000000
274 274 8.0000000000000000
275 274 1.0000000000000000
276 274 1.0000000000000000
277 274 1.0000000000000000
278 274 1.0000000000000000
279 274 1.0000000000000000
281 274 1.0000000000000000
261 275 1.0000000000000000
270 275 1.0000000000000000
271 275 1.0000000000000000
274 275 1.0000000000000000
275 275 6.0000000000000000
276 275 1.0000000000000000
277 275 1.0000000000000000
274 276 1.0000000000000000
275 276 1.0000000000000000
276 276 5.0000000000000000
277 276 1.0000000000000000
278 276 1.0000000000000000
279 276 1.0000000000000000
274 277 1.0000000000000000
275 277 1.0000000000000000
276 277 1.0000000000000000
277 277 5.0000000000000000
278 277 1.0000000000000000
279 277 1.0000000000000000
274 278 1.0000000000000000
276 278 1.0000000000000000
277 278 1.0000000000000000
278 278 6.0000000000000000
279 278 1.0000000000000000
280 278 1.0000000000000000
281 278 1.0000000000000000
273 279 1.0000000000000000
274 279 1.0000000000000000
276 279 1.0000000000000000
277 279 1.0000000000000000
278 279 1.0000000000000000
279 279 7.0000000000000000
280 279 1.0000000000000000
281 279 1.0000000000000000
278 280 1.0000000000000000
279 280 1.0000000000000000
280 280 4.0000000000000000
281 280 1.0000000000000000
282 280 1.0000000000000000
273 281 1.0000000000000000
274 281 1.0000000000000000
278 281 1.0000000000000000
279 281 1.0000000000000000
280 281 1.0000000000000000
281 281 8.0000000000000000
282 281 1.0000000000000000
283 281 1.0000000000000000
284 281 1.0000000000000000
280 282 1.0000000000000000
281 282 1.0000000000000000
282 282 5.0000000000000000
283 282 1.0000000000000000
284 282 1.0000000000000000
285 282 1.0000000000000000
281 283 1.0000000000000000
282 283 1.0000000000000000
283 283 4.0000000000000000
284 283 1.0000000000000000
285 283 1.0000000000000000
281 284 1.0000000000000000
282 284 1.0000000000000000
283 284 1.0000000000000000
284 284 5.0000000000000000
285 284 1.0000000000000000
286 284 1.0000000000000000
282 285 1.0000000000000000
283 285 1.0000000000000000
284 285 1.0000000000000000
285 285 5.0000000000000000
286 285 1.0000000000000000
287 285 1.0000000000000000
284 286 1.0000000000000000
285 286 1.0000000000000000
286 286 5.0000000000000000
287 286 1.0000000000000000
288 286 1.0000000000000000
289 286 1.0000000000000000
285 287 1.0000000000000000
286 287 1.0000000000000000
287 287 5.0000000000000000
288 287 1.0000000000000000
289 287 1.0000000000000000
290 287 1.0000000000000000
286 288 1.0000000000000000
287 288 1.0000000000000000
288 288 5.0000000000000000
289 288 1.0000000000000000
290 288 1.0000000000000000
292 288 1.0000000000000000
286 289 1.0000000000000000
287 289 1.0000000000000000
288 289 1.0000000000000000
289 289 6.0000000000000000
290 289 1.0000000000000000
291 289 1.0000000000000000
292 289 1.0000000000000000
287 290 1.0000000000000000
288 290 1.0000000000000000
289 290 1.0000000000000000
290 290 5.0000000000000000
291 290 1.0000000000000000
292 290 1.0000000000000000
289 291 1.0000000000000000
290 291 1.0000000000000000
291 291 3.0000000000000000
292 291 1.0000000000000000
288 292 1.0000000000000000
289 292 1.0000000000000000
290 292 1.0000000000000000
291 292 1.0000000000000000
292 292 4.0000000000000000
