147 147 2449
1 1 75000000.0000000000000000
2 1 961538.8100000000558794
8 1 -12179486.0000000000000000
9 1 -2617521.0000000000000000
10 1 28846144.0000000000000000
11 1 5769230.0000000000000000
1 2 961538.8100000000558794
2 2 75000000.0000000000000000
3 2 961538.6899999999441206
9 2 -74786.3120000000053551
10 2 9615384.0000000000000000
11 2 -12179486.0000000000000000
12 2 -2617521.0000000000000000
13 2 28846144.0000000000000000
14 2 5769230.0000000000000000
2 3 961538.6899999999441206
3 3 75000000.0000000000000000
4 3 961538.4399999999441206
12 3 -74786.3750000000000000
13 3 9615384.0000000000000000
14 3 -12179486.0000000000000000
15 3 -2617521.0000000000000000
16 3 28846144.0000000000000000
17 3 5769231.0000000000000000
3 4 961538.4399999999441206
4 4 75000000.0000000000000000
5 4 961538.6899999999441206
15 4 -74786.3120000000053551
16 4 9615384.0000000000000000
17 4 -12179487.0000000000000000
18 4 -2617521.0000000000000000
19 4 28846144.0000000000000000
20 4 5769230.0000000000000000
4 5 961538.6899999999441206
5 5 75000000.0000000000000000
6 5 961538.9399999999441206
18 5 -74786.3750000000000000
19 5 9615384.0000000000000000
20 5 -12179486.0000000000000000
21 5 -2617521.0000000000000000
22 5 28846160.0000000000000000
23 5 5769231.0000000000000000
5 6 961538.9399999999441206
6 6 75000000.0000000000000000
7 6 961538.9399999999441206
21 6 -74786.3120000000053551
22 6 9615385.0000000000000000
23 6 -12179488.0000000000000000
24 6 -2617522.0000000000000000
25 6 28846160.0000000000000000
26 6 5769231.0000000000000000
6 7 961538.9399999999441206
7 7 44230768.0000000000000000
24 7 -74786.3120000000053551
25 7 9615385.0000000000000000
26 7 -12179488.0000000000000000
27 7 -1540598.0000000000000000
28 7 14423078.0000000000000000
1 8 -12179486.0000000000000000
8 8 75000000.0000000000000000
9 8 2617521.0000000000000000
10 8 5769230.0000000000000000
11 8 28846144.0000000000000000
29 8 961538.3100000000558794
1 9 -2617521.0000000000000000
2 9 -74786.3120000000053551
8 9 2617521.0000000000000000
9 9 502564.0599999999976717
10 9 0.0078125000000000
11 9 0.0078125000000000
12 9 -125641.0000000000000000
13 9 74786.3120000000053551
14 9 -2617521.0000000000000000
29 9 74786.3120000000053551
30 9 -125641.0000000000000000
31 9 2617521.0000000000000000
32 9 -74786.3120000000053551
1 10 28846144.0000000000000000
2 10 9615384.0000000000000000
8 10 5769230.0000000000000000
9 10 0.0078125000000000
10 10 149999980.0000000000000000
11 10 1282051.0000000000000000
12 10 -74786.3120000000053551
13 10 1923077.0000000000000000
14 10 5769231.0000000000000000
29 10 -12179486.0000000000000000
30 10 -2617521.0000000000000000
31 10 28846144.0000000000000000
32 10 5769230.0000000000000000
1 11 5769230.0000000000000000
2 11 -12179486.0000000000000000
8 11 28846144.0000000000000000
9 11 0.0078125000000000
10 11 1282051.0000000000000000
11 11 149999980.0000000000000000
12 11 2617521.0000000000000000
13 11 5769230.0000000000000000
14 11 28846144.0000000000000000
29 11 9615384.0000000000000000
30 11 74786.3120000000053551
31 11 5769230.0000000000000000
32 11 1923077.0000000000000000
2 12 -2617521.0000000000000000
3 12 -74786.3750000000000000
9 12 -125641.0000000000000000
10 12 -74786.3120000000053551
11 12 2617521.0000000000000000
12 12 502564.0599999999976717
13 12 -0.1093750000000000
14 12 0.0546875000000000
15 12 -125641.0000000000000000
16 12 74786.3120000000053551
17 12 -2617521.0000000000000000
30 12 -0.0002441406200000
31 12 74786.3750000000000000
32 12 74786.3120000000053551
33 12 -125641.0000000000000000
34 12 2617521.0000000000000000
35 12 -74786.2500000000000000
2 13 28846144.0000000000000000
3 13 9615384.0000000000000000
9 13 74786.3120000000053551
10 13 1923077.0000000000000000
11 13 5769230.0000000000000000
12 13 -0.1093750000000000
13 13 149999980.0000000000000000
14 13 1282052.0000000000000000
15 13 -74786.3120000000053551
16 13 1923077.0000000000000000
17 13 5769230.0000000000000000
30 13 -74786.3120000000053551
31 13 9615384.0000000000000000
32 13 -12179487.0000000000000000
33 13 -2617521.0000000000000000
34 13 28846144.0000000000000000
35 13 5769230.0000000000000000
2 14 5769230.0000000000000000
3 14 -12179486.0000000000000000
9 14 -2617521.0000000000000000
10 14 5769231.0000000000000000
11 14 28846144.0000000000000000
12 14 0.0546875000000000
13 14 1282052.0000000000000000
14 14 149999980.0000000000000000
15 14 2617521.0000000000000000
16 14 5769230.0000000000000000
17 14 28846144.0000000000000000
30 14 -74786.3750000000000000
31 14 -12179486.0000000000000000
32 14 9615384.0000000000000000
33 14 74786.3120000000053551
34 14 5769231.0000000000000000
35 14 1923077.0000000000000000
3 15 -2617521.0000000000000000
4 15 -74786.3120000000053551
12 15 -125641.0000000000000000
13 15 -74786.3120000000053551
14 15 2617521.0000000000000000
15 15 502564.0599999999976717
16 15 0.1484375000000000
17 15 -0.1171875000000000
18 15 -125641.0000000000000000
19 15 74786.3120000000053551
20 15 -2617521.0000000000000000
33 15 -0.0003662109400000
34 15 74786.3750000000000000
35 15 74786.2500000000000000
36 15 -125641.0000000000000000
37 15 2617521.0000000000000000
38 15 -74786.3120000000053551
3 16 28846144.0000000000000000
4 16 9615384.0000000000000000
12 16 74786.3120000000053551
13 16 1923077.0000000000000000
14 16 5769230.0000000000000000
15 16 0.1484375000000000
16 16 149999980.0000000000000000
17 16 1282051.0000000000000000
18 16 -74786.3120000000053551
19 16 1923077.0000000000000000
20 16 5769231.0000000000000000
33 16 -74786.2500000000000000
34 16 9615384.0000000000000000
35 16 -12179488.0000000000000000
36 16 -2617521.0000000000000000
37 16 28846160.0000000000000000
38 16 5769231.0000000000000000
3 17 5769231.0000000000000000
4 17 -12179487.0000000000000000
12 17 -2617521.0000000000000000
13 17 5769230.0000000000000000
14 17 28846144.0000000000000000
15 17 -0.1171875000000000
16 17 1282051.0000000000000000
17 17 149999980.0000000000000000
18 17 2617521.0000000000000000
19 17 5769231.0000000000000000
20 17 28846144.0000000000000000
33 17 -74786.3750000000000000
34 17 -12179485.0000000000000000
35 17 9615383.0000000000000000
36 17 74786.3750000000000000
37 17 5769230.0000000000000000
38 17 1923077.0000000000000000
4 18 -2617521.0000000000000000
5 18 -74786.3750000000000000
15 18 -125641.0000000000000000
16 18 -74786.3120000000053551
17 18 2617521.0000000000000000
18 18 502564.0599999999976717
19 18 -0.1328125000000000
20 18 0.1718750000000000
21 18 -125641.0000000000000000
22 18 74786.3120000000053551
23 18 -2617521.0000000000000000
36 18 0.0004882812500000
37 18 74786.3120000000053551
38 18 74786.3120000000053551
39 18 -125641.0000000000000000
40 18 2617521.0000000000000000
41 18 -74786.2500000000000000
4 19 28846144.0000000000000000
5 19 9615384.0000000000000000
15 19 74786.3120000000053551
16 19 1923077.0000000000000000
17 19 5769231.0000000000000000
18 19 -0.1328125000000000
19 19 149999980.0000000000000000
20 19 1282051.0000000000000000
21 19 -74786.3750000000000000
22 19 1923077.0000000000000000
23 19 5769230.0000000000000000
36 19 -74786.2500000000000000
37 19 9615384.0000000000000000
38 19 -12179488.0000000000000000
39 19 -2617521.0000000000000000
40 19 28846144.0000000000000000
41 19 5769230.0000000000000000
4 20 5769230.0000000000000000
5 20 -12179486.0000000000000000
15 20 -2617521.0000000000000000
16 20 5769231.0000000000000000
17 20 28846144.0000000000000000
18 20 0.1718750000000000
19 20 1282051.0000000000000000
20 20 149999980.0000000000000000
21 20 2617521.0000000000000000
22 20 5769230.0000000000000000
23 20 28846144.0000000000000000
36 20 -74786.3750000000000000
37 20 -12179487.0000000000000000
38 20 9615385.0000000000000000
39 20 74786.3750000000000000
40 20 5769231.0000000000000000
41 20 1923076.0000000000000000
5 21 -2617521.0000000000000000
6 21 -74786.3120000000053551
18 21 -125641.0000000000000000
19 21 -74786.3750000000000000
20 21 2617521.0000000000000000
21 21 502564.1199999999953434
22 21 0.3203125000000000
23 21 -0.6875000000000000
24 21 -125641.0599999999976717
25 21 74786.3750000000000000
26 21 -2617522.0000000000000000
39 21 -0.0001220703100000
40 21 74786.4370000000053551
41 21 74786.1870000000053551
42 21 -125641.0599999999976717
43 21 2617522.0000000000000000
44 21 -74786.3750000000000000
5 22 28846160.0000000000000000
6 22 9615385.0000000000000000
18 22 74786.3120000000053551
19 22 1923077.0000000000000000
20 22 5769230.0000000000000000
21 22 0.3203125000000000
22 22 150000020.0000000000000000
23 22 1282052.0000000000000000
24 22 -74786.3120000000053551
25 22 1923077.0000000000000000
26 22 5769232.0000000000000000
39 22 -74786.2500000000000000
40 22 9615384.0000000000000000
41 22 -12179490.0000000000000000
42 22 -2617522.0000000000000000
43 22 28846160.0000000000000000
44 22 5769232.0000000000000000
5 23 5769231.0000000000000000
6 23 -12179488.0000000000000000
18 23 -2617521.0000000000000000
19 23 5769230.0000000000000000
20 23 28846144.0000000000000000
21 23 -0.6875000000000000
22 23 1282052.0000000000000000
23 23 150000000.0000000000000000
24 23 2617522.0000000000000000
25 23 5769232.0000000000000000
26 23 28846160.0000000000000000
39 23 -74786.4370000000053551
40 23 -12179483.0000000000000000
41 23 9615383.0000000000000000
42 23 74786.3120000000053551
43 23 5769232.0000000000000000
44 23 1923077.0000000000000000
6 24 -2617522.0000000000000000
7 24 -74786.3120000000053551
21 24 -125641.0599999999976717
22 24 -74786.3120000000053551
23 24 2617522.0000000000000000
24 24 502564.1900000000023283
25 24 0.4140625000000000
26 24 0.0859375000000000
27 24 -125641.0599999999976717
28 24 74786.3750000000000000
42 24 0.0003662109400000
43 24 74786.3120000000053551
44 24 74786.3750000000000000
45 24 -125641.0599999999976717
46 24 2617522.0000000000000000
47 24 -74786.3750000000000000
6 25 28846160.0000000000000000
7 25 9615385.0000000000000000
21 25 74786.3750000000000000
22 25 1923077.0000000000000000
23 25 5769232.0000000000000000
24 25 0.4140625000000000
25 25 150000020.0000000000000000
26 25 1282051.0000000000000000
27 25 -74786.3120000000053551
28 25 1923077.0000000000000000
42 25 -74786.3120000000053551
43 25 9615386.0000000000000000
44 25 -12179491.0000000000000000
45 25 -2617522.0000000000000000
46 25 28846160.0000000000000000
47 25 5769232.0000000000000000
6 26 5769231.0000000000000000
7 26 -12179488.0000000000000000
21 26 -2617522.0000000000000000
22 26 5769232.0000000000000000
23 26 28846160.0000000000000000
24 26 0.0859375000000000
25 26 1282051.0000000000000000
26 26 150000020.0000000000000000
27 26 2617522.0000000000000000
28 26 5769232.0000000000000000
42 26 -74786.3750000000000000
43 26 -12179491.0000000000000000
44 26 9615388.0000000000000000
45 26 74786.3750000000000000
46 26 5769232.0000000000000000
47 26 1923077.0000000000000000
7 27 -1540598.0000000000000000
24 27 -125641.0599999999976717
25 27 -74786.3120000000053551
26 27 2617522.0000000000000000
27 27 251282.0599999999976717
28 27 463675.5000000000000000
45 27 0.0003662109400000
46 27 74786.3120000000053551
47 27 74786.3750000000000000
48 27 -62820.5310000000026776
49 27 1076923.0000000000000000
7 28 14423078.0000000000000000
24 28 74786.3750000000000000
25 28 1923077.0000000000000000
26 28 5769232.0000000000000000
27 28 463675.5000000000000000
28 28 75000016.0000000000000000
45 28 -74786.3120000000053551
46 28 9615386.0000000000000000
47 28 -12179491.0000000000000000
48 28 -1540599.0000000000000000
49 28 14423080.0000000000000000
8 29 961538.3100000000558794
9 29 74786.3120000000053551
10 29 -12179486.0000000000000000
11 29 9615384.0000000000000000
29 29 75000000.0000000000000000
30 29 2617521.0000000000000000
31 29 5769230.0000000000000000
32 29 28846144.0000000000000000
50 29 961538.3100000000558794
9 30 -125641.0000000000000000
10 30 -2617521.0000000000000000
11 30 74786.3120000000053551
12 30 -0.0002441406200000
13 30 -74786.3120000000053551
14 30 -74786.3750000000000000
29 30 2617521.0000000000000000
30 30 502564.0599999999976717
31 30 -0.1093750000000000
32 30 0.0546875000000000
33 30 -125641.0000000000000000
34 30 74786.2500000000000000
35 30 -2617521.0000000000000000
50 30 74786.3120000000053551
51 30 -125641.0000000000000000
52 30 2617521.0000000000000000
53 30 -74786.3120000000053551
9 31 2617521.0000000000000000
10 31 28846144.0000000000000000
11 31 5769230.0000000000000000
12 31 74786.3750000000000000
13 31 9615384.0000000000000000
14 31 -12179486.0000000000000000
29 31 5769230.0000000000000000
30 31 -0.1093750000000000
31 31 149999980.0000000000000000
32 31 1282052.0000000000000000
33 31 -74786.3120000000053551
34 31 1923077.0000000000000000
35 31 5769231.0000000000000000
50 31 -12179486.0000000000000000
51 31 -2617521.0000000000000000
52 31 28846144.0000000000000000
53 31 5769230.0000000000000000
9 32 -74786.3120000000053551
10 32 5769230.0000000000000000
11 32 1923077.0000000000000000
12 32 74786.3120000000053551
13 32 -12179487.0000000000000000
14 32 9615384.0000000000000000
29 32 28846144.0000000000000000
30 32 0.0546875000000000
31 32 1282052.0000000000000000
32 32 149999980.0000000000000000
33 32 2617521.0000000000000000
34 32 5769230.0000000000000000
35 32 28846144.0000000000000000
50 32 9615384.0000000000000000
51 32 74786.3120000000053551
52 32 5769230.0000000000000000
53 32 1923077.0000000000000000
12 33 -125641.0000000000000000
13 33 -2617521.0000000000000000
14 33 74786.3120000000053551
15 33 -0.0003662109400000
16 33 -74786.2500000000000000
17 33 -74786.3750000000000000
30 33 -125641.0000000000000000
31 33 -74786.3120000000053551
32 33 2617521.0000000000000000
33 33 502564.1199999999953434
34 33 0.2421875000000000
35 33 -0.3828125000000000
36 33 -125641.0599999999976717
37 33 74786.3750000000000000
38 33 -2617522.0000000000000000
51 33 -0.0004882812500000
52 33 74786.3120000000053551
53 33 74786.3120000000053551
54 33 -125641.0000000000000000
55 33 2617521.0000000000000000
56 33 -74786.3750000000000000
12 34 2617521.0000000000000000
13 34 28846144.0000000000000000
14 34 5769231.0000000000000000
15 34 74786.3750000000000000
16 34 9615384.0000000000000000
17 34 -12179485.0000000000000000
30 34 74786.2500000000000000
31 34 1923077.0000000000000000
32 34 5769230.0000000000000000
33 34 0.2421875000000000
34 34 149999980.0000000000000000
35 34 1282051.0000000000000000
36 34 -74786.3120000000053551
37 34 1923077.0000000000000000
38 34 5769231.0000000000000000
51 34 -74786.2500000000000000
52 34 9615382.0000000000000000
53 34 -12179487.0000000000000000
54 34 -2617521.0000000000000000
55 34 28846160.0000000000000000
56 34 5769230.0000000000000000
12 35 -74786.2500000000000000
13 35 5769230.0000000000000000
14 35 1923077.0000000000000000
15 35 74786.2500000000000000
16 35 -12179488.0000000000000000
17 35 9615383.0000000000000000
30 35 -2617521.0000000000000000
31 35 5769231.0000000000000000
32 35 28846144.0000000000000000
33 35 -0.3828125000000000
34 35 1282051.0000000000000000
35 35 149999980.0000000000000000
36 35 2617522.0000000000000000
37 35 5769231.0000000000000000
38 35 28846160.0000000000000000
51 35 -74786.3750000000000000
52 35 -12179485.0000000000000000
53 35 9615384.0000000000000000
54 35 74786.3120000000053551
55 35 5769231.0000000000000000
56 35 1923077.0000000000000000
15 36 -125641.0000000000000000
16 36 -2617521.0000000000000000
17 36 74786.3750000000000000
18 36 0.0004882812500000
19 36 -74786.2500000000000000
20 36 -74786.3750000000000000
33 36 -125641.0599999999976717
34 36 -74786.3120000000053551
35 36 2617522.0000000000000000
36 36 502564.1199999999953434
37 36 -0.0234375000000000
38 36 0.3437500000000000
39 36 -125641.0000000000000000
40 36 74786.2500000000000000
41 36 -2617521.0000000000000000
54 36 0.0002441406200000
55 36 74786.3120000000053551
56 36 74786.3120000000053551
57 36 -125641.0000000000000000
58 36 2617521.0000000000000000
59 36 -74786.3120000000053551
15 37 2617521.0000000000000000
16 37 28846160.0000000000000000
17 37 5769230.0000000000000000
18 37 74786.3120000000053551
19 37 9615384.0000000000000000
20 37 -12179487.0000000000000000
33 37 74786.3750000000000000
34 37 1923077.0000000000000000
35 37 5769231.0000000000000000
36 37 -0.0234375000000000
37 37 150000000.0000000000000000
38 37 1282052.0000000000000000
39 37 -74786.3120000000053551
40 37 1923077.0000000000000000
41 37 5769231.0000000000000000
54 37 -74786.3120000000053551
55 37 9615385.0000000000000000
56 37 -12179488.0000000000000000
57 37 -2617521.0000000000000000
58 37 28846144.0000000000000000
59 37 5769230.0000000000000000
15 38 -74786.3120000000053551
16 38 5769231.0000000000000000
17 38 1923077.0000000000000000
18 38 74786.3120000000053551
19 38 -12179488.0000000000000000
20 38 9615385.0000000000000000
33 38 -2617522.0000000000000000
34 38 5769231.0000000000000000
35 38 28846160.0000000000000000
36 38 0.3437500000000000
37 38 1282052.0000000000000000
38 38 150000000.0000000000000000
39 38 2617521.0000000000000000
40 38 5769231.0000000000000000
41 38 28846144.0000000000000000
54 38 -74786.3120000000053551
55 38 -12179488.0000000000000000
56 38 9615385.0000000000000000
57 38 74786.3750000000000000
58 38 5769230.0000000000000000
59 38 1923077.0000000000000000
18 39 -125641.0000000000000000
19 39 -2617521.0000000000000000
20 39 74786.3750000000000000
21 39 -0.0001220703100000
22 39 -74786.2500000000000000
23 39 -74786.4370000000053551
36 39 -125641.0000000000000000
37 39 -74786.3120000000053551
38 39 2617521.0000000000000000
39 39 502564.0599999999976717
40 39 0.1953125000000000
41 39 -0.2734375000000000
42 39 -125641.0000000000000000
43 39 74786.3120000000053551
44 39 -2617521.0000000000000000
57 39 0.0004882812500000
58 39 74786.3120000000053551
59 39 74786.2500000000000000
60 39 -125641.0000000000000000
61 39 2617521.0000000000000000
62 39 -74786.3120000000053551
18 40 2617521.0000000000000000
19 40 28846144.0000000000000000
20 40 5769231.0000000000000000
21 40 74786.4370000000053551
22 40 9615384.0000000000000000
23 40 -12179483.0000000000000000
36 40 74786.2500000000000000
37 40 1923077.0000000000000000
38 40 5769231.0000000000000000
39 40 0.1953125000000000
40 40 149999980.0000000000000000
41 40 1282051.0000000000000000
42 40 -74786.3750000000000000
43 40 1923077.0000000000000000
44 40 5769231.0000000000000000
57 40 -74786.2500000000000000
58 40 9615382.0000000000000000
59 40 -12179488.0000000000000000
60 40 -2617521.0000000000000000
61 40 28846144.0000000000000000
62 40 5769230.0000000000000000
18 41 -74786.2500000000000000
19 41 5769230.0000000000000000
20 41 1923076.0000000000000000
21 41 74786.1870000000053551
22 41 -12179490.0000000000000000
23 41 9615383.0000000000000000
36 41 -2617521.0000000000000000
37 41 5769231.0000000000000000
38 41 28846144.0000000000000000
39 41 -0.2734375000000000
40 41 1282051.0000000000000000
41 41 149999980.0000000000000000
42 41 2617521.0000000000000000
43 41 5769230.0000000000000000
44 41 28846160.0000000000000000
57 41 -74786.3750000000000000
58 41 -12179485.0000000000000000
59 41 9615385.0000000000000000
60 41 74786.3750000000000000
61 41 5769231.0000000000000000
62 41 1923077.0000000000000000
21 42 -125641.0599999999976717
22 42 -2617522.0000000000000000
23 42 74786.3120000000053551
24 42 0.0003662109400000
25 42 -74786.3120000000053551
26 42 -74786.3750000000000000
39 42 -125641.0000000000000000
40 42 -74786.3750000000000000
41 42 2617521.0000000000000000
42 42 502564.1199999999953434
43 42 -0.5546875000000000
44 42 -0.3281250000000000
45 42 -125641.0599999999976717
46 42 74786.2500000000000000
47 42 -2617522.0000000000000000
60 42 -0.0002441406200000
61 42 74786.3120000000053551
62 42 74786.3120000000053551
63 42 -125641.0000000000000000
64 42 2617521.0000000000000000
65 42 -74786.3750000000000000
21 43 2617522.0000000000000000
22 43 28846160.0000000000000000
23 43 5769232.0000000000000000
24 43 74786.3120000000053551
25 43 9615386.0000000000000000
26 43 -12179491.0000000000000000
39 43 74786.3120000000053551
40 43 1923077.0000000000000000
41 43 5769230.0000000000000000
42 43 -0.5546875000000000
43 43 150000020.0000000000000000
44 43 1282051.0000000000000000
45 43 -74786.3750000000000000
46 43 1923077.0000000000000000
47 43 5769232.0000000000000000
60 43 -74786.3120000000053551
61 43 9615383.0000000000000000
62 43 -12179486.0000000000000000
63 43 -2617521.0000000000000000
64 43 28846144.0000000000000000
65 43 5769231.0000000000000000
21 44 -74786.3750000000000000
22 44 5769232.0000000000000000
23 44 1923077.0000000000000000
24 44 74786.3750000000000000
25 44 -12179491.0000000000000000
26 44 9615388.0000000000000000
39 44 -2617521.0000000000000000
40 44 5769231.0000000000000000
41 44 28846160.0000000000000000
42 44 -0.3281250000000000
43 44 1282051.0000000000000000
44 44 150000020.0000000000000000
45 44 2617522.0000000000000000
46 44 5769232.0000000000000000
47 44 28846160.0000000000000000
60 44 -74786.3120000000053551
61 44 -12179486.0000000000000000
62 44 9615383.0000000000000000
63 44 74786.3120000000053551
64 44 5769230.0000000000000000
65 44 1923076.0000000000000000
24 45 -125641.0599999999976717
25 45 -2617522.0000000000000000
26 45 74786.3750000000000000
27 45 0.0003662109400000
28 45 -74786.3120000000053551
42 45 -125641.0599999999976717
43 45 -74786.3750000000000000
44 45 2617522.0000000000000000
45 45 502564.1900000000023283
46 45 0.5390625000000000
47 45 0.0156250000000000
48 45 -125641.0599999999976717
49 45 74786.2500000000000000
63 45 -0.0007324218700000
64 45 74786.5620000000053551
65 45 74786.1250000000000000
66 45 -125641.0599999999976717
67 45 2617522.0000000000000000
68 45 -74786.2500000000000000
24 46 2617522.0000000000000000
25 46 28846160.0000000000000000
26 46 5769232.0000000000000000
27 46 74786.3120000000053551
28 46 9615386.0000000000000000
42 46 74786.2500000000000000
43 46 1923077.0000000000000000
44 46 5769232.0000000000000000
45 46 0.5390625000000000
46 46 150000050.0000000000000000
47 46 1282052.0000000000000000
48 46 -74786.3750000000000000
49 46 1923077.0000000000000000
63 46 -74786.1250000000000000
64 46 9615387.0000000000000000
65 46 -12179498.0000000000000000
66 46 -2617523.0000000000000000
67 46 28846160.0000000000000000
68 46 5769232.0000000000000000
24 47 -74786.3750000000000000
25 47 5769232.0000000000000000
26 47 1923077.0000000000000000
27 47 74786.3750000000000000
28 47 -12179491.0000000000000000
42 47 -2617522.0000000000000000
43 47 5769232.0000000000000000
44 47 28846160.0000000000000000
45 47 0.0156250000000000
46 47 1282052.0000000000000000
47 47 150000020.0000000000000000
48 47 2617522.0000000000000000
49 47 5769232.0000000000000000
63 47 -74786.6250000000000000
64 47 -12179486.0000000000000000
65 47 9615390.0000000000000000
66 47 74786.5000000000000000
67 47 5769233.0000000000000000
68 47 1923077.0000000000000000
27 48 -62820.5310000000026776
28 48 -1540599.0000000000000000
45 48 -125641.0599999999976717
46 48 -74786.3750000000000000
47 48 2617522.0000000000000000
48 48 251282.0599999999976717
49 48 463675.0000000000000000
66 48 -0.0006103515600000
67 48 74786.3120000000053551
68 48 74786.3750000000000000
69 48 -62820.5160000000032596
70 48 1076923.0000000000000000
27 49 1076923.0000000000000000
28 49 14423080.0000000000000000
45 49 74786.2500000000000000
46 49 1923077.0000000000000000
47 49 5769232.0000000000000000
48 49 463675.0000000000000000
49 49 75000000.0000000000000000
66 49 -74786.3120000000053551
67 49 9615383.0000000000000000
68 49 -12179487.0000000000000000
69 49 -1540598.0000000000000000
70 49 14423077.0000000000000000
29 50 961538.3100000000558794
30 50 74786.3120000000053551
31 50 -12179486.0000000000000000
32 50 9615384.0000000000000000
50 50 75000000.0000000000000000
51 50 2617521.0000000000000000
52 50 5769231.0000000000000000
53 50 28846144.0000000000000000
71 50 961538.5600000000558794
30 51 -125641.0000000000000000
31 51 -2617521.0000000000000000
32 51 74786.3120000000053551
33 51 -0.0004882812500000
34 51 -74786.2500000000000000
35 51 -74786.3750000000000000
50 51 2617521.0000000000000000
51 51 502564.0599999999976717
52 51 0.1875000000000000
53 51 0.0234375000000000
54 51 -125641.0000000000000000
55 51 74786.3120000000053551
56 51 -2617521.0000000000000000
71 51 74786.3120000000053551
72 51 -125641.0000000000000000
73 51 2617521.0000000000000000
74 51 -74786.3120000000053551
30 52 2617521.0000000000000000
31 52 28846144.0000000000000000
32 52 5769230.0000000000000000
33 52 74786.3120000000053551
34 52 9615382.0000000000000000
35 52 -12179485.0000000000000000
50 52 5769231.0000000000000000
51 52 0.1875000000000000
52 52 149999980.0000000000000000
53 52 1282051.0000000000000000
54 52 -74786.3120000000053551
55 52 1923077.0000000000000000
56 52 5769230.0000000000000000
71 52 -12179487.0000000000000000
72 52 -2617521.0000000000000000
73 52 28846160.0000000000000000
74 52 5769231.0000000000000000
30 53 -74786.3120000000053551
31 53 5769230.0000000000000000
32 53 1923077.0000000000000000
33 53 74786.3120000000053551
34 53 -12179487.0000000000000000
35 53 9615384.0000000000000000
50 53 28846144.0000000000000000
51 53 0.0234375000000000
52 53 1282051.0000000000000000
53 53 149999980.0000000000000000
54 53 2617521.0000000000000000
55 53 5769231.0000000000000000
56 53 28846144.0000000000000000
71 53 9615383.0000000000000000
72 53 74786.3120000000053551
73 53 5769231.0000000000000000
74 53 1923077.0000000000000000
33 54 -125641.0000000000000000
34 54 -2617521.0000000000000000
35 54 74786.3120000000053551
36 54 0.0002441406200000
37 54 -74786.3120000000053551
38 54 -74786.3120000000053551
51 54 -125641.0000000000000000
52 54 -74786.3120000000053551
53 54 2617521.0000000000000000
54 54 502564.0599999999976717
55 54 -0.2421875000000000
56 54 -0.0625000000000000
57 54 -125641.0000000000000000
58 54 74786.2500000000000000
59 54 -2617521.0000000000000000
73 54 74786.3750000000000000
74 54 74786.2500000000000000
75 54 -125641.0000000000000000
76 54 2617521.0000000000000000
77 54 -74786.2500000000000000
33 55 2617521.0000000000000000
34 55 28846160.0000000000000000
35 55 5769231.0000000000000000
36 55 74786.3120000000053551
37 55 9615385.0000000000000000
38 55 -12179488.0000000000000000
51 55 74786.3120000000053551
52 55 1923077.0000000000000000
53 55 5769231.0000000000000000
54 55 -0.2421875000000000
55 55 150000000.0000000000000000
56 55 1282051.0000000000000000
57 55 -74786.4370000000053551
58 55 1923076.0000000000000000
59 55 5769229.0000000000000000
72 55 -74786.3120000000053551
73 55 9615385.0000000000000000
74 55 -12179488.0000000000000000
75 55 -2617521.0000000000000000
76 55 28846144.0000000000000000
77 55 5769230.0000000000000000
33 56 -74786.3750000000000000
34 56 5769230.0000000000000000
35 56 1923077.0000000000000000
36 56 74786.3120000000053551
37 56 -12179488.0000000000000000
38 56 9615385.0000000000000000
51 56 -2617521.0000000000000000
52 56 5769230.0000000000000000
53 56 28846144.0000000000000000
54 56 -0.0625000000000000
55 56 1282051.0000000000000000
56 56 149999980.0000000000000000
57 56 2617521.0000000000000000
58 56 5769230.0000000000000000
59 56 28846144.0000000000000000
72 56 -74786.3750000000000000
73 56 -12179487.0000000000000000
74 56 9615384.0000000000000000
75 56 74786.3750000000000000
76 56 5769231.0000000000000000
77 56 1923077.0000000000000000
36 57 -125641.0000000000000000
37 57 -2617521.0000000000000000
38 57 74786.3750000000000000
39 57 0.0004882812500000
40 57 -74786.2500000000000000
41 57 -74786.3750000000000000
54 57 -125641.0000000000000000
55 57 -74786.4370000000053551
56 57 2617521.0000000000000000
57 57 502564.1199999999953434
58 57 0.2031250000000000
59 57 -0.2421875000000000
60 57 -125641.0000000000000000
61 57 74786.3120000000053551
62 57 -2617521.0000000000000000
75 57 0.0008544921900000
76 57 74786.3750000000000000
77 57 74786.2500000000000000
78 57 -125641.0000000000000000
79 57 2617521.0000000000000000
80 57 -74786.3120000000053551
36 58 2617521.0000000000000000
37 58 28846144.0000000000000000
38 58 5769230.0000000000000000
39 58 74786.3120000000053551
40 58 9615382.0000000000000000
41 58 -12179485.0000000000000000
54 58 74786.2500000000000000
55 58 1923076.0000000000000000
56 58 5769230.0000000000000000
57 58 0.2031250000000000
58 58 149999980.0000000000000000
59 58 1282051.0000000000000000
60 58 -74786.3120000000053551
61 58 1923077.0000000000000000
62 58 5769231.0000000000000000
75 58 -74786.2500000000000000
76 58 9615385.0000000000000000
77 58 -12179488.0000000000000000
78 58 -2617521.0000000000000000
79 58 28846160.0000000000000000
80 58 5769232.0000000000000000
36 59 -74786.3120000000053551
37 59 5769230.0000000000000000
38 59 1923077.0000000000000000
39 59 74786.2500000000000000
40 59 -12179488.0000000000000000
41 59 9615385.0000000000000000
54 59 -2617521.0000000000000000
55 59 5769229.0000000000000000
56 59 28846144.0000000000000000
57 59 -0.2421875000000000
58 59 1282051.0000000000000000
59 59 150000000.0000000000000000
60 59 2617521.0000000000000000
61 59 5769232.0000000000000000
62 59 28846160.0000000000000000
75 59 -74786.3120000000053551
76 59 -12179485.0000000000000000
77 59 9615382.0000000000000000
78 59 74786.3120000000053551
79 59 5769231.0000000000000000
80 59 1923077.0000000000000000
39 60 -125641.0000000000000000
40 60 -2617521.0000000000000000
41 60 74786.3750000000000000
42 60 -0.0002441406200000
43 60 -74786.3120000000053551
44 60 -74786.3120000000053551
57 60 -125641.0000000000000000
58 60 -74786.3120000000053551
59 60 2617521.0000000000000000
60 60 502564.1199999999953434
61 60 0.2265625000000000
62 60 0.2500000000000000
63 60 -125641.0000000000000000
64 60 74786.3750000000000000
65 60 -2617521.0000000000000000
78 60 0.0002441406200000
79 60 74786.3120000000053551
80 60 74786.3120000000053551
81 60 -125641.0000000000000000
82 60 2617521.0000000000000000
83 60 -74786.3120000000053551
39 61 2617521.0000000000000000
40 61 28846144.0000000000000000
41 61 5769231.0000000000000000
42 61 74786.3120000000053551
43 61 9615383.0000000000000000
44 61 -12179486.0000000000000000
57 61 74786.3120000000053551
58 61 1923077.0000000000000000
59 61 5769232.0000000000000000
60 61 0.2265625000000000
61 61 150000000.0000000000000000
62 61 1282051.0000000000000000
63 61 -74786.3120000000053551
64 61 1923077.0000000000000000
65 61 5769230.0000000000000000
78 61 -74786.3120000000053551
79 61 9615385.0000000000000000
80 61 -12179489.0000000000000000
81 61 -2617521.0000000000000000
82 61 28846160.0000000000000000
83 61 5769231.0000000000000000
39 62 -74786.3120000000053551
40 62 5769230.0000000000000000
41 62 1923077.0000000000000000
42 62 74786.3120000000053551
43 62 -12179486.0000000000000000
44 62 9615383.0000000000000000
57 62 -2617521.0000000000000000
58 62 5769231.0000000000000000
59 62 28846160.0000000000000000
60 62 0.2500000000000000
61 62 1282051.0000000000000000
62 62 150000000.0000000000000000
63 62 2617521.0000000000000000
64 62 5769231.0000000000000000
65 62 28846144.0000000000000000
78 62 -74786.3120000000053551
79 62 -12179489.0000000000000000
80 62 9615386.0000000000000000
81 62 74786.3120000000053551
82 62 5769232.0000000000000000
83 62 1923077.0000000000000000
42 63 -125641.0000000000000000
43 63 -2617521.0000000000000000
44 63 74786.3120000000053551
45 63 -0.0007324218700000
46 63 -74786.1250000000000000
47 63 -74786.6250000000000000
60 63 -125641.0000000000000000
61 63 -74786.3120000000053551
62 63 2617521.0000000000000000
63 63 502564.1199999999953434
64 63 0.1875000000000000
65 63 -0.8203125000000000
66 63 -125641.0599999999976717
67 63 74786.1250000000000000
68 63 -2617522.0000000000000000
81 63 0.0003662109400000
82 63 74786.5000000000000000
83 63 74786.1870000000053551
84 63 -125641.0000000000000000
85 63 2617521.0000000000000000
86 63 -74786.1870000000053551
42 64 2617521.0000000000000000
43 64 28846144.0000000000000000
44 64 5769230.0000000000000000
45 64 74786.5620000000053551
46 64 9615387.0000000000000000
47 64 -12179486.0000000000000000
60 64 74786.3750000000000000
61 64 1923077.0000000000000000
62 64 5769231.0000000000000000
63 64 0.1875000000000000
64 64 150000020.0000000000000000
65 64 1282052.0000000000000000
66 64 -74786.5000000000000000
67 64 1923078.0000000000000000
68 64 5769233.0000000000000000
81 64 -74786.2500000000000000
82 64 9615388.0000000000000000
83 64 -12179493.0000000000000000
84 64 -2617522.0000000000000000
85 64 28846160.0000000000000000
86 64 5769231.0000000000000000
42 65 -74786.3750000000000000
43 65 5769231.0000000000000000
44 65 1923076.0000000000000000
45 65 74786.1250000000000000
46 65 -12179498.0000000000000000
47 65 9615390.0000000000000000
60 65 -2617521.0000000000000000
61 65 5769230.0000000000000000
62 65 28846144.0000000000000000
63 65 -0.8203125000000000
64 65 1282052.0000000000000000
65 65 150000020.0000000000000000
66 65 2617522.0000000000000000
67 65 5769233.0000000000000000
68 65 28846160.0000000000000000
81 65 -74786.4370000000053551
82 65 -12179487.0000000000000000
83 65 9615385.0000000000000000
84 65 74786.4370000000053551
85 65 5769231.0000000000000000
86 65 1923077.0000000000000000
45 66 -125641.0599999999976717
46 66 -2617523.0000000000000000
47 66 74786.5000000000000000
48 66 -0.0006103515600000
49 66 -74786.3120000000053551
63 66 -125641.0599999999976717
64 66 -74786.5000000000000000
65 66 2617522.0000000000000000
66 66 502564.2500000000000000
67 66 -0.6953125000000000
68 66 -0.1562500000000000
69 66 -125641.0599999999976717
70 66 74786.4370000000053551
84 66 -0.0008544921900000
85 66 74786.3120000000053551
86 66 74786.3120000000053551
87 66 -125641.0599999999976717
88 66 2617522.0000000000000000
89 66 -74786.5000000000000000
45 67 2617522.0000000000000000
46 67 28846160.0000000000000000
47 67 5769233.0000000000000000
48 67 74786.3120000000053551
49 67 9615383.0000000000000000
63 67 74786.1250000000000000
64 67 1923078.0000000000000000
65 67 5769233.0000000000000000
66 67 -0.6953125000000000
67 67 150000030.0000000000000000
68 67 1282052.0000000000000000
69 67 -74786.2500000000000000
70 67 1923077.0000000000000000
84 67 -74786.3120000000053551
85 67 9615382.0000000000000000
86 67 -12179484.0000000000000000
87 67 -2617521.0000000000000000
88 67 28846160.0000000000000000
89 67 5769232.0000000000000000
45 68 -74786.2500000000000000
46 68 5769232.0000000000000000
47 68 1923077.0000000000000000
48 68 74786.3750000000000000
49 68 -12179487.0000000000000000
63 68 -2617522.0000000000000000
64 68 5769233.0000000000000000
65 68 28846160.0000000000000000
66 68 -0.1562500000000000
67 68 1282052.0000000000000000
68 68 150000030.0000000000000000
69 68 2617522.0000000000000000
70 68 5769233.0000000000000000
84 68 -74786.3120000000053551
85 68 -12179484.0000000000000000
86 68 9615382.0000000000000000
87 68 74786.1870000000053551
88 68 5769231.0000000000000000
89 68 1923077.0000000000000000
48 69 -62820.5160000000032596
49 69 -1540598.0000000000000000
66 69 -125641.0599999999976717
67 69 -74786.2500000000000000
68 69 2617522.0000000000000000
69 69 251282.1199999999953434
70 69 463675.9400000000023283
87 69 0.0009765625000000
88 69 74786.3750000000000000
89 69 74786.3750000000000000
90 69 -62820.5469999999986612
91 69 1076924.0000000000000000
48 70 1076923.0000000000000000
49 70 14423077.0000000000000000
66 70 74786.4370000000053551
67 70 1923077.0000000000000000
68 70 5769233.0000000000000000
69 70 463675.9400000000023283
70 70 75000016.0000000000000000
87 70 -74786.3750000000000000
88 70 9615389.0000000000000000
89 70 -12179494.0000000000000000
90 70 -1540599.0000000000000000
91 70 14423084.0000000000000000
50 71 961538.5600000000558794
51 71 74786.3120000000053551
52 71 -12179487.0000000000000000
53 71 9615383.0000000000000000
71 71 75000000.0000000000000000
72 71 2617521.0000000000000000
73 71 5769230.0000000000000000
74 71 28846144.0000000000000000
92 71 961538.3100000000558794
51 72 -125641.0000000000000000
52 72 -2617521.0000000000000000
53 72 74786.3120000000053551
55 72 -74786.3120000000053551
56 72 -74786.3750000000000000
71 72 2617521.0000000000000000
72 72 502564.0599999999976717
73 72 -0.1562500000000000
74 72 0.0703125000000000
75 72 -125641.0000000000000000
76 72 74786.2500000000000000
77 72 -2617521.0000000000000000
92 72 74786.3120000000053551
93 72 -125641.0000000000000000
94 72 2617521.0000000000000000
95 72 -74786.3120000000053551
51 73 2617521.0000000000000000
52 73 28846160.0000000000000000
53 73 5769231.0000000000000000
54 73 74786.3750000000000000
55 73 9615385.0000000000000000
56 73 -12179487.0000000000000000
71 73 5769230.0000000000000000
72 73 -0.1562500000000000
73 73 149999980.0000000000000000
74 73 1282052.0000000000000000
75 73 -74786.3750000000000000
76 73 1923077.0000000000000000
77 73 5769231.0000000000000000
92 73 -12179486.0000000000000000
93 73 -2617521.0000000000000000
94 73 28846144.0000000000000000
95 73 5769230.0000000000000000
51 74 -74786.3120000000053551
52 74 5769231.0000000000000000
53 74 1923077.0000000000000000
54 74 74786.2500000000000000
55 74 -12179488.0000000000000000
56 74 9615384.0000000000000000
71 74 28846144.0000000000000000
72 74 0.0703125000000000
73 74 1282052.0000000000000000
74 74 149999980.0000000000000000
75 74 2617521.0000000000000000
76 74 5769230.0000000000000000
77 74 28846144.0000000000000000
92 74 9615384.0000000000000000
93 74 74786.3750000000000000
94 74 5769230.0000000000000000
95 74 1923076.0000000000000000
54 75 -125641.0000000000000000
55 75 -2617521.0000000000000000
56 75 74786.3750000000000000
57 75 0.0008544921900000
58 75 -74786.2500000000000000
59 75 -74786.3120000000053551
72 75 -125641.0000000000000000
73 75 -74786.3750000000000000
74 75 2617521.0000000000000000
75 75 502564.0599999999976717
76 75 0.0703125000000000
77 75 -0.1484375000000000
78 75 -125641.0000000000000000
79 75 74786.3120000000053551
80 75 -2617521.0000000000000000
93 75 -0.0008544921900000
94 75 74786.3750000000000000
95 75 74786.2500000000000000
96 75 -125641.0000000000000000
97 75 2617521.0000000000000000
98 75 -74786.3120000000053551
54 76 2617521.0000000000000000
55 76 28846144.0000000000000000
56 76 5769231.0000000000000000
57 76 74786.3750000000000000
58 76 9615385.0000000000000000
59 76 -12179485.0000000000000000
72 76 74786.2500000000000000
73 76 1923077.0000000000000000
74 76 5769230.0000000000000000
75 76 0.0703125000000000
76 76 149999980.0000000000000000
77 76 1282051.0000000000000000
78 76 -74786.3750000000000000
79 76 1923077.0000000000000000
80 76 5769231.0000000000000000
93 76 -74786.2500000000000000
94 76 9615382.0000000000000000
95 76 -12179487.0000000000000000
96 76 -2617521.0000000000000000
97 76 28846144.0000000000000000
98 76 5769230.0000000000000000
54 77 -74786.2500000000000000
55 77 5769230.0000000000000000
56 77 1923077.0000000000000000
57 77 74786.2500000000000000
58 77 -12179488.0000000000000000
59 77 9615382.0000000000000000
72 77 -2617521.0000000000000000
73 77 5769231.0000000000000000
74 77 28846144.0000000000000000
75 77 -0.1484375000000000
76 77 1282051.0000000000000000
77 77 149999980.0000000000000000
78 77 2617521.0000000000000000
79 77 5769230.0000000000000000
80 77 28846144.0000000000000000
93 77 -74786.3750000000000000
94 77 -12179484.0000000000000000
95 77 9615383.0000000000000000
96 77 74786.3120000000053551
97 77 5769230.0000000000000000
98 77 1923077.0000000000000000
57 78 -125641.0000000000000000
58 78 -2617521.0000000000000000
59 78 74786.3120000000053551
60 78 0.0002441406200000
61 78 -74786.3120000000053551
62 78 -74786.3120000000053551
75 78 -125641.0000000000000000
76 78 -74786.3750000000000000
77 78 2617521.0000000000000000
78 78 502564.1199999999953434
79 78 -0.2421875000000000
80 78 -0.2500000000000000
81 78 -125641.0000000000000000
82 78 74786.3120000000053551
83 78 -2617521.0000000000000000
96 78 -0.0002441406200000
97 78 74786.3120000000053551
98 78 74786.3120000000053551
99 78 -125641.0000000000000000
100 78 2617521.0000000000000000
101 78 -74786.3750000000000000
57 79 2617521.0000000000000000
58 79 28846160.0000000000000000
59 79 5769231.0000000000000000
60 79 74786.3120000000053551
61 79 9615385.0000000000000000
62 79 -12179489.0000000000000000
75 79 74786.3120000000053551
76 79 1923077.0000000000000000
77 79 5769230.0000000000000000
78 79 -0.2421875000000000
79 79 150000000.0000000000000000
80 79 1282051.0000000000000000
81 79 -74786.3120000000053551
82 79 1923077.0000000000000000
83 79 5769232.0000000000000000
96 79 -74786.3120000000053551
97 79 9615383.0000000000000000
98 79 -12179486.0000000000000000
99 79 -2617521.0000000000000000
100 79 28846144.0000000000000000
101 79 5769231.0000000000000000
57 80 -74786.3120000000053551
58 80 5769232.0000000000000000
59 80 1923077.0000000000000000
60 80 74786.3120000000053551
61 80 -12179489.0000000000000000
62 80 9615386.0000000000000000
75 80 -2617521.0000000000000000
76 80 5769231.0000000000000000
77 80 28846144.0000000000000000
78 80 -0.2500000000000000
79 80 1282051.0000000000000000
80 80 150000000.0000000000000000
81 80 2617521.0000000000000000
82 80 5769231.0000000000000000
83 80 28846160.0000000000000000
96 80 -74786.3120000000053551
97 80 -12179486.0000000000000000
98 80 9615383.0000000000000000
99 80 74786.3120000000053551
100 80 5769230.0000000000000000
101 80 1923076.0000000000000000
60 81 -125641.0000000000000000
61 81 -2617521.0000000000000000
62 81 74786.3120000000053551
63 81 0.0003662109400000
64 81 -74786.2500000000000000
65 81 -74786.4370000000053551
78 81 -125641.0000000000000000
79 81 -74786.3120000000053551
80 81 2617521.0000000000000000
81 81 502564.1900000000023283
82 81 0.5937500000000000
83 81 -0.6093750000000000
84 81 -125641.0599999999976717
85 81 74786.3750000000000000
86 81 -2617522.0000000000000000
99 81 -0.0007324218700000
100 81 74786.4370000000053551
101 81 74786.2500000000000000
102 81 -125641.0599999999976717
103 81 2617522.0000000000000000
104 81 -74786.3120000000053551
60 82 2617521.0000000000000000
61 82 28846160.0000000000000000
62 82 5769232.0000000000000000
63 82 74786.5000000000000000
64 82 9615388.0000000000000000
65 82 -12179487.0000000000000000
78 82 74786.3120000000053551
79 82 1923077.0000000000000000
80 82 5769231.0000000000000000
81 82 0.5937500000000000
82 82 150000030.0000000000000000
83 82 1282052.0000000000000000
84 82 -74786.3750000000000000
85 82 1923077.0000000000000000
86 82 5769233.0000000000000000
99 82 -74786.1870000000053551
100 82 9615385.0000000000000000
101 82 -12179493.0000000000000000
102 82 -2617522.0000000000000000
103 82 28846160.0000000000000000
104 82 5769232.0000000000000000
60 83 -74786.3120000000053551
61 83 5769231.0000000000000000
62 83 1923077.0000000000000000
63 83 74786.1870000000053551
64 83 -12179493.0000000000000000
65 83 9615385.0000000000000000
78 83 -2617521.0000000000000000
79 83 5769232.0000000000000000
80 83 28846160.0000000000000000
81 83 -0.6093750000000000
82 83 1282052.0000000000000000
83 83 150000030.0000000000000000
84 83 2617522.0000000000000000
85 83 5769232.0000000000000000
86 83 28846160.0000000000000000
99 83 -74786.5000000000000000
100 83 -12179487.0000000000000000
101 83 9615388.0000000000000000
102 83 74786.3750000000000000
103 83 5769233.0000000000000000
104 83 1923077.0000000000000000
63 84 -125641.0000000000000000
64 84 -2617522.0000000000000000
65 84 74786.4370000000053551
66 84 -0.0008544921900000
67 84 -74786.3120000000053551
68 84 -74786.3120000000053551
81 84 -125641.0599999999976717
82 84 -74786.3750000000000000
83 84 2617522.0000000000000000
84 84 502564.1199999999953434
85 84 0.0859375000000000
86 84 1.5781250000000000
87 84 -125641.0000000000000000
88 84 74786.2500000000000000
89 84 -2617520.0000000000000000
103 84 74786.3120000000053551
104 84 74786.3120000000053551
105 84 -125641.0000000000000000
106 84 2617521.0000000000000000
107 84 -74786.1870000000053551
63 85 2617521.0000000000000000
64 85 28846160.0000000000000000
65 85 5769231.0000000000000000
66 85 74786.3120000000053551
67 85 9615382.0000000000000000
68 85 -12179484.0000000000000000
81 85 74786.3750000000000000
82 85 1923077.0000000000000000
83 85 5769232.0000000000000000
84 85 0.0859375000000000
85 85 150000000.0000000000000000
86 85 1282052.0000000000000000
87 85 -74786.3120000000053551
88 85 1923077.0000000000000000
89 85 5769230.0000000000000000
102 85 -74786.3750000000000000
103 85 9615387.0000000000000000
104 85 -12179490.0000000000000000
105 85 -2617521.0000000000000000
106 85 28846144.0000000000000000
107 85 5769230.0000000000000000
63 86 -74786.1870000000053551
64 86 5769231.0000000000000000
65 86 1923077.0000000000000000
66 86 74786.3120000000053551
67 86 -12179484.0000000000000000
68 86 9615382.0000000000000000
81 86 -2617522.0000000000000000
82 86 5769233.0000000000000000
83 86 28846160.0000000000000000
84 86 1.5781250000000000
85 86 1282052.0000000000000000
86 86 150000000.0000000000000000
87 86 2617520.0000000000000000
88 86 5769229.0000000000000000
89 86 28846144.0000000000000000
102 86 -74786.3750000000000000
103 86 -12179490.0000000000000000
104 86 9615387.0000000000000000
105 86 74786.4370000000053551
106 86 5769230.0000000000000000
107 86 1923077.0000000000000000
66 87 -125641.0599999999976717
67 87 -2617521.0000000000000000
68 87 74786.1870000000053551
69 87 0.0009765625000000
70 87 -74786.3750000000000000
84 87 -125641.0000000000000000
85 87 -74786.3120000000053551
86 87 2617520.0000000000000000
87 87 502564.0000000000000000
88 87 -1.2890625000000000
89 87 -1.1250000000000000
90 87 -125641.0000000000000000
91 87 74786.1870000000053551
105 87 -0.0008544921900000
106 87 74786.2500000000000000
107 87 74786.3120000000053551
108 87 -125641.0000000000000000
109 87 2617520.0000000000000000
110 87 -74786.3120000000053551
66 88 2617522.0000000000000000
67 88 28846160.0000000000000000
68 88 5769231.0000000000000000
69 88 74786.3750000000000000
70 88 9615389.0000000000000000
84 88 74786.2500000000000000
85 88 1923077.0000000000000000
86 88 5769229.0000000000000000
87 88 -1.2890625000000000
88 88 149999980.0000000000000000
89 88 1282051.0000000000000000
90 88 -74786.4370000000053551
91 88 1923077.0000000000000000
105 88 -74786.3120000000053551
106 88 9615380.0000000000000000
107 88 -12179482.0000000000000000
108 88 -2617520.0000000000000000
109 88 28846144.0000000000000000
110 88 5769228.0000000000000000
66 89 -74786.5000000000000000
67 89 5769232.0000000000000000
68 89 1923077.0000000000000000
69 89 74786.3750000000000000
70 89 -12179494.0000000000000000
84 89 -2617520.0000000000000000
85 89 5769230.0000000000000000
86 89 28846144.0000000000000000
87 89 -1.1250000000000000
88 89 1282051.0000000000000000
89 89 149999980.0000000000000000
90 89 2617522.0000000000000000
91 89 5769231.0000000000000000
105 89 -74786.3750000000000000
106 89 -12179482.0000000000000000
107 89 9615382.0000000000000000
108 89 74786.3120000000053551
109 89 5769228.0000000000000000
110 89 1923076.0000000000000000
69 90 -62820.5469999999986612
70 90 -1540599.0000000000000000
87 90 -125641.0000000000000000
88 90 -74786.4370000000053551
89 90 2617522.0000000000000000
90 90 251282.0599999999976717
91 90 463674.1900000000023283
108 90 -0.0008544921900000
109 90 74786.2500000000000000
110 90 74786.3120000000053551
111 90 -62820.4879999999975553
112 90 1076923.0000000000000000
69 91 1076924.0000000000000000
70 91 14423084.0000000000000000
87 91 74786.1870000000053551
88 91 1923077.0000000000000000
89 91 5769231.0000000000000000
90 91 463674.1900000000023283
91 91 75000000.0000000000000000
108 91 -74786.3120000000053551
109 91 9615380.0000000000000000
110 91 -12179482.0000000000000000
111 91 -1540598.0000000000000000
112 91 14423071.0000000000000000
71 92 961538.3100000000558794
72 92 74786.3120000000053551
73 92 -12179486.0000000000000000
74 92 9615384.0000000000000000
92 92 75000000.0000000000000000
93 92 2617521.0000000000000000
94 92 5769231.0000000000000000
95 92 28846160.0000000000000000
113 92 961538.5000000000000000
72 93 -125641.0000000000000000
73 93 -2617521.0000000000000000
74 93 74786.3750000000000000
75 93 -0.0008544921900000
76 93 -74786.2500000000000000
77 93 -74786.3750000000000000
92 93 2617521.0000000000000000
93 93 502564.1199999999953434
94 93 0.7031250000000000
95 93 -0.1328125000000000
96 93 -125641.0599999999976717
97 93 74786.3750000000000000
98 93 -2617522.0000000000000000
113 93 74786.3120000000053551
114 93 -125641.0599999999976717
115 93 2617522.0000000000000000
116 93 -74786.3750000000000000
72 94 2617521.0000000000000000
73 94 28846144.0000000000000000
74 94 5769230.0000000000000000
75 94 74786.3750000000000000
76 94 9615382.0000000000000000
77 94 -12179484.0000000000000000
92 94 5769231.0000000000000000
93 94 0.7031250000000000
94 94 150000000.0000000000000000
95 94 1282051.0000000000000000
96 94 -74786.2500000000000000
97 94 1923077.0000000000000000
98 94 5769231.0000000000000000
113 94 -12179488.0000000000000000
114 94 -2617522.0000000000000000
115 94 28846160.0000000000000000
116 94 5769232.0000000000000000
72 95 -74786.3120000000053551
73 95 5769230.0000000000000000
74 95 1923076.0000000000000000
75 95 74786.2500000000000000
76 95 -12179487.0000000000000000
77 95 9615383.0000000000000000
92 95 28846160.0000000000000000
93 95 -0.1328125000000000
94 95 1282051.0000000000000000
95 95 150000000.0000000000000000
96 95 2617522.0000000000000000
97 95 5769232.0000000000000000
98 95 28846160.0000000000000000
113 95 9615384.0000000000000000
114 95 74786.2500000000000000
115 95 5769232.0000000000000000
116 95 1923077.0000000000000000
75 96 -125641.0000000000000000
76 96 -2617521.0000000000000000
77 96 74786.3120000000053551
78 96 -0.0002441406200000
79 96 -74786.3120000000053551
80 96 -74786.3120000000053551
93 96 -125641.0599999999976717
94 96 -74786.2500000000000000
95 96 2617522.0000000000000000
96 96 502564.1199999999953434
97 96 0.2890625000000000
98 96 0.3984375000000000
99 96 -125641.0000000000000000
100 96 74786.3750000000000000
101 96 -2617521.0000000000000000
114 96 0.0002441406200000
115 96 74786.2500000000000000
116 96 74786.3750000000000000
117 96 -125641.0000000000000000
118 96 2617521.0000000000000000
119 96 -74786.3120000000053551
75 97 2617521.0000000000000000
76 97 28846144.0000000000000000
77 97 5769230.0000000000000000
78 97 74786.3120000000053551
79 97 9615383.0000000000000000
80 97 -12179486.0000000000000000
93 97 74786.3750000000000000
94 97 1923077.0000000000000000
95 97 5769232.0000000000000000
96 97 0.2890625000000000
97 97 150000000.0000000000000000
98 97 1282051.0000000000000000
99 97 -74786.3120000000053551
100 97 1923077.0000000000000000
101 97 5769230.0000000000000000
114 97 -74786.4370000000053551
115 97 9615387.0000000000000000
116 97 -12179488.0000000000000000
117 97 -2617521.0000000000000000
118 97 28846160.0000000000000000
119 97 5769231.0000000000000000
75 98 -74786.3120000000053551
76 98 5769230.0000000000000000
77 98 1923077.0000000000000000
78 98 74786.3120000000053551
79 98 -12179486.0000000000000000
80 98 9615383.0000000000000000
93 98 -2617522.0000000000000000
94 98 5769231.0000000000000000
95 98 28846160.0000000000000000
96 98 0.3984375000000000
97 98 1282051.0000000000000000
98 98 150000000.0000000000000000
99 98 2617521.0000000000000000
100 98 5769231.0000000000000000
101 98 28846144.0000000000000000
114 98 -74786.2500000000000000
115 98 -12179491.0000000000000000
116 98 9615385.0000000000000000
117 98 74786.3120000000053551
118 98 5769231.0000000000000000
119 98 1923077.0000000000000000
78 99 -125641.0000000000000000
79 99 -2617521.0000000000000000
80 99 74786.3120000000053551
81 99 -0.0007324218700000
82 99 -74786.1870000000053551
83 99 -74786.5000000000000000
96 99 -125641.0000000000000000
97 99 -74786.3120000000053551
98 99 2617521.0000000000000000
99 99 502564.1199999999953434
100 99 0.2500000000000000
101 99 -0.2734375000000000
102 99 -125641.0000000000000000
103 99 74786.1870000000053551
104 99 -2617521.0000000000000000
117 99 0.0003662109400000
118 99 74786.5000000000000000
119 99 74786.1870000000053551
120 99 -125641.0000000000000000
121 99 2617521.0000000000000000
122 99 -74786.1870000000053551
78 100 2617521.0000000000000000
79 100 28846144.0000000000000000
80 100 5769230.0000000000000000
81 100 74786.4370000000053551
82 100 9615385.0000000000000000
83 100 -12179487.0000000000000000
96 100 74786.3750000000000000
97 100 1923077.0000000000000000
98 100 5769231.0000000000000000
99 100 0.2500000000000000
100 100 150000000.0000000000000000
101 100 1282052.0000000000000000
102 100 -74786.4370000000053551
103 100 1923078.0000000000000000
104 100 5769231.0000000000000000
117 100 -74786.2500000000000000
118 100 9615388.0000000000000000
119 100 -12179493.0000000000000000
120 100 -2617522.0000000000000000
121 100 28846160.0000000000000000
122 100 5769231.0000000000000000
78 101 -74786.3750000000000000
79 101 5769231.0000000000000000
80 101 1923076.0000000000000000
81 101 74786.2500000000000000
82 101 -12179493.0000000000000000
83 101 9615388.0000000000000000
96 101 -2617521.0000000000000000
97 101 5769230.0000000000000000
98 101 28846144.0000000000000000
99 101 -0.2734375000000000
100 101 1282052.0000000000000000
101 101 150000000.0000000000000000
102 101 2617522.0000000000000000
103 101 5769232.0000000000000000
104 101 28846160.0000000000000000
117 101 -74786.4370000000053551
118 101 -12179487.0000000000000000
119 101 9615385.0000000000000000
120 101 74786.4370000000053551
121 101 5769231.0000000000000000
122 101 1923077.0000000000000000
81 102 -125641.0599999999976717
82 102 -2617522.0000000000000000
83 102 74786.3750000000000000
85 102 -74786.3750000000000000
86 102 -74786.3750000000000000
99 102 -125641.0000000000000000
100 102 -74786.4370000000053551
101 102 2617522.0000000000000000
102 102 502564.1199999999953434
103 102 -1.5234375000000000
104 102 -0.0781250000000000
105 102 -125641.0000000000000000
106 102 74786.2500000000000000
107 102 -2617521.0000000000000000
120 102 -0.0008544921900000
121 102 74786.3120000000053551
122 102 74786.3120000000053551
123 102 -125641.0000000000000000
124 102 2617520.0000000000000000
125 102 -74786.2500000000000000
81 103 2617522.0000000000000000
82 103 28846160.0000000000000000
83 103 5769233.0000000000000000
84 103 74786.3120000000053551
85 103 9615387.0000000000000000
86 103 -12179490.0000000000000000
99 103 74786.1870000000053551
100 103 1923078.0000000000000000
101 103 5769232.0000000000000000
102 103 -1.5234375000000000
103 103 150000000.0000000000000000
104 103 1282052.0000000000000000
105 103 -74786.4370000000053551
106 103 1923077.0000000000000000
107 103 5769230.0000000000000000
120 103 -74786.3120000000053551
121 103 9615382.0000000000000000
122 103 -12179484.0000000000000000
123 103 -2617520.0000000000000000
124 103 28846144.0000000000000000
125 103 5769228.0000000000000000
81 104 -74786.3120000000053551
82 104 5769232.0000000000000000
83 104 1923077.0000000000000000
84 104 74786.3120000000053551
85 104 -12179490.0000000000000000
86 104 9615387.0000000000000000
99 104 -2617521.0000000000000000
100 104 5769231.0000000000000000
101 104 28846160.0000000000000000
102 104 -0.0781250000000000
103 104 1282052.0000000000000000
104 104 150000000.0000000000000000
105 104 2617521.0000000000000000
106 104 5769230.0000000000000000
107 104 28846144.0000000000000000
120 104 -74786.3120000000053551
121 104 -12179484.0000000000000000
122 104 9615382.0000000000000000
123 104 74786.3120000000053551
124 104 5769230.0000000000000000
125 104 1923076.0000000000000000
84 105 -125641.0000000000000000
85 105 -2617521.0000000000000000
86 105 74786.4370000000053551
87 105 -0.0008544921900000
88 105 -74786.3120000000053551
89 105 -74786.3750000000000000
102 105 -125641.0000000000000000
103 105 -74786.4370000000053551
104 105 2617521.0000000000000000
105 105 502564.1900000000023283
106 105 0.9453125000000000
107 105 -1.0156250000000000
108 105 -125641.0599999999976717
109 105 74786.6250000000000000
110 105 -2617523.0000000000000000
123 105 -0.0001220703100000
124 105 74786.3120000000053551
125 105 74786.2500000000000000
126 105 -125641.0599999999976717
127 105 2617523.0000000000000000
128 105 -74786.6250000000000000
84 106 2617521.0000000000000000
85 106 28846144.0000000000000000
86 106 5769230.0000000000000000
87 106 74786.2500000000000000
88 106 9615380.0000000000000000
89 106 -12179482.0000000000000000
102 106 74786.2500000000000000
103 106 1923077.0000000000000000
104 106 5769230.0000000000000000
105 106 0.9453125000000000
106 106 150000020.0000000000000000
107 106 1282051.0000000000000000
108 106 -74786.0620000000053551
109 106 1923078.0000000000000000
110 106 5769233.0000000000000000
123 106 -74786.3120000000053551
124 106 9615382.0000000000000000
125 106 -12179482.0000000000000000
126 106 -2617522.0000000000000000
127 106 28846160.0000000000000000
128 106 5769234.0000000000000000
84 107 -74786.1870000000053551
85 107 5769230.0000000000000000
86 107 1923077.0000000000000000
87 107 74786.3120000000053551
88 107 -12179482.0000000000000000
89 107 9615382.0000000000000000
102 107 -2617521.0000000000000000
103 107 5769230.0000000000000000
104 107 28846144.0000000000000000
105 107 -1.0156250000000000
106 107 1282051.0000000000000000
107 107 150000020.0000000000000000
108 107 2617522.0000000000000000
109 107 5769235.0000000000000000
110 107 28846160.0000000000000000
123 107 -74786.2500000000000000
124 107 -12179482.0000000000000000
125 107 9615379.0000000000000000
126 107 74786.0620000000053551
127 107 5769233.0000000000000000
128 107 1923078.0000000000000000
87 108 -125641.0000000000000000
88 108 -2617520.0000000000000000
89 108 74786.3120000000053551
90 108 -0.0008544921900000
91 108 -74786.3120000000053551
105 108 -125641.0599999999976717
106 108 -74786.0620000000053551
107 108 2617522.0000000000000000
108 108 502564.2500000000000000
109 108 4.2109375000000000
110 108 1.6250000000000000
111 108 -125641.0000000000000000
112 108 74786.5000000000000000
127 108 74786.6870000000053551
128 108 74786.2500000000000000
129 108 -125641.1900000000023283
130 108 2617524.0000000000000000
131 108 -74786.1250000000000000
87 109 2617520.0000000000000000
88 109 28846144.0000000000000000
89 109 5769228.0000000000000000
90 109 74786.2500000000000000
91 109 9615380.0000000000000000
105 109 74786.6250000000000000
106 109 1923078.0000000000000000
107 109 5769235.0000000000000000
108 109 4.2109375000000000
109 109 150000060.0000000000000000
110 109 1282052.0000000000000000
111 109 -74786.1870000000053551
112 109 1923077.0000000000000000
126 109 -74786.2500000000000000
127 109 9615401.0000000000000000
128 109 -12179514.0000000000000000
129 109 -2617525.0000000000000000
130 109 28846192.0000000000000000
131 109 5769238.0000000000000000
87 110 -74786.3120000000053551
88 110 5769228.0000000000000000
89 110 1923076.0000000000000000
90 110 74786.3120000000053551
91 110 -12179482.0000000000000000
105 110 -2617523.0000000000000000
106 110 5769233.0000000000000000
107 110 28846160.0000000000000000
108 110 1.6250000000000000
109 110 1282052.0000000000000000
110 110 150000050.0000000000000000
111 110 2617521.0000000000000000
112 110 5769232.0000000000000000
126 110 -74786.6870000000053551
127 110 -12179502.0000000000000000
128 110 9615401.0000000000000000
129 110 74786.6870000000053551
130 110 5769239.0000000000000000
131 110 1923079.0000000000000000
90 111 -62820.4879999999975553
91 111 -1540598.0000000000000000
108 111 -125641.0000000000000000
109 111 -74786.1870000000053551
110 111 2617521.0000000000000000
111 111 251281.9400000000023283
112 111 463674.1900000000023283
129 111 0.0009765625000000
130 111 74785.8120000000053551
131 111 74786.7500000000000000
132 111 -62820.4409999999988941
133 111 1076922.0000000000000000
90 112 1076923.0000000000000000
91 112 14423071.0000000000000000
108 112 74786.5000000000000000
109 112 1923077.0000000000000000
110 112 5769232.0000000000000000
111 112 463674.1900000000023283
112 112 74999952.0000000000000000
129 112 -74786.7500000000000000
130 112 9615381.0000000000000000
131 112 -12179472.0000000000000000
132 112 -1540597.0000000000000000
133 112 14423061.0000000000000000
92 113 961538.5000000000000000
93 113 74786.3120000000053551
94 113 -12179488.0000000000000000
95 113 9615384.0000000000000000
113 113 75000000.0000000000000000
114 113 2617522.0000000000000000
115 113 5769231.0000000000000000
116 113 28846160.0000000000000000
134 113 961538.5000000000000000
93 114 -125641.0599999999976717
94 114 -2617522.0000000000000000
95 114 74786.2500000000000000
96 114 0.0002441406200000
97 114 -74786.4370000000053551
98 114 -74786.2500000000000000
113 114 2617522.0000000000000000
114 114 502564.1900000000023283
115 114 -0.0468750000000000
116 114 -0.2109375000000000
117 114 -125641.0599999999976717
118 114 74786.3750000000000000
119 114 -2617522.0000000000000000
134 114 74786.3120000000053551
135 114 -125641.0599999999976717
136 114 -74786.3750000000000000
93 115 2617522.0000000000000000
94 115 28846160.0000000000000000
95 115 5769232.0000000000000000
96 115 74786.2500000000000000
97 115 9615387.0000000000000000
98 115 -12179491.0000000000000000
113 115 5769231.0000000000000000
114 115 -0.0468750000000000
115 115 150000020.0000000000000000
116 115 1282051.0000000000000000
117 115 -74786.3120000000053551
118 115 1923077.0000000000000000
119 115 5769231.0000000000000000
134 115 -12179488.0000000000000000
135 115 -2617522.0000000000000000
136 115 5769232.0000000000000000
93 116 -74786.3750000000000000
94 116 5769232.0000000000000000
95 116 1923077.0000000000000000
96 116 74786.3750000000000000
97 116 -12179488.0000000000000000
98 116 9615385.0000000000000000
113 116 28846160.0000000000000000
114 116 -0.2109375000000000
115 116 1282051.0000000000000000
116 116 150000020.0000000000000000
117 116 2617522.0000000000000000
118 116 5769232.0000000000000000
119 116 28846160.0000000000000000
134 116 9615384.0000000000000000
135 116 74786.2500000000000000
136 116 1923077.0000000000000000
96 117 -125641.0000000000000000
97 117 -2617521.0000000000000000
98 117 74786.3120000000053551
99 117 0.0003662109400000
100 117 -74786.2500000000000000
101 117 -74786.4370000000053551
114 117 -125641.0599999999976717
115 117 -74786.3120000000053551
116 117 2617522.0000000000000000
117 117 502564.1900000000023283
118 117 0.0078125000000000
119 117 -0.1484375000000000
120 117 -125641.0599999999976717
121 117 74786.3120000000053551
122 117 -2617522.0000000000000000
135 117 0.0002441406200000
136 117 74786.3750000000000000
137 117 -125641.0000000000000000
138 117 -74786.3120000000053551
96 118 2617521.0000000000000000
97 118 28846160.0000000000000000
98 118 5769231.0000000000000000
99 118 74786.5000000000000000
100 118 9615388.0000000000000000
101 118 -12179487.0000000000000000
114 118 74786.3750000000000000
115 118 1923077.0000000000000000
116 118 5769232.0000000000000000
117 118 0.0078125000000000
118 118 150000020.0000000000000000
119 118 1282051.0000000000000000
120 118 -74786.4370000000053551
121 118 1923077.0000000000000000
122 118 5769231.0000000000000000
135 118 -74786.4370000000053551
136 118 -12179488.0000000000000000
137 118 -2617521.0000000000000000
138 118 5769231.0000000000000000
96 119 -74786.3120000000053551
97 119 5769231.0000000000000000
98 119 1923077.0000000000000000
99 119 74786.1870000000053551
100 119 -12179493.0000000000000000
101 119 9615385.0000000000000000
114 119 -2617522.0000000000000000
115 119 5769231.0000000000000000
116 119 28846160.0000000000000000
117 119 -0.1484375000000000
118 119 1282051.0000000000000000
119 119 150000020.0000000000000000
120 119 2617522.0000000000000000
121 119 5769231.0000000000000000
122 119 28846160.0000000000000000
135 119 -74786.2500000000000000
136 119 9615385.0000000000000000
137 119 74786.3120000000053551
138 119 1923077.0000000000000000
99 120 -125641.0000000000000000
100 120 -2617522.0000000000000000
101 120 74786.4370000000053551
102 120 -0.0008544921900000
103 120 -74786.3120000000053551
104 120 -74786.3120000000053551
117 120 -125641.0599999999976717
118 120 -74786.4370000000053551
119 120 2617522.0000000000000000
120 120 502564.1199999999953434
121 120 0.0234375000000000
122 120 0.2812500000000000
123 120 -125641.0599999999976717
124 120 74786.5000000000000000
125 120 -2617522.0000000000000000
137 120 0.0002441406200000
138 120 74786.3750000000000000
139 120 -125641.0000000000000000
140 120 -74786.5000000000000000
99 121 2617521.0000000000000000
100 121 28846160.0000000000000000
101 121 5769231.0000000000000000
102 121 74786.3120000000053551
103 121 9615382.0000000000000000
104 121 -12179484.0000000000000000
117 121 74786.3120000000053551
118 121 1923077.0000000000000000
119 121 5769231.0000000000000000
120 121 0.0234375000000000
121 121 150000000.0000000000000000
122 121 1282051.0000000000000000
123 121 -74786.1870000000053551
124 121 1923077.0000000000000000
125 121 5769231.0000000000000000
137 121 -74786.4370000000053551
138 121 -12179482.0000000000000000
139 121 -2617521.0000000000000000
140 121 5769232.0000000000000000
99 122 -74786.1870000000053551
100 122 5769231.0000000000000000
101 122 1923077.0000000000000000
102 122 74786.3120000000053551
103 122 -12179484.0000000000000000
104 122 9615382.0000000000000000
117 122 -2617522.0000000000000000
118 122 5769231.0000000000000000
119 122 28846160.0000000000000000
120 122 0.2812500000000000
121 122 1282051.0000000000000000
122 122 150000020.0000000000000000
123 122 2617521.0000000000000000
124 122 5769232.0000000000000000
125 122 28846160.0000000000000000
137 122 -74786.1250000000000000
138 122 9615381.0000000000000000
139 122 74786.1870000000053551
140 122 1923077.0000000000000000
102 123 -125641.0000000000000000
103 123 -2617520.0000000000000000
104 123 74786.3120000000053551
105 123 -0.0001220703100000
106 123 -74786.3120000000053551
107 123 -74786.2500000000000000
120 123 -125641.0599999999976717
121 123 -74786.1870000000053551
122 123 2617521.0000000000000000
123 123 502564.0000000000000000
124 123 1.1640625000000000
125 123 1.3359375000000000
126 123 -125641.0000000000000000
127 123 74786.3120000000053551
128 123 -2617520.0000000000000000
139 123 0.0009765625000000
140 123 74786.3750000000000000
141 123 -125641.0000000000000000
142 123 -74786.1870000000053551
102 124 2617520.0000000000000000
103 124 28846144.0000000000000000
104 124 5769230.0000000000000000
105 124 74786.3120000000053551
106 124 9615382.0000000000000000
107 124 -12179482.0000000000000000
120 124 74786.5000000000000000
121 124 1923077.0000000000000000
122 124 5769232.0000000000000000
123 124 1.1640625000000000
124 124 149999980.0000000000000000
125 124 1282051.0000000000000000
126 124 -74786.3120000000053551
127 124 1923076.0000000000000000
128 124 5769228.0000000000000000
139 124 -74786.3750000000000000
140 124 -12179494.0000000000000000
141 124 -2617522.0000000000000000
142 124 5769231.0000000000000000
102 125 -74786.2500000000000000
103 125 5769228.0000000000000000
104 125 1923076.0000000000000000
105 125 74786.2500000000000000
106 125 -12179482.0000000000000000
107 125 9615379.0000000000000000
120 125 -2617522.0000000000000000
121 125 5769231.0000000000000000
122 125 28846160.0000000000000000
123 125 1.3359375000000000
124 125 1282051.0000000000000000
125 125 149999980.0000000000000000
126 125 2617520.0000000000000000
127 125 5769228.0000000000000000
128 125 28846144.0000000000000000
139 125 -74786.3120000000053551
140 125 9615389.0000000000000000
141 125 74786.5000000000000000
142 125 1923077.0000000000000000
105 126 -125641.0599999999976717
106 126 -2617522.0000000000000000
107 126 74786.0620000000053551
109 126 -74786.2500000000000000
110 126 -74786.6870000000053551
123 126 -125641.0000000000000000
124 126 -74786.3120000000053551
125 126 2617520.0000000000000000
126 126 502564.0599999999976717
127 126 -3.1093750000000000
128 126 -2.7187500000000000
129 126 -125641.0599999999976717
130 126 74785.8120000000053551
131 126 -2617522.0000000000000000
141 126 -0.0001220703100000
142 126 74786.2500000000000000
143 126 -125640.9400000000023283
144 126 -74786.1250000000000000
105 127 2617523.0000000000000000
106 127 28846160.0000000000000000
107 127 5769233.0000000000000000
108 127 74786.6870000000053551
109 127 9615401.0000000000000000
110 127 -12179502.0000000000000000
123 127 74786.3120000000053551
124 127 1923076.0000000000000000
125 127 5769228.0000000000000000
126 127 -3.1093750000000000
127 127 150000000.0000000000000000
128 127 1282052.0000000000000000
129 127 -74786.9370000000053551
130 127 1923078.0000000000000000
131 127 5769235.0000000000000000
141 127 -74786.3120000000053551
142 127 -12179482.0000000000000000
143 127 -2617519.0000000000000000
144 127 5769227.0000000000000000
105 128 -74786.6250000000000000
106 128 5769234.0000000000000000
107 128 1923078.0000000000000000
108 128 74786.2500000000000000
109 128 -12179514.0000000000000000
110 128 9615401.0000000000000000
123 128 -2617520.0000000000000000
124 128 5769228.0000000000000000
125 128 28846144.0000000000000000
126 128 -2.7187500000000000
127 128 1282052.0000000000000000
128 128 150000020.0000000000000000
129 128 2617523.0000000000000000
130 128 5769233.0000000000000000
131 128 28846160.0000000000000000
141 128 -74786.2500000000000000
142 128 9615379.0000000000000000
143 128 74786.3750000000000000
144 128 1923075.0000000000000000
108 129 -125641.1900000000023283
109 129 -2617525.0000000000000000
110 129 74786.6870000000053551
111 129 0.0009765625000000
112 129 -74786.7500000000000000
126 129 -125641.0599999999976717
127 129 -74786.9370000000053551
128 129 2617523.0000000000000000
129 129 502564.2500000000000000
130 129 -3.5390625000000000
131 129 1.3046875000000000
132 129 -125641.0000000000000000
133 129 74786.5620000000053551
143 129 0.0007324218700000
144 129 74786.2500000000000000
145 129 -125641.0000000000000000
146 129 -74786.5620000000053551
108 130 2617524.0000000000000000
109 130 28846192.0000000000000000
110 130 5769239.0000000000000000
111 130 74785.8120000000053551
112 130 9615381.0000000000000000
126 130 74785.8120000000053551
127 130 1923078.0000000000000000
128 130 5769233.0000000000000000
129 130 -3.5390625000000000
130 130 150000050.0000000000000000
131 130 1282050.0000000000000000
132 130 -74786.0620000000053551
133 130 1923076.0000000000000000
143 130 -74786.2500000000000000
144 130 -12179474.0000000000000000
145 130 -2617520.0000000000000000
146 130 5769230.0000000000000000
108 131 -74786.1250000000000000
109 131 5769238.0000000000000000
110 131 1923079.0000000000000000
111 131 74786.7500000000000000
112 131 -12179472.0000000000000000
126 131 -2617522.0000000000000000
127 131 5769235.0000000000000000
128 131 28846160.0000000000000000
129 131 1.3046875000000000
130 131 1282050.0000000000000000
131 131 150000000.0000000000000000
132 131 2617520.0000000000000000
133 131 5769230.0000000000000000
143 131 -74786.2500000000000000
144 131 9615374.0000000000000000
145 131 74786.0000000000000000
146 131 1923076.0000000000000000
111 132 -62820.4409999999988941
112 132 -1540597.0000000000000000
129 132 -125641.0000000000000000
130 132 -74786.0620000000053551
131 132 2617520.0000000000000000
132 132 251282.0000000000000000
133 132 463677.0000000000000000
145 132 0.0009765625000000
146 132 74786.3750000000000000
147 132 -62820.5469999999986612
111 133 1076922.0000000000000000
112 133 14423061.0000000000000000
129 133 74786.5620000000053551
130 133 1923076.0000000000000000
131 133 5769230.0000000000000000
132 133 463677.0000000000000000
133 133 74999984.0000000000000000
145 133 -74786.3750000000000000
146 133 -12179494.0000000000000000
147 133 -1540599.0000000000000000
113 134 961538.5000000000000000
114 134 74786.3120000000053551
115 134 -12179488.0000000000000000
116 134 9615384.0000000000000000
134 134 44230768.0000000000000000
135 134 1540598.0000000000000000
136 134 14423078.0000000000000000
114 135 -125641.0599999999976717
115 135 -2617522.0000000000000000
116 135 74786.2500000000000000
117 135 0.0002441406200000
118 135 -74786.4370000000053551
119 135 -74786.2500000000000000
134 135 1540598.0000000000000000
135 135 251282.0599999999976717
136 135 -463675.2500000000000000
137 135 -62820.5199999999967986
138 135 -1076923.0000000000000000
114 136 -74786.3750000000000000
115 136 5769232.0000000000000000
116 136 1923077.0000000000000000
117 136 74786.3750000000000000
118 136 -12179488.0000000000000000
119 136 9615385.0000000000000000
134 136 14423078.0000000000000000
135 136 -463675.2500000000000000
136 136 75000000.0000000000000000
137 136 1540598.0000000000000000
138 136 14423078.0000000000000000
117 137 -125641.0000000000000000
118 137 -2617521.0000000000000000
119 137 74786.3120000000053551
120 137 0.0002441406200000
121 137 -74786.4370000000053551
122 137 -74786.1250000000000000
135 137 -62820.5199999999967986
136 137 1540598.0000000000000000
137 137 251282.0599999999976717
138 137 -463674.6199999999953434
139 137 -62820.4879999999975553
140 137 -1076923.0000000000000000
117 138 -74786.3120000000053551
118 138 5769231.0000000000000000
119 138 1923077.0000000000000000
120 138 74786.3750000000000000
121 138 -12179482.0000000000000000
122 138 9615381.0000000000000000
135 138 -1076923.0000000000000000
136 138 14423078.0000000000000000
137 138 -463674.6199999999953434
138 138 74999984.0000000000000000
139 138 1540598.0000000000000000
140 138 14423071.0000000000000000
120 139 -125641.0000000000000000
121 139 -2617521.0000000000000000
122 139 74786.1870000000053551
123 139 0.0009765625000000
124 139 -74786.3750000000000000
125 139 -74786.3120000000053551
137 139 -62820.4879999999975553
138 139 1540598.0000000000000000
139 139 251282.0599999999976717
140 139 -463676.2500000000000000
141 139 -62820.5429999999978463
142 139 -1076924.0000000000000000
120 140 -74786.5000000000000000
121 140 5769232.0000000000000000
122 140 1923077.0000000000000000
123 140 74786.3750000000000000
124 140 -12179494.0000000000000000
125 140 9615389.0000000000000000
137 140 -1076923.0000000000000000
138 140 14423071.0000000000000000
139 140 -463676.2500000000000000
140 140 75000016.0000000000000000
141 140 1540599.0000000000000000
142 140 14423084.0000000000000000
123 141 -125641.0000000000000000
124 141 -2617522.0000000000000000
125 141 74786.5000000000000000
126 141 -0.0001220703100000
127 141 -74786.3120000000053551
128 141 -74786.2500000000000000
139 141 -62820.5429999999978463
140 141 1540599.0000000000000000
141 141 251282.0599999999976717
142 141 -463674.1900000000023283
143 141 -62820.4879999999975553
144 141 -1076923.0000000000000000
123 142 -74786.1870000000053551
124 142 5769231.0000000000000000
125 142 1923077.0000000000000000
126 142 74786.2500000000000000
127 142 -12179482.0000000000000000
128 142 9615379.0000000000000000
139 142 -1076924.0000000000000000
140 142 14423084.0000000000000000
141 142 -463674.1900000000023283
142 142 75000000.0000000000000000
143 142 1540598.0000000000000000
144 142 14423071.0000000000000000
126 143 -125640.9400000000023283
127 143 -2617519.0000000000000000
128 143 74786.3750000000000000
129 143 0.0007324218700000
130 143 -74786.2500000000000000
131 143 -74786.2500000000000000
141 143 -62820.4879999999975553
142 143 1540598.0000000000000000
143 143 251281.8699999999953434
144 143 -463674.0000000000000000
145 143 -62820.4409999999988941
146 143 -1076922.0000000000000000
126 144 -74786.1250000000000000
127 144 5769227.0000000000000000
128 144 1923075.0000000000000000
129 144 74786.2500000000000000
130 144 -12179474.0000000000000000
131 144 9615374.0000000000000000
141 144 -1076923.0000000000000000
142 144 14423071.0000000000000000
143 144 -463674.0000000000000000
144 144 74999936.0000000000000000
145 144 1540597.0000000000000000
146 144 14423061.0000000000000000
129 145 -125641.0000000000000000
130 145 -2617520.0000000000000000
131 145 74786.0000000000000000
132 145 0.0009765625000000
133 145 -74786.3750000000000000
143 145 -62820.4409999999988941
144 145 1540597.0000000000000000
145 145 251282.0000000000000000
146 145 -463676.9400000000023283
147 145 -62820.5429999999978463
129 146 -74786.5620000000053551
130 146 5769230.0000000000000000
131 146 1923076.0000000000000000
132 146 74786.3750000000000000
133 146 -12179494.0000000000000000
143 146 -1076922.0000000000000000
144 146 14423061.0000000000000000
145 146 -463676.9400000000023283
146 146 74999984.0000000000000000
147 146 1540599.0000000000000000
132 147 -62820.5469999999986612
133 147 -1540599.0000000000000000
145 147 -62820.5429999999978463
146 147 1540599.0000000000000000
147 147 125641.0599999999976717
