147 147 2441
1 1 765.3061500000000024
2 1 -280.6123000000000047
8 1 -382.6530799999999886
9 1 -4.7619046999999997
10 1 102.0408199999999965
11 1 484.6938499999999976
1 2 -280.6123000000000047
2 2 765.3061500000000024
3 2 -280.6123000000000047
9 2 -4.7619046999999997
10 2 102.0408199999999965
11 2 -382.6530799999999886
12 2 -4.7619046999999997
13 2 102.0408199999999965
14 2 484.6938499999999976
2 3 -280.6123000000000047
3 3 765.3061500000000024
4 3 -280.6123000000000047
12 3 -4.7619046999999997
13 3 102.0408199999999965
14 3 -382.6530799999999886
15 3 -4.7619046999999997
16 3 102.0408199999999965
17 3 484.6938499999999976
3 4 -280.6123000000000047
4 4 765.3061500000000024
5 4 -280.6123000000000047
15 4 -4.7619046999999997
16 4 102.0408199999999965
17 4 -382.6530799999999886
18 4 -4.7619046999999997
19 4 102.0408199999999965
20 4 484.6938499999999976
4 5 -280.6123000000000047
5 5 765.3061500000000024
6 5 -280.6123000000000047
18 5 -4.7619046999999997
19 5 102.0408199999999965
20 5 -382.6530799999999886
21 5 -4.7619046999999997
22 5 102.0408199999999965
23 5 484.6938499999999976
5 6 -280.6123000000000047
6 6 765.3061500000000024
7 6 -280.6123000000000047
21 6 -4.7619046999999997
22 6 102.0408199999999965
23 6 -382.6530799999999886
24 6 -4.7619046999999997
25 6 102.0408199999999965
26 6 484.6938499999999976
6 7 -280.6123000000000047
7 7 433.6733399999999961
24 7 -4.7619046999999997
25 7 102.0408199999999965
26 7 -382.6530799999999886
27 7 -2.3809518999999999
28 7 51.0204009999999997
1 8 -382.6530799999999886
8 8 1887.7548999999999069
9 8 55.9523769999999985
10 8 -280.6123000000000047
11 8 -306.1225600000000213
29 8 76.5306089999999983
1 9 -4.7619046999999997
2 9 -4.7619046999999997
8 9 55.9523769999999985
9 9 22.6666719999999984
10 9 -0.0000004768371600
11 9 -0.0000001192092900
12 9 -10.8888890000000007
13 9 0.0000004768371600
14 9 -55.9523769999999985
29 9 -32.1428530000000023
30 9 -0.2222222100000000
31 9 4.7619046999999997
32 9 36.9047550000000015
1 10 102.0408199999999965
2 10 102.0408199999999965
8 10 -280.6123000000000047
9 10 -0.0000004768371600
10 10 1530.6123000000000047
11 10 765.3061500000000024
12 10 0.0000004768371600
13 10 -561.2243700000000217
14 10 -280.6123000000000047
29 10 -382.6530799999999886
30 10 -4.7619046999999997
31 10 102.0408199999999965
32 10 484.6938499999999976
1 11 484.6938499999999976
2 11 -382.6530799999999886
8 11 -306.1225600000000213
9 11 -0.0000001192092900
10 11 765.3061500000000024
11 11 3775.5100000000002183
12 11 55.9523769999999985
13 11 -280.6123000000000047
14 11 -306.1225600000000213
29 11 -714.2856399999999439
30 11 -36.9047550000000015
31 11 484.6938499999999976
32 11 153.0612199999999916
2 12 -4.7619046999999997
3 12 -4.7619046999999997
9 12 -10.8888890000000007
10 12 0.0000004768371600
11 12 55.9523769999999985
12 12 22.6666719999999984
13 12 0.0000028610229000
14 12 0.0000003576278700
15 12 -10.8888890000000007
16 12 -0.0000028610229000
17 12 -55.9523769999999985
30 12 -0.2222222100000000
31 12 4.7619046999999997
32 12 -32.1428530000000023
33 12 -0.2222222100000000
34 12 4.7619046999999997
35 12 36.9047550000000015
2 13 102.0408199999999965
3 13 102.0408199999999965
9 13 0.0000004768371600
10 13 -561.2243700000000217
11 13 -280.6123000000000047
12 13 0.0000028610229000
13 13 1530.6123000000000047
14 13 765.3061500000000024
15 13 -0.0000028610229000
16 13 -561.2243700000000217
17 13 -280.6123000000000047
30 13 -4.7619046999999997
31 13 102.0408199999999965
32 13 -382.6530799999999886
33 13 -4.7619046999999997
34 13 102.0408199999999965
35 13 484.6938499999999976
2 14 484.6938499999999976
3 14 -382.6530799999999886
9 14 -55.9523769999999985
10 14 -280.6123000000000047
11 14 -306.1225600000000213
12 14 0.0000003576278700
13 14 765.3061500000000024
14 14 3775.5100000000002183
15 14 55.9523769999999985
16 14 -280.6123000000000047
17 14 -306.1223100000000272
30 14 32.1428530000000023
31 14 -382.6530799999999886
32 14 -714.2856399999999439
33 14 -36.9047550000000015
34 14 484.6938499999999976
35 14 153.0612000000000137
3 15 -4.7619046999999997
4 15 -4.7619046999999997
12 15 -10.8888890000000007
13 15 -0.0000028610229000
14 15 55.9523769999999985
15 15 22.6666719999999984
16 15 0.0000019073486000
17 15 0.0000016093254000
18 15 -10.8888879999999997
19 15 0.0000014305115000
20 15 -55.9523769999999985
33 15 -0.2222222100000000
34 15 4.7619046999999997
35 15 -32.1428530000000023
36 15 -0.2222222100000000
37 15 4.7619046999999997
38 15 36.9047550000000015
3 16 102.0408199999999965
4 16 102.0408199999999965
12 16 -0.0000028610229000
13 16 -561.2243700000000217
14 16 -280.6123000000000047
15 16 0.0000019073486000
16 16 1530.6123000000000047
17 16 765.3061500000000024
18 16 0.0000019073486000
19 16 -561.2243700000000217
20 16 -280.6123000000000047
33 16 -4.7619046999999997
34 16 102.0408199999999965
35 16 -382.6530799999999886
36 16 -4.7619046999999997
37 16 102.0408000000000044
38 16 484.6938499999999976
3 17 484.6938499999999976
4 17 -382.6530799999999886
12 17 -55.9523769999999985
13 17 -280.6123000000000047
14 17 -306.1223100000000272
15 17 0.0000016093254000
16 17 765.3061500000000024
17 17 3775.5100000000002183
18 17 55.9523769999999985
19 17 -280.6123000000000047
20 17 -306.1225600000000213
33 17 32.1428530000000023
34 17 -382.6530799999999886
35 17 -714.2856399999999439
36 17 -36.9047550000000015
37 17 484.6938499999999976
38 17 153.0612000000000137
4 18 -4.7619046999999997
5 18 -4.7619046999999997
15 18 -10.8888879999999997
16 18 0.0000019073486000
17 18 55.9523769999999985
18 18 22.6666719999999984
19 18 0.0000004768371600
20 18 0.0000011920929000
21 18 -10.8888879999999997
22 18 -0.0000023841858000
23 18 -55.9523769999999985
36 18 -0.2222222100000000
37 18 4.7619046999999997
38 18 -32.1428530000000023
39 18 -0.2222222100000000
40 18 4.7619046999999997
41 18 36.9047550000000015
4 19 102.0408199999999965
5 19 102.0408199999999965
15 19 0.0000014305115000
16 19 -561.2243700000000217
17 19 -280.6123000000000047
18 19 0.0000004768371600
19 19 1530.6121000000000549
20 19 765.3061500000000024
21 19 -0.0000028610229000
22 19 -561.2243700000000217
23 19 -280.6123000000000047
36 19 -4.7619046999999997
37 19 102.0408199999999965
38 19 -382.6530799999999886
39 19 -4.7619046999999997
40 19 102.0408199999999965
41 19 484.6938499999999976
4 20 484.6938499999999976
5 20 -382.6530799999999886
15 20 -55.9523769999999985
16 20 -280.6123000000000047
17 20 -306.1225600000000213
18 20 0.0000011920929000
19 20 765.3061500000000024
20 20 3775.5100000000002183
21 20 55.9523769999999985
22 20 -280.6123000000000047
23 20 -306.1223100000000272
36 20 32.1428530000000023
37 20 -382.6530799999999886
38 20 -714.2856399999999439
39 20 -36.9047550000000015
40 20 484.6938499999999976
41 20 153.0612000000000137
5 21 -4.7619046999999997
6 21 -4.7619046999999997
18 21 -10.8888879999999997
19 21 -0.0000028610229000
20 21 55.9523769999999985
21 21 22.6666719999999984
22 21 0.0000095367432000
23 21 -0.0000006854534100
24 21 -10.8888890000000007
25 21 -0.0000066757202000
26 21 -55.9523930000000007
39 21 -0.2222222100000000
40 21 4.7619046999999997
41 21 -32.1428530000000023
42 21 -0.2222222100000000
43 21 4.7619046999999997
44 21 36.9047699999999992
5 22 102.0408199999999965
6 22 102.0408199999999965
18 22 -0.0000023841858000
19 22 -561.2243700000000217
20 22 -280.6123000000000047
21 22 0.0000095367432000
22 22 1530.6123000000000047
23 22 765.3061500000000024
24 22 -0.0000076293945000
25 22 -561.2246099999999842
26 22 -280.6123000000000047
39 22 -4.7619046999999997
40 22 102.0408199999999965
41 22 -382.6530799999999886
42 22 -4.7619046999999997
43 22 102.0408199999999965
44 22 484.6938499999999976
5 23 484.6938499999999976
6 23 -382.6530799999999886
18 23 -55.9523769999999985
19 23 -280.6123000000000047
20 23 -306.1223100000000272
21 23 -0.0000006854534100
22 23 765.3061500000000024
23 23 3775.5100000000002183
24 23 55.9523769999999985
25 23 -280.6123000000000047
26 23 -306.1225600000000213
39 23 32.1428530000000023
40 23 -382.6530799999999886
41 23 -714.2856399999999439
42 23 -36.9047550000000015
43 23 484.6938499999999976
44 23 153.0612199999999916
6 24 -4.7619046999999997
7 24 -4.7619046999999997
21 24 -10.8888890000000007
22 24 -0.0000076293945000
23 24 55.9523769999999985
24 24 22.6666719999999984
25 24 0.0000100135800000
26 24 0.0000078976154000
27 24 -10.8888879999999997
28 24 -0.0000023841858000
42 24 -0.2222222700000000
43 24 4.7619056999999998
44 24 -32.1428680000000000
45 24 -0.2222222100000000
46 24 4.7619046999999997
47 24 36.9047550000000015
6 25 102.0408199999999965
7 25 102.0408199999999965
21 25 -0.0000066757202000
22 25 -561.2246099999999842
23 25 -280.6123000000000047
24 25 0.0000100135800000
25 25 1530.6123000000000047
26 25 765.3061500000000024
27 25 -0.0000028610229000
28 25 -561.2243700000000217
42 25 -4.7619046999999997
43 25 102.0408199999999965
44 25 -382.6530799999999886
45 25 -4.7619046999999997
46 25 102.0408199999999965
47 25 484.6938499999999976
6 26 484.6938499999999976
7 26 -382.6530799999999886
21 26 -55.9523930000000007
22 26 -280.6123000000000047
23 26 -306.1225600000000213
24 26 0.0000078976154000
25 26 765.3061500000000024
26 26 3775.5102999999999156
27 26 55.9523769999999985
28 26 -280.6123000000000047
42 26 32.1428530000000023
43 26 -382.6530799999999886
44 26 -714.2858899999999949
45 26 -36.9047550000000015
46 26 484.6938499999999976
47 26 153.0612299999999948
7 27 -2.3809518999999999
24 27 -10.8888879999999997
25 27 -0.0000028610229000
26 27 55.9523769999999985
27 27 11.3333329999999997
28 27 4.7619065999999997
45 27 -0.2222222100000000
46 27 4.7619046999999997
47 27 -32.1428530000000023
48 27 -0.1111111000000000
49 27 2.3809518999999999
7 28 51.0204009999999997
24 28 -0.0000023841858000
25 28 -561.2243700000000217
26 28 -280.6123000000000047
27 28 4.7619065999999997
28 28 765.3061500000000024
45 28 -4.7619046999999997
46 28 102.0408199999999965
47 28 -382.6530799999999886
48 28 -2.3809518999999999
49 28 51.0204009999999997
8 29 76.5306089999999983
9 29 -32.1428530000000023
10 29 -382.6530799999999886
11 29 -714.2856399999999439
29 29 1887.7548999999999069
30 29 55.9523769999999985
31 29 -280.6123000000000047
32 29 -306.1223100000000272
50 29 76.5306089999999983
9 30 -0.2222222100000000
10 30 -4.7619046999999997
11 30 -36.9047550000000015
12 30 -0.2222222100000000
13 30 -4.7619046999999997
14 30 32.1428530000000023
29 30 55.9523769999999985
30 30 22.6666719999999984
31 30 0.0000004768371600
32 30 0.0000015199184000
33 30 -10.8888879999999997
34 30 -0.0000023841858000
35 30 -55.9523769999999985
50 30 -32.1428530000000023
51 30 -0.2222222100000000
52 30 4.7619046999999997
53 30 36.9047550000000015
9 31 4.7619046999999997
10 31 102.0408199999999965
11 31 484.6938499999999976
12 31 4.7619046999999997
13 31 102.0408199999999965
14 31 -382.6530799999999886
29 31 -280.6123000000000047
30 31 0.0000004768371600
31 31 1530.6121000000000549
32 31 765.3061500000000024
33 31 -0.0000028610229000
34 31 -561.2243700000000217
35 31 -280.6123000000000047
50 31 -382.6530799999999886
51 31 -4.7619046999999997
52 31 102.0408000000000044
53 31 484.6938499999999976
9 32 36.9047550000000015
10 32 484.6938499999999976
11 32 153.0612199999999916
12 32 -32.1428530000000023
13 32 -382.6530799999999886
14 32 -714.2856399999999439
29 32 -306.1223100000000272
30 32 0.0000015199184000
31 32 765.3061500000000024
32 32 3775.5100000000002183
33 32 55.9523769999999985
34 32 -280.6123000000000047
35 32 -306.1223100000000272
50 32 -714.2856399999999439
51 32 -36.9047550000000015
52 32 484.6938499999999976
53 32 153.0612000000000137
12 33 -0.2222222100000000
13 33 -4.7619046999999997
14 33 -36.9047550000000015
15 33 -0.2222222100000000
16 33 -4.7619046999999997
17 33 32.1428530000000023
30 33 -10.8888879999999997
31 33 -0.0000028610229000
32 33 55.9523769999999985
33 33 22.6666719999999984
34 33 0.0000057220459000
35 33 0.0000024735928000
36 33 -10.8888879999999997
37 33 -0.0000028610229000
38 33 -55.9523769999999985
51 33 -0.2222222100000000
52 33 4.7619046999999997
53 33 -32.1428530000000023
54 33 -0.2222222100000000
55 33 4.7619046999999997
56 33 36.9047550000000015
12 34 4.7619046999999997
13 34 102.0408199999999965
14 34 484.6938499999999976
15 34 4.7619046999999997
16 34 102.0408199999999965
17 34 -382.6530799999999886
30 34 -0.0000023841858000
31 34 -561.2243700000000217
32 34 -280.6123000000000047
33 34 0.0000057220459000
34 34 1530.6121000000000549
35 34 765.3061500000000024
36 34 -0.0000028610229000
37 34 -561.2243700000000217
38 34 -280.6123000000000047
51 34 -4.7619046999999997
52 34 102.0408000000000044
53 34 -382.6530799999999886
54 34 -4.7619046999999997
55 34 102.0408199999999965
56 34 484.6938499999999976
12 35 36.9047550000000015
13 35 484.6938499999999976
14 35 153.0612000000000137
15 35 -32.1428530000000023
16 35 -382.6530799999999886
17 35 -714.2856399999999439
30 35 -55.9523769999999985
31 35 -280.6123000000000047
32 35 -306.1223100000000272
33 35 0.0000024735928000
34 35 765.3061500000000024
35 35 3775.5100000000002183
36 35 55.9523769999999985
37 35 -280.6123000000000047
38 35 -306.1223100000000272
51 35 32.1428530000000023
52 35 -382.6530799999999886
53 35 -714.2856399999999439
54 35 -36.9047550000000015
55 35 484.6938499999999976
56 35 153.0612000000000137
15 36 -0.2222222100000000
16 36 -4.7619046999999997
17 36 -36.9047550000000015
18 36 -0.2222222100000000
19 36 -4.7619046999999997
20 36 32.1428530000000023
33 36 -10.8888879999999997
34 36 -0.0000028610229000
35 36 55.9523769999999985
36 36 22.6666719999999984
37 36 0.0000019073486000
38 36 0.0000019371510000
39 36 -10.8888879999999997
41 36 -55.9523769999999985
54 36 -0.2222222100000000
55 36 4.7619046999999997
56 36 -32.1428530000000023
57 36 -0.2222222100000000
58 36 4.7619037999999998
59 36 36.9047550000000015
15 37 4.7619046999999997
16 37 102.0408000000000044
17 37 484.6938499999999976
18 37 4.7619046999999997
19 37 102.0408199999999965
20 37 -382.6530799999999886
33 37 -0.0000028610229000
34 37 -561.2243700000000217
35 37 -280.6123000000000047
36 37 0.0000019073486000
37 37 1530.6121000000000549
38 37 765.3061500000000024
39 37 -0.0000004768371600
40 37 -561.2243700000000217
41 37 -280.6123000000000047
54 37 -4.7619046999999997
55 37 102.0408000000000044
56 37 -382.6530799999999886
57 37 -4.7619037999999998
58 37 102.0408000000000044
59 37 484.6938499999999976
15 38 36.9047550000000015
16 38 484.6938499999999976
17 38 153.0612000000000137
18 38 -32.1428530000000023
19 38 -382.6530799999999886
20 38 -714.2856399999999439
33 38 -55.9523769999999985
34 38 -280.6123000000000047
35 38 -306.1223100000000272
36 38 0.0000019371510000
37 38 765.3061500000000024
38 38 3775.5100000000002183
39 38 55.9523769999999985
40 38 -280.6123000000000047
41 38 -306.1225600000000213
54 38 32.1428530000000023
55 38 -382.6530799999999886
56 38 -714.2856399999999439
57 38 -36.9047550000000015
58 38 484.6938499999999976
59 38 153.0612000000000137
18 39 -0.2222222100000000
19 39 -4.7619046999999997
20 39 -36.9047550000000015
21 39 -0.2222222100000000
22 39 -4.7619046999999997
23 39 32.1428530000000023
36 39 -10.8888879999999997
37 39 -0.0000004768371600
38 39 55.9523769999999985
39 39 22.6666559999999997
40 39 0.0000023841858000
41 39 0.0000051856041000
42 39 -10.8888879999999997
43 39 -0.0000023841858000
44 39 -55.9523769999999985
57 39 -0.2222222100000000
58 39 4.7619046999999997
59 39 -32.1428530000000023
60 39 -0.2222222100000000
61 39 4.7619046999999997
62 39 36.9047550000000015
18 40 4.7619046999999997
19 40 102.0408199999999965
20 40 484.6938499999999976
21 40 4.7619046999999997
22 40 102.0408199999999965
23 40 -382.6530799999999886
37 40 -561.2243700000000217
38 40 -280.6123000000000047
39 40 0.0000023841858000
40 40 1530.6121000000000549
41 40 765.3059100000000399
42 40 -0.0000023841858000
43 40 -561.2243700000000217
44 40 -280.6123000000000047
57 40 -4.7619046999999997
58 40 102.0408000000000044
59 40 -382.6530799999999886
60 40 -4.7619046999999997
61 40 102.0408000000000044
62 40 484.6938499999999976
18 41 36.9047550000000015
19 41 484.6938499999999976
20 41 153.0612000000000137
21 41 -32.1428530000000023
22 41 -382.6530799999999886
23 41 -714.2856399999999439
36 41 -55.9523769999999985
37 41 -280.6123000000000047
38 41 -306.1225600000000213
39 41 0.0000051856041000
40 41 765.3059100000000399
41 41 3775.5097999999998137
42 41 55.9523769999999985
43 41 -280.6123000000000047
44 41 -306.1223100000000272
57 41 32.1428530000000023
58 41 -382.6530799999999886
59 41 -714.2856399999999439
60 41 -36.9047550000000015
61 41 484.6938499999999976
62 41 153.0612000000000137
21 42 -0.2222222100000000
22 42 -4.7619046999999997
23 42 -36.9047550000000015
24 42 -0.2222222700000000
25 42 -4.7619046999999997
26 42 32.1428530000000023
39 42 -10.8888879999999997
40 42 -0.0000023841858000
41 42 55.9523769999999985
42 42 22.6666719999999984
43 42 0.0000138282780000
44 42 -0.0000064671040000
45 42 -10.8888909999999992
46 42 -0.0000114440920000
47 42 -55.9523930000000007
60 42 -0.2222222100000000
61 42 4.7619046999999997
62 42 -32.1428530000000023
63 42 -0.2222222700000000
64 42 4.7619056999999998
65 42 36.9047699999999992
21 43 4.7619046999999997
22 43 102.0408199999999965
23 43 484.6938499999999976
24 43 4.7619056999999998
25 43 102.0408199999999965
26 43 -382.6530799999999886
39 43 -0.0000023841858000
40 43 -561.2243700000000217
41 43 -280.6123000000000047
42 43 0.0000138282780000
43 43 1530.6123000000000047
44 43 765.3061500000000024
45 43 -0.0000114440920000
46 43 -561.2246099999999842
47 43 -280.6123000000000047
60 43 -4.7619046999999997
61 43 102.0408000000000044
62 43 -382.6530799999999886
63 43 -4.7619056999999998
64 43 102.0408199999999965
65 43 484.6940900000000170
21 44 36.9047699999999992
22 44 484.6938499999999976
23 44 153.0612199999999916
24 44 -32.1428680000000000
25 44 -382.6530799999999886
26 44 -714.2858899999999949
39 44 -55.9523769999999985
40 44 -280.6123000000000047
41 44 -306.1223100000000272
42 44 -0.0000064671040000
43 44 765.3061500000000024
44 44 3775.5102999999999156
45 44 55.9523930000000007
46 44 -280.6123000000000047
47 44 -306.1225600000000213
60 44 32.1428530000000023
61 44 -382.6530799999999886
62 44 -714.2856399999999439
63 44 -36.9047550000000015
64 44 484.6938499999999976
65 44 153.0612299999999948
24 45 -0.2222222100000000
25 45 -4.7619046999999997
26 45 -36.9047550000000015
27 45 -0.2222222100000000
28 45 -4.7619046999999997
42 45 -10.8888909999999992
43 45 -0.0000114440920000
44 45 55.9523930000000007
45 45 22.6666719999999984
46 45 0.0000061988831000
47 45 0.0000154376030000
48 45 -10.8888879999999997
49 45 0.0000071525574000
63 45 -0.2222222700000000
64 45 4.7619056999999998
65 45 -32.1428680000000000
66 45 -0.2222222100000000
67 45 4.7619046999999997
68 45 36.9047550000000015
24 46 4.7619046999999997
25 46 102.0408199999999965
26 46 484.6938499999999976
27 46 4.7619046999999997
28 46 102.0408199999999965
42 46 -0.0000114440920000
43 46 -561.2246099999999842
44 46 -280.6123000000000047
45 46 0.0000061988831000
46 46 1530.6123000000000047
47 46 765.3061500000000024
48 46 0.0000066757202000
49 46 -561.2243700000000217
63 46 -4.7619056999999998
64 46 102.0408299999999997
65 46 -382.6530799999999886
66 46 -4.7619046999999997
67 46 102.0408199999999965
68 46 484.6938499999999976
24 47 36.9047550000000015
25 47 484.6938499999999976
26 47 153.0612299999999948
27 47 -32.1428530000000023
28 47 -382.6530799999999886
42 47 -55.9523930000000007
43 47 -280.6123000000000047
44 47 -306.1225600000000213
45 47 0.0000154376030000
46 47 765.3061500000000024
47 47 3775.5104999999998654
48 47 55.9523769999999985
49 47 -280.6123000000000047
63 47 32.1428680000000000
64 47 -382.6530799999999886
65 47 -714.2858899999999949
66 47 -36.9047699999999992
67 47 484.6938499999999976
68 47 153.0612199999999916
27 48 -0.1111111000000000
28 48 -2.3809518999999999
45 48 -10.8888879999999997
46 48 0.0000066757202000
47 48 55.9523769999999985
48 48 11.3333320000000004
49 48 4.7618951999999997
66 48 -0.2222221500000000
67 48 4.7619027999999997
68 48 -32.1428530000000023
69 48 -0.1111110400000000
70 48 2.3809509000000002
27 49 2.3809518999999999
28 49 51.0204009999999997
45 49 0.0000071525574000
46 49 -561.2243700000000217
47 49 -280.6123000000000047
48 49 4.7618951999999997
49 49 765.3059100000000399
66 49 -4.7619027999999997
67 49 102.0407900000000012
68 49 -382.6528299999999945
69 49 -2.3809509000000002
70 49 51.0203860000000020
29 50 76.5306089999999983
30 50 -32.1428530000000023
31 50 -382.6530799999999886
32 50 -714.2856399999999439
50 50 1887.7548999999999069
51 50 55.9523769999999985
52 50 -280.6123000000000047
53 50 -306.1223100000000272
71 50 76.5306089999999983
30 51 -0.2222222100000000
31 51 -4.7619046999999997
32 51 -36.9047550000000015
33 51 -0.2222222100000000
34 51 -4.7619046999999997
35 51 32.1428530000000023
50 51 55.9523769999999985
51 51 22.6666719999999984
52 51 0.0000081062317000
53 51 0.0000027716160000
54 51 -10.8888879999999997
55 51 -0.0000028610229000
56 51 -55.9523769999999985
71 51 -32.1428530000000023
72 51 -0.2222222100000000
73 51 4.7619046999999997
74 51 36.9047550000000015
30 52 4.7619046999999997
31 52 102.0408000000000044
32 52 484.6938499999999976
33 52 4.7619046999999997
34 52 102.0408000000000044
35 52 -382.6530799999999886
50 52 -280.6123000000000047
51 52 0.0000081062317000
52 52 1530.6121000000000549
53 52 765.3061500000000024
54 52 -0.0000028610229000
55 52 -561.2243700000000217
56 52 -280.6123000000000047
71 52 -382.6530799999999886
72 52 -4.7619046999999997
73 52 102.0408199999999965
74 52 484.6938499999999976
30 53 36.9047550000000015
31 53 484.6938499999999976
32 53 153.0612000000000137
33 53 -32.1428530000000023
34 53 -382.6530799999999886
35 53 -714.2856399999999439
50 53 -306.1223100000000272
51 53 0.0000027716160000
52 53 765.3061500000000024
53 53 3775.5100000000002183
54 53 55.9523769999999985
55 53 -280.6123000000000047
56 53 -306.1223100000000272
71 53 -714.2856399999999439
72 53 -36.9047550000000015
73 53 484.6938499999999976
74 53 153.0612199999999916
33 54 -0.2222222100000000
34 54 -4.7619046999999997
35 54 -36.9047550000000015
36 54 -0.2222222100000000
37 54 -4.7619046999999997
38 54 32.1428530000000023
51 54 -10.8888879999999997
52 54 -0.0000028610229000
53 54 55.9523769999999985
54 54 22.6666719999999984
55 54 0.0000090599060000
56 54 0.0000034272671000
57 54 -10.8888879999999997
58 54 -0.0000066757202000
59 54 -55.9523769999999985
72 54 -0.2222222100000000
73 54 4.7619046999999997
74 54 -32.1428530000000023
75 54 -0.2222222100000000
76 54 4.7619046999999997
77 54 36.9047550000000015
33 55 4.7619046999999997
34 55 102.0408199999999965
35 55 484.6938499999999976
36 55 4.7619046999999997
37 55 102.0408000000000044
38 55 -382.6530799999999886
51 55 -0.0000028610229000
52 55 -561.2243700000000217
53 55 -280.6123000000000047
54 55 0.0000090599060000
55 55 1530.6121000000000549
56 55 765.3061500000000024
57 55 -0.0000066757202000
58 55 -561.2243700000000217
59 55 -280.6123000000000047
72 55 -4.7619046999999997
73 55 102.0408199999999965
74 55 -382.6530799999999886
75 55 -4.7619046999999997
76 55 102.0408199999999965
77 55 484.6938499999999976
33 56 36.9047550000000015
34 56 484.6938499999999976
35 56 153.0612000000000137
36 56 -32.1428530000000023
37 56 -382.6530799999999886
38 56 -714.2856399999999439
51 56 -55.9523769999999985
52 56 -280.6123000000000047
53 56 -306.1223100000000272
54 56 0.0000034272671000
55 56 765.3061500000000024
56 56 3775.5100000000002183
57 56 55.9523769999999985
58 56 -280.6120599999999854
59 56 -306.1223100000000272
72 56 32.1428530000000023
73 56 -382.6530799999999886
74 56 -714.2856399999999439
75 56 -36.9047550000000015
76 56 484.6938499999999976
77 56 153.0612199999999916
36 57 -0.2222222100000000
37 57 -4.7619037999999998
38 57 -36.9047550000000015
39 57 -0.2222222100000000
40 57 -4.7619046999999997
41 57 32.1428530000000023
54 57 -10.8888879999999997
55 57 -0.0000066757202000
56 57 55.9523769999999985
57 57 22.6666719999999984
58 57 0.0000123977660000
59 57 0.0000005066394800
60 57 -10.8888890000000007
61 57 -0.0000042915344000
62 57 -55.9523769999999985
75 57 -0.2222222100000000
76 57 4.7619056999999998
77 57 -32.1428530000000023
78 57 -0.2222222100000000
79 57 4.7619046999999997
80 57 36.9047699999999992
36 58 4.7619037999999998
37 58 102.0408000000000044
38 58 484.6938499999999976
39 58 4.7619046999999997
40 58 102.0408000000000044
41 58 -382.6530799999999886
54 58 -0.0000066757202000
55 58 -561.2243700000000217
56 58 -280.6120599999999854
57 58 0.0000123977660000
58 58 1530.6123000000000047
59 58 765.3061500000000024
60 58 -0.0000042915344000
61 58 -561.2243700000000217
62 58 -280.6123000000000047
75 58 -4.7619046999999997
76 58 102.0408199999999965
77 58 -382.6530799999999886
78 58 -4.7619046999999997
79 58 102.0408199999999965
80 58 484.6938499999999976
36 59 36.9047550000000015
37 59 484.6938499999999976
38 59 153.0612000000000137
39 59 -32.1428530000000023
40 59 -382.6530799999999886
41 59 -714.2856399999999439
54 59 -55.9523769999999985
55 59 -280.6123000000000047
56 59 -306.1223100000000272
57 59 0.0000005066394800
58 59 765.3061500000000024
59 59 3775.5100000000002183
60 59 55.9523769999999985
61 59 -280.6123000000000047
62 59 -306.1225600000000213
75 59 32.1428530000000023
76 59 -382.6530799999999886
77 59 -714.2856399999999439
78 59 -36.9047550000000015
79 59 484.6938499999999976
80 59 153.0612299999999948
39 60 -0.2222222100000000
40 60 -4.7619046999999997
41 60 -36.9047550000000015
42 60 -0.2222222100000000
43 60 -4.7619046999999997
44 60 32.1428530000000023
57 60 -10.8888890000000007
58 60 -0.0000042915344000
59 60 55.9523769999999985
60 60 22.6666719999999984
61 60 0.0000243186950000
62 60 0.0000030100346000
63 60 -10.8888909999999992
64 60 -0.0000181198120000
65 60 -55.9523930000000007
78 60 -0.2222222100000000
79 60 4.7619046999999997
80 60 -32.1428530000000023
81 60 -0.2222222700000000
82 60 4.7619056999999998
83 60 36.9047699999999992
39 61 4.7619046999999997
40 61 102.0408000000000044
41 61 484.6938499999999976
42 61 4.7619046999999997
43 61 102.0408000000000044
44 61 -382.6530799999999886
57 61 -0.0000042915344000
58 61 -561.2243700000000217
59 61 -280.6123000000000047
60 61 0.0000243186950000
61 61 1530.6123000000000047
62 61 765.3061500000000024
63 61 -0.0000181198120000
64 61 -561.2246099999999842
65 61 -280.6123000000000047
78 61 -4.7619037999999998
79 61 102.0408199999999965
80 61 -382.6530799999999886
81 61 -4.7619056999999998
82 61 102.0408299999999997
83 61 484.6940900000000170
39 62 36.9047550000000015
40 62 484.6938499999999976
41 62 153.0612000000000137
42 62 -32.1428530000000023
43 62 -382.6530799999999886
44 62 -714.2856399999999439
57 62 -55.9523769999999985
58 62 -280.6123000000000047
59 62 -306.1225600000000213
60 62 0.0000030100346000
61 62 765.3061500000000024
62 62 3775.5100000000002183
63 62 55.9523769999999985
64 62 -280.6120599999999854
65 62 -306.1225600000000213
78 62 32.1428530000000023
79 62 -382.6530799999999886
80 62 -714.2856399999999439
81 62 -36.9047550000000015
82 62 484.6938499999999976
83 62 153.0612299999999948
42 63 -0.2222222700000000
43 63 -4.7619056999999998
44 63 -36.9047550000000015
45 63 -0.2222222700000000
46 63 -4.7619056999999998
47 63 32.1428680000000000
60 63 -10.8888909999999992
61 63 -0.0000181198120000
62 63 55.9523769999999985
63 63 22.6666719999999984
64 63 0.0000128746030000
65 63 0.0000106990340000
66 63 -10.8888890000000007
67 63 0.0000057220459000
68 63 -55.9523769999999985
81 63 -0.2222222700000000
82 63 4.7619056999999998
83 63 -32.1428680000000000
84 63 -0.2222222100000000
85 63 4.7619046999999997
86 63 36.9047550000000015
42 64 4.7619056999999998
43 64 102.0408199999999965
44 64 484.6938499999999976
45 64 4.7619056999999998
46 64 102.0408299999999997
47 64 -382.6530799999999886
60 64 -0.0000181198120000
61 64 -561.2246099999999842
62 64 -280.6120599999999854
63 64 0.0000128746030000
64 64 1530.6123000000000047
65 64 765.3061500000000024
66 64 0.0000052452087000
67 64 -561.2243700000000217
68 64 -280.6123000000000047
81 64 -4.7619056999999998
82 64 102.0408299999999997
83 64 -382.6530799999999886
84 64 -4.7619046999999997
85 64 102.0408199999999965
86 64 484.6938499999999976
42 65 36.9047699999999992
43 65 484.6940900000000170
44 65 153.0612299999999948
45 65 -32.1428680000000000
46 65 -382.6530799999999886
47 65 -714.2858899999999949
60 65 -55.9523930000000007
61 65 -280.6123000000000047
62 65 -306.1225600000000213
63 65 0.0000106990340000
64 65 765.3061500000000024
65 65 3775.5104999999998654
66 65 55.9523769999999985
67 65 -280.6123000000000047
68 65 -306.1225600000000213
81 65 32.1428530000000023
82 65 -382.6530799999999886
83 65 -714.2858899999999949
84 65 -36.9047550000000015
85 65 484.6938499999999976
86 65 153.0612000000000137
45 66 -0.2222222100000000
46 66 -4.7619046999999997
47 66 -36.9047699999999992
48 66 -0.2222221500000000
49 66 -4.7619027999999997
63 66 -10.8888890000000007
64 66 0.0000052452087000
65 66 55.9523769999999985
66 66 22.6666559999999997
67 66 0.0000090599060000
68 66 0.0000146329400000
69 66 -10.8888859999999994
70 66 -0.0000128746030000
84 66 -0.2222222100000000
85 66 4.7619046999999997
86 66 -32.1428530000000023
87 66 -0.2222222100000000
88 66 4.7619046999999997
89 66 36.9047550000000015
45 67 4.7619046999999997
46 67 102.0408199999999965
47 67 484.6938499999999976
48 67 4.7619027999999997
49 67 102.0407900000000012
63 67 0.0000057220459000
64 67 -561.2243700000000217
65 67 -280.6123000000000047
66 67 0.0000090599060000
67 67 1530.6121000000000549
68 67 765.3059100000000399
69 67 -0.0000133514400000
70 67 -561.2243700000000217
84 67 -4.7619046999999997
85 67 102.0408199999999965
86 67 -382.6530799999999886
87 67 -4.7619046999999997
88 67 102.0408199999999965
89 67 484.6938499999999976
45 68 36.9047550000000015
46 68 484.6938499999999976
47 68 153.0612199999999916
48 68 -32.1428530000000023
49 68 -382.6528299999999945
63 68 -55.9523769999999985
64 68 -280.6123000000000047
65 68 -306.1225600000000213
66 68 0.0000146329400000
67 68 765.3059100000000399
68 68 3775.5097999999998137
69 68 55.9523620000000008
70 68 -280.6120599999999854
84 68 32.1428530000000023
85 68 -382.6530799999999886
86 68 -714.2856399999999439
87 68 -36.9047550000000015
88 68 484.6938499999999976
89 68 153.0612000000000137
48 69 -0.1111110400000000
49 69 -2.3809509000000002
66 69 -10.8888859999999994
67 69 -0.0000133514400000
68 69 55.9523620000000008
69 69 11.3333300000000001
70 69 4.7619189999999998
87 69 -0.2222222100000000
88 69 4.7619046999999997
89 69 -32.1428530000000023
90 69 -0.1111111000000000
91 69 2.3809518999999999
48 70 2.3809509000000002
49 70 51.0203860000000020
66 70 -0.0000128746030000
67 70 -561.2243700000000217
68 70 -280.6120599999999854
69 70 4.7619189999999998
70 70 765.3059100000000399
87 70 -4.7619046999999997
88 70 102.0408199999999965
89 70 -382.6530799999999886
90 70 -2.3809518999999999
91 70 51.0204009999999997
50 71 76.5306089999999983
51 71 -32.1428530000000023
52 71 -382.6530799999999886
53 71 -714.2856399999999439
71 71 1887.7548999999999069
72 71 55.9523769999999985
73 71 -280.6123000000000047
74 71 -306.1225600000000213
92 71 76.5306089999999983
51 72 -0.2222222100000000
52 72 -4.7619046999999997
53 72 -36.9047550000000015
54 72 -0.2222222100000000
55 72 -4.7619046999999997
56 72 32.1428530000000023
71 72 55.9523769999999985
72 72 22.6666719999999984
73 72 -0.0000033378601000
74 72 -0.0000014603138000
75 72 -10.8888890000000007
76 72 -0.0000009536743200
77 72 -55.9523769999999985
92 72 -32.1428530000000023
93 72 -0.2222222100000000
94 72 4.7619046999999997
95 72 36.9047550000000015
51 73 4.7619046999999997
52 73 102.0408199999999965
53 73 484.6938499999999976
54 73 4.7619046999999997
55 73 102.0408199999999965
56 73 -382.6530799999999886
71 73 -280.6123000000000047
72 73 -0.0000033378601000
73 73 1530.6123000000000047
74 73 765.3061500000000024
75 73 -0.0000004768371600
76 73 -561.2243700000000217
77 73 -280.6123000000000047
92 73 -382.6530799999999886
93 73 -4.7619046999999997
94 73 102.0408000000000044
95 73 484.6938499999999976
51 74 36.9047550000000015
52 74 484.6938499999999976
53 74 153.0612199999999916
54 74 -32.1428530000000023
55 74 -382.6530799999999886
56 74 -714.2856399999999439
71 74 -306.1225600000000213
72 74 -0.0000014603138000
73 74 765.3061500000000024
74 74 3775.5100000000002183
75 74 55.9523769999999985
76 74 -280.6123000000000047
77 74 -306.1225600000000213
92 74 -714.2856399999999439
93 74 -36.9047550000000015
94 74 484.6938499999999976
95 74 153.0612000000000137
54 75 -0.2222222100000000
55 75 -4.7619046999999997
56 75 -36.9047550000000015
57 75 -0.2222222100000000
58 75 -4.7619046999999997
59 75 32.1428530000000023
72 75 -10.8888890000000007
73 75 -0.0000004768371600
74 75 55.9523769999999985
75 75 22.6666719999999984
76 75 -0.0000047683716000
77 75 0.0000007152557400
78 75 -10.8888890000000007
79 75 0.0000042915344000
80 75 -55.9523769999999985
93 75 -0.2222222100000000
94 75 4.7619046999999997
95 75 -32.1428530000000023
96 75 -0.2222222100000000
97 75 4.7619037999999998
98 75 36.9047550000000015
54 76 4.7619046999999997
55 76 102.0408199999999965
56 76 484.6938499999999976
57 76 4.7619056999999998
58 76 102.0408199999999965
59 76 -382.6530799999999886
72 76 -0.0000009536743200
73 76 -561.2243700000000217
74 76 -280.6123000000000047
75 76 -0.0000047683716000
76 76 1530.6123000000000047
77 76 765.3061500000000024
78 76 0.0000042915344000
79 76 -561.2243700000000217
80 76 -280.6123000000000047
93 76 -4.7619046999999997
94 76 102.0408000000000044
95 76 -382.6530799999999886
96 76 -4.7619037999999998
97 76 102.0408000000000044
98 76 484.6938499999999976
54 77 36.9047550000000015
55 77 484.6938499999999976
56 77 153.0612199999999916
57 77 -32.1428530000000023
58 77 -382.6530799999999886
59 77 -714.2856399999999439
72 77 -55.9523769999999985
73 77 -280.6123000000000047
74 77 -306.1225600000000213
75 77 0.0000007152557400
76 77 765.3061500000000024
77 77 3775.5100000000002183
78 77 55.9523769999999985
79 77 -280.6123000000000047
80 77 -306.1223100000000272
93 77 32.1428530000000023
94 77 -382.6530799999999886
95 77 -714.2856399999999439
96 77 -36.9047550000000015
97 77 484.6938499999999976
98 77 153.0612000000000137
57 78 -0.2222222100000000
58 78 -4.7619046999999997
59 78 -36.9047550000000015
60 78 -0.2222222100000000
61 78 -4.7619037999999998
62 78 32.1428530000000023
75 78 -10.8888890000000007
76 78 0.0000042915344000
77 78 55.9523769999999985
78 78 22.6666719999999984
79 78 0.0000052452087000
80 78 0.0000044107437000
81 78 -10.8888879999999997
82 78 -0.0000100135800000
83 78 -55.9523769999999985
96 78 -0.2222222100000000
97 78 4.7619046999999997
98 78 -32.1428530000000023
99 78 -0.2222222100000000
100 78 4.7619046999999997
101 78 36.9047699999999992
57 79 4.7619046999999997
58 79 102.0408199999999965
59 79 484.6938499999999976
60 79 4.7619046999999997
61 79 102.0408199999999965
62 79 -382.6530799999999886
75 79 0.0000042915344000
76 79 -561.2243700000000217
77 79 -280.6123000000000047
78 79 0.0000052452087000
79 79 1530.6123000000000047
80 79 765.3061500000000024
81 79 -0.0000090599060000
82 79 -561.2243700000000217
83 79 -280.6123000000000047
96 79 -4.7619046999999997
97 79 102.0408000000000044
98 79 -382.6530799999999886
99 79 -4.7619046999999997
100 79 102.0408199999999965
101 79 484.6938499999999976
57 80 36.9047699999999992
58 80 484.6938499999999976
59 80 153.0612299999999948
60 80 -32.1428530000000023
61 80 -382.6530799999999886
62 80 -714.2856399999999439
75 80 -55.9523769999999985
76 80 -280.6123000000000047
77 80 -306.1223100000000272
78 80 0.0000044107437000
79 80 765.3061500000000024
80 80 3775.5100000000002183
81 80 55.9523769999999985
82 80 -280.6120599999999854
83 80 -306.1225600000000213
96 80 32.1428530000000023
97 80 -382.6530799999999886
98 80 -714.2856399999999439
99 80 -36.9047550000000015
100 80 484.6938499999999976
101 80 153.0612199999999916
60 81 -0.2222222700000000
61 81 -4.7619056999999998
62 81 -36.9047550000000015
63 81 -0.2222222700000000
64 81 -4.7619056999999998
65 81 32.1428530000000023
78 81 -10.8888879999999997
79 81 -0.0000090599060000
80 81 55.9523769999999985
81 81 22.6666559999999997
82 81 0.0000033378601000
83 81 0.0000082552433000
84 81 -10.8888870000000004
85 81 0.0000042915344000
86 81 -55.9523620000000008
99 81 -0.2222222100000000
100 81 4.7619046999999997
101 81 -32.1428530000000023
102 81 -0.2222222100000000
103 81 4.7619037999999998
104 81 36.9047550000000015
60 82 4.7619056999999998
61 82 102.0408299999999997
62 82 484.6938499999999976
63 82 4.7619056999999998
64 82 102.0408299999999997
65 82 -382.6530799999999886
78 82 -0.0000100135800000
79 82 -561.2243700000000217
80 82 -280.6120599999999854
81 82 0.0000033378601000
82 82 1530.6121000000000549
83 82 765.3061500000000024
84 82 0.0000038146973000
85 82 -561.2243700000000217
86 82 -280.6120599999999854
99 82 -4.7619046999999997
100 82 102.0408000000000044
101 82 -382.6530799999999886
102 82 -4.7619037999999998
103 82 102.0407900000000012
104 82 484.6938499999999976
60 83 36.9047699999999992
61 83 484.6940900000000170
62 83 153.0612299999999948
63 83 -32.1428680000000000
64 83 -382.6530799999999886
65 83 -714.2858899999999949
78 83 -55.9523769999999985
79 83 -280.6123000000000047
80 83 -306.1225600000000213
81 83 0.0000082552433000
82 83 765.3061500000000024
83 83 3775.5100000000002183
84 83 55.9523769999999985
85 83 -280.6123000000000047
86 83 -306.1223100000000272
99 83 32.1428530000000023
100 83 -382.6530799999999886
101 83 -714.2856399999999439
102 83 -36.9047550000000015
103 83 484.6938499999999976
104 83 153.0611900000000105
63 84 -0.2222222100000000
64 84 -4.7619046999999997
65 84 -36.9047550000000015
66 84 -0.2222222100000000
67 84 -4.7619046999999997
68 84 32.1428530000000023
81 84 -10.8888870000000004
82 84 0.0000038146973000
83 84 55.9523769999999985
84 84 22.6666559999999997
85 84 -0.0000090599060000
86 84 -0.0000053346157000
87 84 -10.8888870000000004
88 84 0.0000042915344000
89 84 -55.9523769999999985
102 84 -0.2222222100000000
103 84 4.7619037999999998
104 84 -32.1428530000000023
105 84 -0.2222222100000000
106 84 4.7619037999999998
107 84 36.9047550000000015
63 85 4.7619046999999997
64 85 102.0408199999999965
65 85 484.6938499999999976
66 85 4.7619046999999997
67 85 102.0408199999999965
68 85 -382.6530799999999886
81 85 0.0000042915344000
82 85 -561.2243700000000217
83 85 -280.6123000000000047
84 85 -0.0000090599060000
85 85 1530.6121000000000549
86 85 765.3059100000000399
87 85 0.0000038146973000
88 85 -561.2243700000000217
89 85 -280.6120599999999854
102 85 -4.7619037999999998
103 85 102.0407900000000012
104 85 -382.6530799999999886
105 85 -4.7619037999999998
106 85 102.0407900000000012
107 85 484.6938499999999976
63 86 36.9047550000000015
64 86 484.6938499999999976
65 86 153.0612000000000137
66 86 -32.1428530000000023
67 86 -382.6530799999999886
68 86 -714.2856399999999439
81 86 -55.9523620000000008
82 86 -280.6120599999999854
83 86 -306.1223100000000272
84 86 -0.0000053346157000
85 86 765.3059100000000399
86 86 3775.5095000000001164
87 86 55.9523769999999985
88 86 -280.6123000000000047
89 86 -306.1223100000000272
102 86 32.1428530000000023
103 86 -382.6530799999999886
104 86 -714.2856399999999439
105 86 -36.9047550000000015
106 86 484.6938499999999976
107 86 153.0611900000000105
66 87 -0.2222222100000000
67 87 -4.7619046999999997
68 87 -36.9047550000000015
69 87 -0.2222222100000000
70 87 -4.7619046999999997
84 87 -10.8888870000000004
85 87 0.0000038146973000
86 87 55.9523769999999985
87 87 22.6666559999999997
88 87 -0.0000357627870000
89 87 0.0000006854534100
90 87 -10.8888829999999999
91 87 0.0000309944150000
105 87 -0.2222222700000000
106 87 4.7619046999999997
107 87 -32.1428530000000023
108 87 -0.2222221500000000
109 87 4.7619027999999997
110 87 36.9047389999999993
66 88 4.7619046999999997
67 88 102.0408199999999965
68 88 484.6938499999999976
69 88 4.7619046999999997
70 88 102.0408199999999965
84 88 0.0000042915344000
85 88 -561.2243700000000217
86 88 -280.6123000000000047
87 88 -0.0000357627870000
88 88 1530.6117999999999029
89 88 765.3059100000000399
90 88 0.0000309944150000
91 88 -561.2241199999999708
105 88 -4.7619046999999997
106 88 102.0408199999999965
107 88 -382.6530799999999886
108 88 -4.7619027999999997
109 88 102.0407900000000012
110 88 484.6936000000000035
66 89 36.9047550000000015
67 89 484.6938499999999976
68 89 153.0612000000000137
69 89 -32.1428530000000023
70 89 -382.6530799999999886
84 89 -55.9523769999999985
85 89 -280.6120599999999854
86 89 -306.1223100000000272
87 89 0.0000006854534100
88 89 765.3059100000000399
89 89 3775.5095000000001164
90 89 55.9523620000000008
91 89 -280.6123000000000047
105 89 32.1428680000000000
106 89 -382.6530799999999886
107 89 -714.2858899999999949
108 89 -36.9047699999999992
109 89 484.6938499999999976
110 89 153.0611700000000042
69 90 -0.1111111000000000
70 90 -2.3809518999999999
87 90 -10.8888829999999999
88 90 0.0000309944150000
89 90 55.9523620000000008
90 90 11.3333270000000006
91 90 4.7618694000000001
108 90 -0.2222220900000000
109 90 4.7619008999999997
110 90 -32.1428220000000024
111 90 -0.1111110400000000
112 90 2.3809509000000002
69 91 2.3809518999999999
70 91 51.0204009999999997
87 91 0.0000309944150000
88 91 -561.2241199999999708
89 91 -280.6123000000000047
90 91 4.7618694000000001
91 91 765.3056599999999889
108 91 -4.7619008999999997
109 91 102.0407399999999996
110 91 -382.6528299999999945
111 91 -2.3809509000000002
112 91 51.0203860000000020
71 92 76.5306089999999983
72 92 -32.1428530000000023
73 92 -382.6530799999999886
74 92 -714.2856399999999439
92 92 1887.7548999999999069
93 92 55.9523769999999985
94 92 -280.6123000000000047
95 92 -306.1223100000000272
113 92 76.5306089999999983
72 93 -0.2222222100000000
73 93 -4.7619046999999997
74 93 -36.9047550000000015
75 93 -0.2222222100000000
76 93 -4.7619046999999997
77 93 32.1428530000000023
92 93 55.9523769999999985
93 93 22.6666719999999984
94 93 0.0000157356260000
95 93 0.0000045597553000
96 93 -10.8888890000000007
97 93 -0.0000095367432000
98 93 -55.9523769999999985
113 93 -32.1428530000000023
114 93 -0.2222222100000000
115 93 4.7619046999999997
116 93 36.9047699999999992
72 94 4.7619046999999997
73 94 102.0408000000000044
74 94 484.6938499999999976
75 94 4.7619046999999997
76 94 102.0408000000000044
77 94 -382.6530799999999886
92 94 -280.6123000000000047
93 94 0.0000157356260000
94 94 1530.6123000000000047
95 94 765.3061500000000024
96 94 -0.0000090599060000
97 94 -561.2243700000000217
98 94 -280.6123000000000047
113 94 -382.6530799999999886
114 94 -4.7619046999999997
115 94 102.0408199999999965
116 94 484.6938499999999976
72 95 36.9047550000000015
73 95 484.6938499999999976
74 95 153.0612000000000137
75 95 -32.1428530000000023
76 95 -382.6530799999999886
77 95 -714.2856399999999439
92 95 -306.1223100000000272
93 95 0.0000045597553000
94 95 765.3061500000000024
95 95 3775.5100000000002183
96 95 55.9523769999999985
97 95 -280.6123000000000047
98 95 -306.1225600000000213
113 95 -714.2856399999999439
114 95 -36.9047550000000015
115 95 484.6938499999999976
116 95 153.0612299999999948
75 96 -0.2222222100000000
76 96 -4.7619037999999998
77 96 -36.9047550000000015
78 96 -0.2222222100000000
79 96 -4.7619046999999997
80 96 32.1428530000000023
93 96 -10.8888890000000007
94 96 -0.0000090599060000
95 96 55.9523769999999985
96 96 22.6666719999999984
97 96 0.0000357627870000
98 96 0.0000052750111000
99 96 -10.8888920000000002
100 96 -0.0000228881840000
101 96 -55.9524079999999984
114 96 -0.2222222700000000
115 96 4.7619056999999998
116 96 -32.1428530000000023
117 96 -0.2222223300000000
118 96 4.7619065999999997
119 96 36.9047849999999968
75 97 4.7619037999999998
76 97 102.0408000000000044
77 97 484.6938499999999976
78 97 4.7619046999999997
79 97 102.0408000000000044
80 97 -382.6530799999999886
93 97 -0.0000095367432000
94 97 -561.2243700000000217
95 97 -280.6123000000000047
96 97 0.0000357627870000
97 97 1530.6123000000000047
98 97 765.3061500000000024
99 97 -0.0000224113460000
100 97 -561.2246099999999842
101 97 -280.6125499999999988
114 97 -4.7619056999999998
115 97 102.0408299999999997
116 97 -382.6530799999999886
117 97 -4.7619065999999997
118 97 102.0408500000000060
119 97 484.6940900000000170
75 98 36.9047550000000015
76 98 484.6938499999999976
77 98 153.0612000000000137
78 98 -32.1428530000000023
79 98 -382.6530799999999886
80 98 -714.2856399999999439
93 98 -55.9523769999999985
94 98 -280.6123000000000047
95 98 -306.1225600000000213
96 98 0.0000052750111000
97 98 765.3061500000000024
98 98 3775.5102999999999156
99 98 55.9523769999999985
100 98 -280.6120599999999854
101 98 -306.1225600000000213
114 98 32.1428530000000023
115 98 -382.6530799999999886
116 98 -714.2858899999999949
117 98 -36.9047699999999992
118 98 484.6940900000000170
119 98 153.0612600000000043
78 99 -0.2222222100000000
79 99 -4.7619046999999997
80 99 -36.9047550000000015
81 99 -0.2222222100000000
82 99 -4.7619046999999997
83 99 32.1428530000000023
96 99 -10.8888920000000002
97 99 -0.0000224113460000
98 99 55.9523769999999985
99 99 22.6666719999999984
100 99 0.0000309944150000
101 99 0.0000288188460000
102 99 -10.8888870000000004
103 99 -0.0000042915344000
104 99 -55.9523769999999985
117 99 -0.2222223300000000
118 99 4.7619065999999997
119 99 -32.1428680000000000
120 99 -0.2222222700000000
121 99 4.7619056999999998
122 99 36.9047550000000015
78 100 4.7619046999999997
79 100 102.0408199999999965
80 100 484.6938499999999976
81 100 4.7619046999999997
82 100 102.0408000000000044
83 100 -382.6530799999999886
96 100 -0.0000228881840000
97 100 -561.2246099999999842
98 100 -280.6120599999999854
99 100 0.0000309944150000
100 100 1530.6123000000000047
101 100 765.3061500000000024
102 100 -0.0000042915344000
103 100 -561.2243700000000217
104 100 -280.6123000000000047
117 100 -4.7619065999999997
118 100 102.0408599999999950
119 100 -382.6533200000000079
120 100 -4.7619056999999998
121 100 102.0408299999999997
122 100 484.6938499999999976
78 101 36.9047699999999992
79 101 484.6938499999999976
80 101 153.0612199999999916
81 101 -32.1428530000000023
82 101 -382.6530799999999886
83 101 -714.2856399999999439
96 101 -55.9524079999999984
97 101 -280.6125499999999988
98 101 -306.1225600000000213
99 101 0.0000288188460000
100 101 765.3061500000000024
101 101 3775.5104999999998654
102 101 55.9523769999999985
103 101 -280.6120599999999854
104 101 -306.1223100000000272
117 101 32.1428680000000000
118 101 -382.6530799999999886
119 101 -714.2858899999999949
120 101 -36.9047699999999992
121 101 484.6938499999999976
122 101 153.0612299999999948
81 102 -0.2222222100000000
82 102 -4.7619037999999998
83 102 -36.9047550000000015
84 102 -0.2222222100000000
85 102 -4.7619037999999998
86 102 32.1428530000000023
99 102 -10.8888870000000004
100 102 -0.0000042915344000
101 102 55.9523769999999985
102 102 22.6666559999999997
103 102 0.0000100135800000
104 102 0.0000052452087000
105 102 -10.8888870000000004
106 102 -0.0000042915344000
107 102 -55.9523769999999985
120 102 -0.2222222100000000
121 102 4.7619046999999997
122 102 -32.1428530000000023
123 102 -0.2222222100000000
124 102 4.7619046999999997
125 102 36.9047550000000015
81 103 4.7619037999999998
82 103 102.0407900000000012
83 103 484.6938499999999976
84 103 4.7619037999999998
85 103 102.0407900000000012
86 103 -382.6530799999999886
99 103 -0.0000042915344000
100 103 -561.2243700000000217
101 103 -280.6120599999999854
102 103 0.0000100135800000
103 103 1530.6121000000000549
104 103 765.3059100000000399
105 103 -0.0000042915344000
106 103 -561.2243700000000217
107 103 -280.6123000000000047
120 103 -4.7619046999999997
121 103 102.0408199999999965
122 103 -382.6530799999999886
123 103 -4.7619046999999997
124 103 102.0408199999999965
125 103 484.6938499999999976
81 104 36.9047550000000015
82 104 484.6938499999999976
83 104 153.0611900000000105
84 104 -32.1428530000000023
85 104 -382.6530799999999886
86 104 -714.2856399999999439
99 104 -55.9523769999999985
100 104 -280.6123000000000047
101 104 -306.1223100000000272
102 104 0.0000052452087000
103 104 765.3059100000000399
104 104 3775.5095000000001164
105 104 55.9523620000000008
106 104 -280.6120599999999854
107 104 -306.1223100000000272
120 104 32.1428530000000023
121 104 -382.6530799999999886
122 104 -714.2856399999999439
123 104 -36.9047550000000015
124 104 484.6938499999999976
125 104 153.0612000000000137
84 105 -0.2222222100000000
85 105 -4.7619037999999998
86 105 -36.9047550000000015
87 105 -0.2222222700000000
88 105 -4.7619046999999997
89 105 32.1428680000000000
102 105 -10.8888870000000004
103 105 -0.0000042915344000
104 105 55.9523620000000008
105 105 22.6666719999999984
106 105 0.0000419616700000
107 105 -0.0000246763230000
108 105 -10.8888979999999993
109 105 -0.0000324249270000
110 105 -55.9524380000000008
123 105 -0.2222222700000000
124 105 4.7619056999999998
125 105 -32.1428530000000023
126 105 -0.2222223900000000
127 105 4.7619084999999997
128 105 36.9048000000000016
84 106 4.7619037999999998
85 106 102.0407900000000012
86 106 484.6938499999999976
87 106 4.7619046999999997
88 106 102.0408199999999965
89 106 -382.6530799999999886
102 106 -0.0000042915344000
103 106 -561.2243700000000217
104 106 -280.6120599999999854
105 106 0.0000419616700000
106 106 1530.6128000000001066
107 106 765.3061500000000024
108 106 -0.0000319480900000
109 106 -561.2248499999999467
110 106 -280.6125499999999988
123 106 -4.7619056999999998
124 106 102.0408299999999997
125 106 -382.6530799999999886
126 106 -4.7619084999999997
127 106 102.0408900000000045
128 106 484.6943400000000111
84 107 36.9047550000000015
85 107 484.6938499999999976
86 107 153.0611900000000105
87 107 -32.1428530000000023
88 107 -382.6530799999999886
89 107 -714.2858899999999949
102 107 -55.9523769999999985
103 107 -280.6123000000000047
104 107 -306.1223100000000272
105 107 -0.0000246763230000
106 107 765.3061500000000024
107 107 3775.5109999999999673
108 107 55.9524079999999984
109 107 -280.6123000000000047
110 107 -306.1227999999999838
123 107 32.1428680000000000
124 107 -382.6530799999999886
125 107 -714.2858899999999949
126 107 -36.9047849999999968
127 107 484.6940900000000170
128 107 153.0613600000000076
87 108 -0.2222221500000000
88 108 -4.7619027999999997
89 108 -36.9047699999999992
90 108 -0.2222220900000000
91 108 -4.7619008999999997
105 108 -10.8888979999999993
106 108 -0.0000319480900000
107 108 55.9524079999999984
108 108 22.6666719999999984
109 108 0.0000443458560000
110 108 0.0000729858880000
111 108 -10.8888839999999991
112 108 -0.0000042915344000
126 108 -0.2222223900000000
127 108 4.7619084999999997
128 108 -32.1428989999999999
129 108 -0.2222222100000000
130 108 4.7619046999999997
131 108 36.9047550000000015
87 109 4.7619027999999997
88 109 102.0407900000000012
89 109 484.6938499999999976
90 109 4.7619008999999997
91 109 102.0407399999999996
105 109 -0.0000324249270000
106 109 -561.2248499999999467
107 109 -280.6123000000000047
108 109 0.0000443458560000
109 109 1530.6123000000000047
110 109 765.3064000000000533
111 109 -0.0000047683716000
112 109 -561.2243700000000217
126 109 -4.7619084999999997
127 109 102.0408900000000045
128 109 -382.6533200000000079
129 109 -4.7619046999999997
130 109 102.0408199999999965
131 109 484.6938499999999976
87 110 36.9047389999999993
88 110 484.6936000000000035
89 110 153.0611700000000042
90 110 -32.1428220000000024
91 110 -382.6528299999999945
105 110 -55.9524380000000008
106 110 -280.6125499999999988
107 110 -306.1227999999999838
108 110 0.0000729858880000
109 110 765.3064000000000533
110 110 3775.5102999999999156
111 110 55.9523620000000008
112 110 -280.6120599999999854
126 110 32.1428680000000000
127 110 -382.6533200000000079
128 110 -714.2861299999999574
129 110 -36.9047699999999992
130 110 484.6938499999999976
131 110 153.0612000000000137
90 111 -0.1111110400000000
91 111 -2.3809509000000002
108 111 -10.8888839999999991
109 111 -0.0000047683716000
110 111 55.9523620000000008
111 111 11.3333290000000009
112 111 4.7619075999999998
129 111 -0.2222221500000000
130 111 4.7619027999999997
131 111 -32.1428530000000023
132 111 -0.1111110400000000
133 111 2.3809518999999999
90 112 2.3809509000000002
91 112 51.0203860000000020
108 112 -0.0000042915344000
109 112 -561.2243700000000217
110 112 -280.6120599999999854
111 112 4.7619075999999998
112 112 765.3059100000000399
129 112 -4.7619027999999997
130 112 102.0407900000000012
131 112 -382.6528299999999945
132 112 -2.3809518999999999
133 112 51.0203860000000020
92 113 76.5306089999999983
93 113 -32.1428530000000023
94 113 -382.6530799999999886
95 113 -714.2856399999999439
113 113 1887.7551000000000840
114 113 55.9523769999999985
115 113 -280.6123000000000047
116 113 -306.1225600000000213
134 113 76.5306089999999983
93 114 -0.2222222100000000
94 114 -4.7619046999999997
95 114 -36.9047550000000015
96 114 -0.2222222700000000
97 114 -4.7619056999999998
98 114 32.1428530000000023
113 114 55.9523769999999985
114 114 22.6666719999999984
115 114 0.0000014305115000
116 114 -0.0000045001507000
117 114 -10.8888900000000000
119 114 -55.9523930000000007
134 114 -32.1428530000000023
135 114 -0.2222222100000000
136 114 36.9047699999999992
93 115 4.7619046999999997
94 115 102.0408199999999965
95 115 484.6938499999999976
96 115 4.7619056999999998
97 115 102.0408299999999997
98 115 -382.6530799999999886
113 115 -280.6123000000000047
114 115 0.0000014305115000
115 115 1530.6123000000000047
116 115 765.3061500000000024
118 115 -561.2246099999999842
119 115 -280.6123000000000047
134 115 -382.6530799999999886
135 115 -4.7619046999999997
136 115 484.6938499999999976
93 116 36.9047699999999992
94 116 484.6938499999999976
95 116 153.0612299999999948
96 116 -32.1428530000000023
97 116 -382.6530799999999886
98 116 -714.2858899999999949
113 116 -306.1225600000000213
114 116 -0.0000045001507000
115 116 765.3061500000000024
116 116 3775.5102999999999156
117 116 55.9523930000000007
118 116 -280.6123000000000047
119 116 -306.1225600000000213
134 116 -714.2856399999999439
135 116 -36.9047550000000015
136 116 153.0612299999999948
96 117 -0.2222223300000000
97 117 -4.7619065999999997
98 117 -36.9047699999999992
99 117 -0.2222223300000000
100 117 -4.7619065999999997
101 117 32.1428680000000000
114 117 -10.8888900000000000
116 117 55.9523930000000007
117 117 22.6666719999999984
118 117 -0.0000119209290000
119 117 -0.0000081658363000
120 117 -10.8888909999999992
121 117 0.0000095367432000
122 117 -55.9523769999999985
135 117 -0.2222222700000000
136 117 -32.1428530000000023
137 117 -0.2222222700000000
138 117 36.9047550000000015
96 118 4.7619065999999997
97 118 102.0408500000000060
98 118 484.6940900000000170
99 118 4.7619065999999997
100 118 102.0408599999999950
101 118 -382.6530799999999886
115 118 -561.2246099999999842
116 118 -280.6123000000000047
117 118 -0.0000119209290000
118 118 1530.6124999999999545
119 118 765.3061500000000024
120 118 0.0000095367432000
121 118 -561.2246099999999842
122 118 -280.6123000000000047
135 118 -4.7619056999999998
136 118 -382.6530799999999886
137 118 -4.7619046999999997
138 118 484.6938499999999976
96 119 36.9047849999999968
97 119 484.6940900000000170
98 119 153.0612600000000043
99 119 -32.1428680000000000
100 119 -382.6533200000000079
101 119 -714.2858899999999949
114 119 -55.9523930000000007
115 119 -280.6123000000000047
116 119 -306.1225600000000213
117 119 -0.0000081658363000
118 119 765.3061500000000024
119 119 3775.5106999999998152
120 119 55.9523930000000007
121 119 -280.6123000000000047
122 119 -306.1225600000000213
135 119 32.1428530000000023
136 119 -714.2858899999999949
137 119 -36.9047699999999992
138 119 153.0612299999999948
99 120 -0.2222222700000000
100 120 -4.7619056999999998
101 120 -36.9047699999999992
102 120 -0.2222222100000000
103 120 -4.7619046999999997
104 120 32.1428530000000023
117 120 -10.8888909999999992
118 120 0.0000095367432000
119 120 55.9523930000000007
120 120 22.6666719999999984
121 120 -0.0000109672550000
122 120 0.0000042021275000
123 120 -10.8888879999999997
125 120 -55.9523769999999985
137 120 -0.2222222100000000
138 120 -32.1428530000000023
139 120 -0.2222222100000000
140 120 36.9047550000000015
99 121 4.7619056999999998
100 121 102.0408299999999997
101 121 484.6938499999999976
102 121 4.7619046999999997
103 121 102.0408199999999965
104 121 -382.6530799999999886
117 121 0.0000095367432000
118 121 -561.2246099999999842
119 121 -280.6123000000000047
120 121 -0.0000109672550000
121 121 1530.6123000000000047
122 121 765.3061500000000024
124 121 -561.2243700000000217
125 121 -280.6123000000000047
137 121 -4.7619037999999998
138 121 -382.6530799999999886
139 121 -4.7619037999999998
140 121 484.6938499999999976
99 122 36.9047550000000015
100 122 484.6938499999999976
101 122 153.0612299999999948
102 122 -32.1428530000000023
103 122 -382.6530799999999886
104 122 -714.2856399999999439
117 122 -55.9523769999999985
118 122 -280.6123000000000047
119 122 -306.1225600000000213
120 122 0.0000042021275000
121 122 765.3061500000000024
122 122 3775.5100000000002183
123 122 55.9523769999999985
124 122 -280.6123000000000047
125 122 -306.1223100000000272
137 122 32.1428530000000023
138 122 -714.2856399999999439
139 122 -36.9047550000000015
140 122 153.0612000000000137
102 123 -0.2222222100000000
103 123 -4.7619046999999997
104 123 -36.9047550000000015
105 123 -0.2222222700000000
106 123 -4.7619056999999998
107 123 32.1428680000000000
120 123 -10.8888879999999997
122 123 55.9523769999999985
123 123 22.6666719999999984
124 123 -0.0000195503230000
125 123 -0.0000200271610000
126 123 -10.8888909999999992
127 123 0.0000185966490000
128 123 -55.9523769999999985
139 123 -0.2222222100000000
140 123 -32.1428530000000023
141 123 -0.2222222100000000
142 123 36.9047550000000015
102 124 4.7619046999999997
103 124 102.0408199999999965
104 124 484.6938499999999976
105 124 4.7619056999999998
106 124 102.0408299999999997
107 124 -382.6530799999999886
121 124 -561.2243700000000217
122 124 -280.6123000000000047
123 124 -0.0000195503230000
124 124 1530.6123000000000047
125 124 765.3061500000000024
126 124 0.0000185966490000
127 124 -561.2246099999999842
128 124 -280.6120599999999854
139 124 -4.7619046999999997
140 124 -382.6530799999999886
141 124 -4.7619046999999997
142 124 484.6938499999999976
102 125 36.9047550000000015
103 125 484.6938499999999976
104 125 153.0612000000000137
105 125 -32.1428530000000023
106 125 -382.6530799999999886
107 125 -714.2858899999999949
120 125 -55.9523769999999985
121 125 -280.6123000000000047
122 125 -306.1223100000000272
123 125 -0.0000200271610000
124 125 765.3061500000000024
125 125 3775.5100000000002183
126 125 55.9523930000000007
127 125 -280.6123000000000047
128 125 -306.1225600000000213
139 125 32.1428530000000023
140 125 -714.2856399999999439
141 125 -36.9047550000000015
142 125 153.0612000000000137
105 126 -0.2222223900000000
106 126 -4.7619084999999997
107 126 -36.9047849999999968
108 126 -0.2222223900000000
109 126 -4.7619084999999997
110 126 32.1428680000000000
123 126 -10.8888909999999992
124 126 0.0000185966490000
125 126 55.9523930000000007
126 126 22.6666719999999984
127 126 -0.0000452995300000
128 126 -0.0000135898590000
129 126 -10.8888879999999997
130 126 0.0000181198120000
131 126 -55.9523620000000008
141 126 -0.2222222100000000
142 126 -32.1428530000000023
143 126 -0.2222221500000000
144 126 36.9047550000000015
105 127 4.7619084999999997
106 127 102.0408900000000045
107 127 484.6940900000000170
108 127 4.7619084999999997
109 127 102.0408900000000045
110 127 -382.6533200000000079
123 127 0.0000185966490000
124 127 -561.2246099999999842
125 127 -280.6123000000000047
126 127 -0.0000452995300000
127 127 1530.6123000000000047
128 127 765.3061500000000024
129 127 0.0000176429750000
130 127 -561.2243700000000217
131 127 -280.6120599999999854
141 127 -4.7619046999999997
142 127 -382.6530799999999886
143 127 -4.7619037999999998
144 127 484.6938499999999976
105 128 36.9048000000000016
106 128 484.6943400000000111
107 128 153.0613600000000076
108 128 -32.1428989999999999
109 128 -382.6533200000000079
110 128 -714.2861299999999574
123 128 -55.9523769999999985
124 128 -280.6120599999999854
125 128 -306.1225600000000213
126 128 -0.0000135898590000
127 128 765.3061500000000024
128 128 3775.5109999999999673
129 128 55.9523769999999985
130 128 -280.6123000000000047
131 128 -306.1223100000000272
141 128 32.1428530000000023
142 128 -714.2856399999999439
143 128 -36.9047550000000015
144 128 153.0611900000000105
108 129 -0.2222222100000000
109 129 -4.7619046999999997
110 129 -36.9047699999999992
111 129 -0.2222221500000000
112 129 -4.7619027999999997
126 129 -10.8888879999999997
127 129 0.0000176429750000
128 129 55.9523769999999985
129 129 22.6666559999999997
130 129 -0.0000190734860000
131 129 0.0000016093254000
132 129 -10.8888850000000001
143 129 -0.2222221500000000
144 129 -32.1428530000000023
145 129 -0.2222221500000000
146 129 36.9047550000000015
108 130 4.7619046999999997
109 130 102.0408199999999965
110 130 484.6938499999999976
111 130 4.7619027999999997
112 130 102.0407900000000012
126 130 0.0000181198120000
127 130 -561.2243700000000217
128 130 -280.6123000000000047
129 130 -0.0000190734860000
130 130 1530.6117999999999029
131 130 765.3059100000000399
133 130 -561.2243700000000217
143 130 -4.7619027999999997
144 130 -382.6528299999999945
145 130 -4.7619027999999997
146 130 484.6936000000000035
108 131 36.9047550000000015
109 131 484.6938499999999976
110 131 153.0612000000000137
111 131 -32.1428530000000023
112 131 -382.6528299999999945
126 131 -55.9523620000000008
127 131 -280.6120599999999854
128 131 -306.1223100000000272
129 131 0.0000016093254000
130 131 765.3059100000000399
131 131 3775.5093000000001666
132 131 55.9523620000000008
133 131 -280.6120599999999854
143 131 32.1428530000000023
144 131 -714.2853999999999814
145 131 -36.9047550000000015
146 131 153.0611700000000042
111 132 -0.1111110400000000
112 132 -2.3809518999999999
129 132 -10.8888850000000001
131 132 55.9523620000000008
132 132 11.3333290000000009
133 132 4.7619027999999997
145 132 -0.2222221500000000
146 132 -32.1428530000000023
147 132 -0.1111110400000000
111 133 2.3809518999999999
112 133 51.0203860000000020
130 133 -561.2243700000000217
131 133 -280.6120599999999854
132 133 4.7619027999999997
133 133 765.3059100000000399
145 133 -4.7619027999999997
146 133 -382.6528299999999945
147 133 -2.3809518999999999
113 134 76.5306089999999983
114 134 -32.1428530000000023
115 134 -382.6530799999999886
116 134 -714.2856399999999439
134 134 1352.0407999999999902
135 134 45.2380980000000008
136 134 -153.0612199999999916
114 135 -0.2222222100000000
115 135 -4.7619046999999997
116 135 -36.9047550000000015
117 135 -0.2222222700000000
118 135 -4.7619056999999998
119 135 32.1428530000000023
134 135 45.2380980000000008
135 135 11.3333340000000007
136 135 -39.2857210000000023
137 135 -5.4444447000000000
138 135 -10.7142870000000006
114 136 36.9047699999999992
115 136 484.6938499999999976
116 136 153.0612299999999948
117 136 -32.1428530000000023
118 136 -382.6530799999999886
119 136 -714.2858899999999949
134 136 -153.0612199999999916
135 136 -39.2857210000000023
136 136 1887.7551000000000840
137 136 45.2380980000000008
138 136 -153.0612299999999948
117 137 -0.2222222700000000
118 137 -4.7619046999999997
119 137 -36.9047699999999992
120 137 -0.2222222100000000
121 137 -4.7619037999999998
122 137 32.1428530000000023
135 137 -5.4444447000000000
136 137 45.2380980000000008
137 137 11.3333329999999997
138 137 -39.2857059999999976
139 137 -5.4444426999999997
140 137 -10.7142830000000000
117 138 36.9047550000000015
118 138 484.6938499999999976
119 138 153.0612299999999948
120 138 -32.1428530000000023
121 138 -382.6530799999999886
122 138 -714.2856399999999439
135 138 -10.7142870000000006
136 138 -153.0612299999999948
137 138 -39.2857059999999976
138 138 1887.7548999999999069
139 138 45.2380830000000032
140 138 -153.0611700000000042
120 139 -0.2222222100000000
121 139 -4.7619037999999998
122 139 -36.9047550000000015
123 139 -0.2222222100000000
124 139 -4.7619046999999997
125 139 32.1428530000000023
137 139 -5.4444426999999997
138 139 45.2380830000000032
139 139 11.3333309999999994
140 139 -39.2857059999999976
141 139 -5.4444436999999999
142 139 -10.7142850000000003
120 140 36.9047550000000015
121 140 484.6938499999999976
122 140 153.0612000000000137
123 140 -32.1428530000000023
124 140 -382.6530799999999886
125 140 -714.2856399999999439
137 140 -10.7142830000000000
138 140 -153.0611700000000042
139 140 -39.2857059999999976
140 140 1887.7548999999999069
141 140 45.2380980000000008
142 140 -153.0612000000000137
123 141 -0.2222222100000000
124 141 -4.7619046999999997
125 141 -36.9047550000000015
126 141 -0.2222222100000000
127 141 -4.7619046999999997
128 141 32.1428530000000023
139 141 -5.4444436999999999
140 141 45.2380980000000008
141 141 11.3333320000000004
142 141 -39.2857059999999976
143 141 -5.4444436999999999
144 141 -10.7142839999999993
123 142 36.9047550000000015
124 142 484.6938499999999976
125 142 153.0612000000000137
126 142 -32.1428530000000023
127 142 -382.6530799999999886
128 142 -714.2856399999999439
139 142 -10.7142850000000003
140 142 -153.0612000000000137
141 142 -39.2857059999999976
142 142 1887.7548999999999069
143 142 45.2380830000000032
144 142 -153.0612000000000137
126 143 -0.2222221500000000
127 143 -4.7619037999999998
128 143 -36.9047550000000015
129 143 -0.2222221500000000
130 143 -4.7619027999999997
131 143 32.1428530000000023
141 143 -5.4444436999999999
142 143 45.2380830000000032
143 143 11.3333309999999994
144 143 -39.2857059999999976
145 143 -5.4444426999999997
146 143 -10.7142820000000007
126 144 36.9047550000000015
127 144 484.6938499999999976
128 144 153.0611900000000105
129 144 -32.1428530000000023
130 144 -382.6528299999999945
131 144 -714.2853999999999814
141 144 -10.7142839999999993
142 144 -153.0612000000000137
143 144 -39.2857059999999976
144 144 1887.7544000000000324
145 144 45.2380830000000032
146 144 -153.0611700000000042
129 145 -0.2222221500000000
130 145 -4.7619027999999997
131 145 -36.9047550000000015
132 145 -0.2222221500000000
133 145 -4.7619027999999997
143 145 -5.4444426999999997
144 145 45.2380830000000032
145 145 11.3333290000000009
146 145 -39.2857059999999976
147 145 -5.4444426999999997
129 146 36.9047550000000015
130 146 484.6936000000000035
131 146 153.0611700000000042
132 146 -32.1428530000000023
133 146 -382.6528299999999945
143 146 -10.7142820000000007
144 146 -153.0611700000000042
145 146 -39.2857059999999976
146 146 1887.7544000000000324
147 146 45.2380830000000032
132 147 -0.1111110400000000
133 147 -2.3809518999999999
145 147 -5.4444426999999997
146 147 45.2380830000000032
147 147 5.5555534000000000
