100 100 594
1 1 0.1715541800000000
2 1 0.0357770880000000
3 1 -0.1000000000000000
13 1 -0.0715541760000000
14 1 -0.0357770880000000
1 2 0.0357770880000000
2 2 0.4178885400000000
12 2 -0.2000000000000000
13 2 -0.0357770880000000
14 2 -0.0178885440000000
1 3 -0.1000000000000000
3 3 0.3431083500000000
5 3 -0.1000000000000000
4 4 0.4357770900000000
14 4 -0.2000000000000000
3 5 -0.1000000000000000
5 5 0.3431083500000000
7 5 -0.1000000000000000
13 5 -0.0715541760000000
14 5 0.0357770880000000
17 5 -0.0715541760000000
18 5 -0.0357770880000000
6 6 0.4357770900000000
13 6 0.0357770880000000
14 6 -0.0178885440000000
16 6 -0.2000000000000000
17 6 -0.0357770880000000
18 6 -0.0178885440000000
5 7 -0.1000000000000000
7 7 0.3431083500000000
9 7 -0.1000000000000000
8 8 0.4357770900000000
18 8 -0.2000000000000000
7 9 -0.1000000000000000
9 9 0.1715541800000000
10 9 -0.0357770880000000
17 9 -0.0715541760000000
18 9 0.0357770880000000
9 10 -0.0357770880000000
10 10 0.4178885400000000
17 10 0.0357770880000000
18 10 -0.0178885440000000
20 10 -0.2000000000000000
11 11 0.1715541800000000
12 11 0.0357770880000000
13 11 -0.1000000000000000
23 11 -0.0715541760000000
24 11 -0.0357770880000000
2 12 -0.2000000000000000
11 12 0.0357770880000000
12 12 0.4178885400000000
22 12 -0.2000000000000000
23 12 -0.0357770880000000
24 12 -0.0178885440000000
1 13 -0.0715541760000000
2 13 -0.0357770880000000
5 13 -0.0715541760000000
6 13 0.0357770880000000
11 13 -0.1000000000000000
13 13 0.3431083500000000
15 13 -0.1000000000000000
1 14 -0.0357770880000000
2 14 -0.0178885440000000
4 14 -0.2000000000000000
5 14 0.0357770880000000
6 14 -0.0178885440000000
14 14 0.4357770900000000
24 14 -0.2000000000000000
13 15 -0.1000000000000000
15 15 0.3431083500000000
17 15 -0.1000000000000000
23 15 -0.0715541760000000
24 15 0.0357770880000000
27 15 -0.0715541760000000
28 15 -0.0357770880000000
6 16 -0.2000000000000000
16 16 0.4357770900000000
23 16 0.0357770880000000
24 16 -0.0178885440000000
26 16 -0.2000000000000000
27 16 -0.0357770880000000
28 16 -0.0178885440000000
5 17 -0.0715541760000000
6 17 -0.0357770880000000
9 17 -0.0715541760000000
10 17 0.0357770880000000
15 17 -0.1000000000000000
17 17 0.3431083500000000
19 17 -0.1000000000000000
5 18 -0.0357770880000000
6 18 -0.0178885440000000
8 18 -0.2000000000000000
9 18 0.0357770880000000
10 18 -0.0178885440000000
18 18 0.4357770900000000
28 18 -0.2000000000000000
17 19 -0.1000000000000000
19 19 0.1715541800000000
20 19 -0.0357770880000000
27 19 -0.0715541760000000
28 19 0.0357770880000000
10 20 -0.2000000000000000
19 20 -0.0357770880000000
20 20 0.4178885400000000
27 20 0.0357770880000000
28 20 -0.0178885440000000
30 20 -0.2000000000000000
21 21 0.1715541800000000
22 21 0.0357770880000000
23 21 -0.1000000000000000
33 21 -0.0715541760000000
34 21 -0.0357770880000000
12 22 -0.2000000000000000
21 22 0.0357770880000000
22 22 0.4178885400000000
32 22 -0.2000000000000000
33 22 -0.0357770880000000
34 22 -0.0178885440000000
11 23 -0.0715541760000000
12 23 -0.0357770880000000
15 23 -0.0715541760000000
16 23 0.0357770880000000
21 23 -0.1000000000000000
23 23 0.3431083500000000
25 23 -0.1000000000000000
11 24 -0.0357770880000000
12 24 -0.0178885440000000
14 24 -0.2000000000000000
15 24 0.0357770880000000
16 24 -0.0178885440000000
24 24 0.4357770900000000
34 24 -0.2000000000000000
23 25 -0.1000000000000000
25 25 0.3431083500000000
27 25 -0.1000000000000000
33 25 -0.0715541760000000
34 25 0.0357770880000000
37 25 -0.0715541760000000
38 25 -0.0357770880000000
16 26 -0.2000000000000000
26 26 0.4357770900000000
33 26 0.0357770880000000
34 26 -0.0178885440000000
36 26 -0.2000000000000000
37 26 -0.0357770880000000
38 26 -0.0178885440000000
15 27 -0.0715541760000000
16 27 -0.0357770880000000
19 27 -0.0715541760000000
20 27 0.0357770880000000
25 27 -0.1000000000000000
27 27 0.3431083500000000
29 27 -0.1000000000000000
15 28 -0.0357770880000000
16 28 -0.0178885440000000
18 28 -0.2000000000000000
19 28 0.0357770880000000
20 28 -0.0178885440000000
28 28 0.4357770900000000
38 28 -0.2000000000000000
27 29 -0.1000000000000000
29 29 0.1715541800000000
30 29 -0.0357770880000000
37 29 -0.0715541760000000
38 29 0.0357770880000000
20 30 -0.2000000000000000
29 30 -0.0357770880000000
30 30 0.4178885400000000
37 30 0.0357770880000000
38 30 -0.0178885440000000
40 30 -0.2000000000000000
31 31 0.1715541800000000
32 31 0.0357770880000000
33 31 -0.1000000000000000
43 31 -0.0715541760000000
44 31 -0.0357770880000000
22 32 -0.2000000000000000
31 32 0.0357770880000000
32 32 0.4178885400000000
42 32 -0.2000000000000000
43 32 -0.0357770880000000
44 32 -0.0178885440000000
21 33 -0.0715541760000000
22 33 -0.0357770880000000
25 33 -0.0715541760000000
26 33 0.0357770880000000
31 33 -0.1000000000000000
33 33 0.3431083500000000
35 33 -0.1000000000000000
21 34 -0.0357770880000000
22 34 -0.0178885440000000
24 34 -0.2000000000000000
25 34 0.0357770880000000
26 34 -0.0178885440000000
34 34 0.4357770900000000
44 34 -0.2000000000000000
33 35 -0.1000000000000000
35 35 0.3431083500000000
37 35 -0.1000000000000000
43 35 -0.0715541760000000
44 35 0.0357770880000000
47 35 -0.0715541760000000
48 35 -0.0357770880000000
26 36 -0.2000000000000000
36 36 0.4357770900000000
43 36 0.0357770880000000
44 36 -0.0178885440000000
46 36 -0.2000000000000000
47 36 -0.0357770880000000
48 36 -0.0178885440000000
25 37 -0.0715541760000000
26 37 -0.0357770880000000
29 37 -0.0715541760000000
30 37 0.0357770880000000
35 37 -0.1000000000000000
37 37 0.3431083500000000
39 37 -0.1000000000000000
25 38 -0.0357770880000000
26 38 -0.0178885440000000
28 38 -0.2000000000000000
29 38 0.0357770880000000
30 38 -0.0178885440000000
38 38 0.4357770900000000
48 38 -0.2000000000000000
37 39 -0.1000000000000000
39 39 0.1715541800000000
40 39 -0.0357770880000000
47 39 -0.0715541760000000
48 39 0.0357770880000000
30 40 -0.2000000000000000
39 40 -0.0357770880000000
40 40 0.4178885400000000
47 40 0.0357770880000000
48 40 -0.0178885440000000
50 40 -0.2000000000000000
41 41 0.1715541800000000
42 41 0.0357770880000000
43 41 -0.1000000000000000
53 41 -0.0715541760000000
54 41 -0.0357770880000000
32 42 -0.2000000000000000
41 42 0.0357770880000000
42 42 0.4178885400000000
52 42 -0.2000000000000000
53 42 -0.0357770880000000
54 42 -0.0178885440000000
31 43 -0.0715541760000000
32 43 -0.0357770880000000
35 43 -0.0715541760000000
36 43 0.0357770880000000
41 43 -0.1000000000000000
43 43 0.3431083500000000
45 43 -0.1000000000000000
31 44 -0.0357770880000000
32 44 -0.0178885440000000
34 44 -0.2000000000000000
35 44 0.0357770880000000
36 44 -0.0178885440000000
44 44 0.4357770900000000
54 44 -0.2000000000000000
43 45 -0.1000000000000000
45 45 0.3431083500000000
47 45 -0.1000000000000000
53 45 -0.0715541760000000
54 45 0.0357770880000000
57 45 -0.0715541760000000
58 45 -0.0357770880000000
36 46 -0.2000000000000000
46 46 0.4357770900000000
53 46 0.0357770880000000
54 46 -0.0178885440000000
56 46 -0.2000000000000000
57 46 -0.0357770880000000
58 46 -0.0178885440000000
35 47 -0.0715541760000000
36 47 -0.0357770880000000
39 47 -0.0715541760000000
40 47 0.0357770880000000
45 47 -0.1000000000000000
47 47 0.3431083500000000
49 47 -0.1000000000000000
35 48 -0.0357770880000000
36 48 -0.0178885440000000
38 48 -0.2000000000000000
39 48 0.0357770880000000
40 48 -0.0178885440000000
48 48 0.4357770900000000
58 48 -0.2000000000000000
47 49 -0.1000000000000000
49 49 0.1715541800000000
50 49 -0.0357770880000000
57 49 -0.0715541760000000
58 49 0.0357770880000000
40 50 -0.2000000000000000
49 50 -0.0357770880000000
50 50 0.4178885400000000
57 50 0.0357770880000000
58 50 -0.0178885440000000
60 50 -0.2000000000000000
51 51 0.1715541800000000
52 51 0.0357770880000000
53 51 -0.1000000000000000
63 51 -0.0715541760000000
64 51 -0.0357770880000000
42 52 -0.2000000000000000
51 52 0.0357770880000000
52 52 0.4178885400000000
62 52 -0.2000000000000000
63 52 -0.0357770880000000
64 52 -0.0178885440000000
41 53 -0.0715541760000000
42 53 -0.0357770880000000
45 53 -0.0715541760000000
46 53 0.0357770880000000
51 53 -0.1000000000000000
53 53 0.3431083500000000
55 53 -0.1000000000000000
41 54 -0.0357770880000000
42 54 -0.0178885440000000
44 54 -0.2000000000000000
45 54 0.0357770880000000
46 54 -0.0178885440000000
54 54 0.4357770900000000
64 54 -0.2000000000000000
53 55 -0.1000000000000000
55 55 0.3431083500000000
57 55 -0.1000000000000000
63 55 -0.0715541760000000
64 55 0.0357770880000000
67 55 -0.0715541760000000
68 55 -0.0357770880000000
46 56 -0.2000000000000000
56 56 0.4357770900000000
63 56 0.0357770880000000
64 56 -0.0178885440000000
66 56 -0.2000000000000000
67 56 -0.0357770880000000
68 56 -0.0178885440000000
45 57 -0.0715541760000000
46 57 -0.0357770880000000
49 57 -0.0715541760000000
50 57 0.0357770880000000
55 57 -0.1000000000000000
57 57 0.3431083500000000
59 57 -0.1000000000000000
45 58 -0.0357770880000000
46 58 -0.0178885440000000
48 58 -0.2000000000000000
49 58 0.0357770880000000
50 58 -0.0178885440000000
58 58 0.4357770900000000
68 58 -0.2000000000000000
57 59 -0.1000000000000000
59 59 0.1715541800000000
60 59 -0.0357770880000000
67 59 -0.0715541760000000
68 59 0.0357770880000000
50 60 -0.2000000000000000
59 60 -0.0357770880000000
60 60 0.4178885400000000
67 60 0.0357770880000000
68 60 -0.0178885440000000
70 60 -0.2000000000000000
61 61 0.1715541800000000
62 61 0.0357770880000000
63 61 -0.1000000000000000
73 61 -0.0715541760000000
74 61 -0.0357770880000000
52 62 -0.2000000000000000
61 62 0.0357770880000000
62 62 0.4178885400000000
72 62 -0.2000000000000000
73 62 -0.0357770880000000
74 62 -0.0178885440000000
51 63 -0.0715541760000000
52 63 -0.0357770880000000
55 63 -0.0715541760000000
56 63 0.0357770880000000
61 63 -0.1000000000000000
63 63 0.3431083500000000
65 63 -0.1000000000000000
51 64 -0.0357770880000000
52 64 -0.0178885440000000
54 64 -0.2000000000000000
55 64 0.0357770880000000
56 64 -0.0178885440000000
64 64 0.4357770900000000
74 64 -0.2000000000000000
63 65 -0.1000000000000000
65 65 0.3431083500000000
67 65 -0.1000000000000000
73 65 -0.0715541760000000
74 65 0.0357770880000000
77 65 -0.0715541760000000
78 65 -0.0357770880000000
56 66 -0.2000000000000000
66 66 0.4357770900000000
73 66 0.0357770880000000
74 66 -0.0178885440000000
76 66 -0.2000000000000000
77 66 -0.0357770880000000
78 66 -0.0178885440000000
55 67 -0.0715541760000000
56 67 -0.0357770880000000
59 67 -0.0715541760000000
60 67 0.0357770880000000
65 67 -0.1000000000000000
67 67 0.3431083500000000
69 67 -0.1000000000000000
55 68 -0.0357770880000000
56 68 -0.0178885440000000
58 68 -0.2000000000000000
59 68 0.0357770880000000
60 68 -0.0178885440000000
68 68 0.4357770900000000
78 68 -0.2000000000000000
67 69 -0.1000000000000000
69 69 0.1715541800000000
70 69 -0.0357770880000000
77 69 -0.0715541760000000
78 69 0.0357770880000000
60 70 -0.2000000000000000
69 70 -0.0357770880000000
70 70 0.4178885400000000
77 70 0.0357770880000000
78 70 -0.0178885440000000
80 70 -0.2000000000000000
71 71 0.1715541800000000
72 71 0.0357770880000000
73 71 -0.1000000000000000
83 71 -0.0715541760000000
84 71 -0.0357770880000000
62 72 -0.2000000000000000
71 72 0.0357770880000000
72 72 0.4178885400000000
82 72 -0.2000000000000000
83 72 -0.0357770880000000
84 72 -0.0178885440000000
61 73 -0.0715541760000000
62 73 -0.0357770880000000
65 73 -0.0715541760000000
66 73 0.0357770880000000
71 73 -0.1000000000000000
73 73 0.3431083500000000
75 73 -0.1000000000000000
61 74 -0.0357770880000000
62 74 -0.0178885440000000
64 74 -0.2000000000000000
65 74 0.0357770880000000
66 74 -0.0178885440000000
74 74 0.4357770900000000
84 74 -0.2000000000000000
73 75 -0.1000000000000000
75 75 0.3431083500000000
77 75 -0.1000000000000000
83 75 -0.0715541760000000
84 75 0.0357770880000000
87 75 -0.0715541760000000
88 75 -0.0357770880000000
66 76 -0.2000000000000000
76 76 0.4357770900000000
83 76 0.0357770880000000
84 76 -0.0178885440000000
86 76 -0.2000000000000000
87 76 -0.0357770880000000
88 76 -0.0178885440000000
65 77 -0.0715541760000000
66 77 -0.0357770880000000
69 77 -0.0715541760000000
70 77 0.0357770880000000
75 77 -0.1000000000000000
77 77 0.3431083500000000
79 77 -0.1000000000000000
65 78 -0.0357770880000000
66 78 -0.0178885440000000
68 78 -0.2000000000000000
69 78 0.0357770880000000
70 78 -0.0178885440000000
78 78 0.4357770900000000
88 78 -0.2000000000000000
77 79 -0.1000000000000000
79 79 0.1715541800000000
80 79 -0.0357770880000000
87 79 -0.0715541760000000
88 79 0.0357770880000000
70 80 -0.2000000000000000
79 80 -0.0357770880000000
80 80 0.4178885400000000
87 80 0.0357770880000000
88 80 -0.0178885440000000
90 80 -0.2000000000000000
81 81 0.1715541800000000
82 81 0.0357770880000000
83 81 -0.1000000000000000
93 81 -0.0715541760000000
94 81 -0.0357770880000000
72 82 -0.2000000000000000
81 82 0.0357770880000000
82 82 0.4178885400000000
92 82 -0.2000000000000000
93 82 -0.0357770880000000
94 82 -0.0178885440000000
71 83 -0.0715541760000000
72 83 -0.0357770880000000
75 83 -0.0715541760000000
76 83 0.0357770880000000
81 83 -0.1000000000000000
83 83 0.3431083500000000
85 83 -0.1000000000000000
71 84 -0.0357770880000000
72 84 -0.0178885440000000
74 84 -0.2000000000000000
75 84 0.0357770880000000
76 84 -0.0178885440000000
84 84 0.4357770900000000
94 84 -0.2000000000000000
83 85 -0.1000000000000000
85 85 0.3431083500000000
87 85 -0.1000000000000000
93 85 -0.0715541760000000
94 85 0.0357770880000000
97 85 -0.0715541760000000
98 85 -0.0357770880000000
76 86 -0.2000000000000000
86 86 0.4357770900000000
93 86 0.0357770880000000
94 86 -0.0178885440000000
96 86 -0.2000000000000000
97 86 -0.0357770880000000
98 86 -0.0178885440000000
75 87 -0.0715541760000000
76 87 -0.0357770880000000
79 87 -0.0715541760000000
80 87 0.0357770880000000
85 87 -0.1000000000000000
87 87 0.3431083500000000
89 87 -0.1000000000000000
75 88 -0.0357770880000000
76 88 -0.0178885440000000
78 88 -0.2000000000000000
79 88 0.0357770880000000
80 88 -0.0178885440000000
88 88 0.4357770900000000
98 88 -0.2000000000000000
87 89 -0.1000000000000000
89 89 0.1715541800000000
90 89 -0.0357770880000000
97 89 -0.0715541760000000
98 89 0.0357770880000000
80 90 -0.2000000000000000
89 90 -0.0357770880000000
90 90 0.4178885400000000
97 90 0.0357770880000000
98 90 -0.0178885440000000
100 90 -0.2000000000000000
91 91 0.1000000000000000
93 91 -0.1000000000000000
82 92 -0.2000000000000000
92 92 0.2000000000000000
81 93 -0.0715541760000000
82 93 -0.0357770880000000
85 93 -0.0715541760000000
86 93 0.0357770880000000
91 93 -0.1000000000000000
93 93 0.3431083500000000
95 93 -0.1000000000000000
81 94 -0.0357770880000000
82 94 -0.0178885440000000
84 94 -0.2000000000000000
85 94 0.0357770880000000
86 94 -0.0178885440000000
94 94 0.2357770900000000
93 95 -0.1000000000000000
95 95 0.2000000000000000
97 95 -0.1000000000000000
86 96 -0.2000000000000000
96 96 0.2000000000000000
85 97 -0.0715541760000000
86 97 -0.0357770880000000
89 97 -0.0715541760000000
90 97 0.0357770880000000
95 97 -0.1000000000000000
97 97 0.3431083500000000
99 97 -0.1000000000000000
85 98 -0.0357770880000000
86 98 -0.0178885440000000
88 98 -0.2000000000000000
89 98 0.0357770880000000
90 98 -0.0178885440000000
98 98 0.2357770900000000
97 99 -0.1000000000000000
99 99 0.1000000000000000
90 100 -0.2000000000000000
100 100 0.2000000000000000
