675 675 3255
1 1 1.0004000000000000
2 1 -0.0001000000000000
31 1 -0.0001000000000000
1 2 -0.0001000000000000
2 2 1.0004000000000000
3 2 -0.0001000000000000
32 2 -0.0001000000000000
2 3 -0.0001000000000000
3 3 1.0004000000000000
4 3 -0.0001000000000000
33 3 -0.0001000000000000
3 4 -0.0001000000000000
4 4 1.0004000000000000
5 4 -0.0001000000000000
34 4 -0.0001000000000000
4 5 -0.0001000000000000
5 5 1.0004000000000000
6 5 -0.0001000000000000
35 5 -0.0001000000000000
5 6 -0.0001000000000000
6 6 1.0004000000000000
7 6 -0.0001000000000000
36 6 -0.0001000000000000
6 7 -0.0001000000000000
7 7 1.0004000000000000
8 7 -0.0001000000000000
37 7 -0.0001000000000000
7 8 -0.0001000000000000
8 8 1.0004000000000000
9 8 -0.0001000000000000
38 8 -0.0001000000000000
8 9 -0.0001000000000000
9 9 1.0004000000000000
10 9 -0.0001000000000000
39 9 -0.0001000000000000
9 10 -0.0001000000000000
10 10 1.0004000000000000
11 10 -0.0001000000000000
40 10 -0.0001000000000000
10 11 -0.0001000000000000
11 11 1.0004000000000000
12 11 -0.0001000000000000
41 11 -0.0001000000000000
11 12 -0.0001000000000000
12 12 1.0004000000000000
13 12 -0.0001000000000000
42 12 -0.0001000000000000
12 13 -0.0001000000000000
13 13 1.0004000000000000
14 13 -0.0001000000000000
43 13 -0.0001000000000000
13 14 -0.0001000000000000
14 14 1.0004000000000000
15 14 -0.0001000000000000
44 14 -0.0001000000000000
14 15 -0.0001000000000000
15 15 1.0004000000000000
16 15 -0.0001000000000000
45 15 -0.0001000000000000
15 16 -0.0001000000000000
16 16 1.0004000000000000
17 16 -0.0001000000000000
46 16 -0.0001000000000000
16 17 -0.0001000000000000
17 17 1.0004000000000000
18 17 -0.0001000000000000
47 17 -0.0001000000000000
17 18 -0.0001000000000000
18 18 1.0004000000000000
19 18 -0.0001000000000000
48 18 -0.0001000000000000
18 19 -0.0001000000000000
19 19 1.0004000000000000
20 19 -0.0001000000000000
49 19 -0.0001000000000000
19 20 -0.0001000000000000
20 20 1.0004000000000000
21 20 -0.0001000000000000
50 20 -0.0001000000000000
20 21 -0.0001000000000000
21 21 1.0004000000000000
22 21 -0.0001000000000000
51 21 -0.0001000000000000
21 22 -0.0001000000000000
22 22 1.0004000000000000
23 22 -0.0001000000000000
52 22 -0.0001000000000000
22 23 -0.0001000000000000
23 23 1.0004000000000000
24 23 -0.0001000000000000
53 23 -0.0001000000000000
23 24 -0.0001000000000000
24 24 1.0004000000000000
25 24 -0.0001000000000000
54 24 -0.0001000000000000
24 25 -0.0001000000000000
25 25 1.0004000000000000
26 25 -0.0001000000000000
55 25 -0.0001000000000000
25 26 -0.0001000000000000
26 26 1.0004000000000000
27 26 -0.0001000000000000
56 26 -0.0001000000000000
26 27 -0.0001000000000000
27 27 1.0004000000000000
28 27 -0.0001000000000000
57 27 -0.0001000000000000
27 28 -0.0001000000000000
28 28 1.0004000000000000
29 28 -0.0001000000000000
58 28 -0.0001000000000000
28 29 -0.0001000000000000
29 29 1.0004000000000000
30 29 -0.0001000000000000
59 29 -0.0001000000000000
29 30 -0.0001000000000000
30 30 1.0004000000000000
60 30 -0.0001000000000000
1 31 -0.0001000000000000
31 31 1.0004000000000000
32 31 -0.0001000000000000
61 31 -0.0001000000000000
2 32 -0.0001000000000000
31 32 -0.0001000000000000
32 32 1.0004000000000000
33 32 -0.0001000000000000
62 32 -0.0001000000000000
3 33 -0.0001000000000000
32 33 -0.0001000000000000
33 33 1.0103000000000000
34 33 -0.0001000000000000
63 33 -0.0100000000000000
4 34 -0.0001000000000000
33 34 -0.0001000000000000
34 34 1.0103000000000000
35 34 -0.0001000000000000
64 34 -0.0100000000000000
5 35 -0.0001000000000000
34 35 -0.0001000000000000
35 35 1.0103000000000000
36 35 -0.0001000000000000
65 35 -0.0100000000000000
6 36 -0.0001000000000000
35 36 -0.0001000000000000
36 36 1.0103000000000000
37 36 -0.0001000000000000
66 36 -0.0100000000000000
7 37 -0.0001000000000000
36 37 -0.0001000000000000
37 37 1.0103000000000000
38 37 -0.0001000000000000
67 37 -0.0100000000000000
8 38 -0.0001000000000000
37 38 -0.0001000000000000
38 38 1.0103000000000000
39 38 -0.0001000000000000
68 38 -0.0100000000000000
9 39 -0.0001000000000000
38 39 -0.0001000000000000
39 39 1.0103000000000000
40 39 -0.0001000000000000
69 39 -0.0100000000000000
10 40 -0.0001000000000000
39 40 -0.0001000000000000
40 40 1.0103000000000000
41 40 -0.0001000000000000
70 40 -0.0100000000000000
11 41 -0.0001000000000000
40 41 -0.0001000000000000
41 41 1.0103000000000000
42 41 -0.0001000000000000
71 41 -0.0100000000000000
12 42 -0.0001000000000000
41 42 -0.0001000000000000
42 42 1.0103000000000000
43 42 -0.0001000000000000
72 42 -0.0100000000000000
13 43 -0.0001000000000000
42 43 -0.0001000000000000
43 43 1.0103000000000000
44 43 -0.0001000000000000
73 43 -0.0100000000000000
14 44 -0.0001000000000000
43 44 -0.0001000000000000
44 44 1.0103000000000000
45 44 -0.0001000000000000
74 44 -0.0100000000000000
15 45 -0.0001000000000000
44 45 -0.0001000000000000
45 45 1.0103000000000000
46 45 -0.0001000000000000
75 45 -0.0100000000000000
16 46 -0.0001000000000000
45 46 -0.0001000000000000
46 46 1.0103000000000000
47 46 -0.0001000000000000
76 46 -0.0100000000000000
17 47 -0.0001000000000000
46 47 -0.0001000000000000
47 47 1.0103000000000000
48 47 -0.0001000000000000
77 47 -0.0100000000000000
18 48 -0.0001000000000000
47 48 -0.0001000000000000
48 48 1.0103000000000000
49 48 -0.0001000000000000
78 48 -0.0100000000000000
19 49 -0.0001000000000000
48 49 -0.0001000000000000
49 49 1.0103000000000000
50 49 -0.0001000000000000
79 49 -0.0100000000000000
20 50 -0.0001000000000000
49 50 -0.0001000000000000
50 50 1.0103000000000000
51 50 -0.0001000000000000
80 50 -0.0100000000000000
21 51 -0.0001000000000000
50 51 -0.0001000000000000
51 51 1.0103000000000000
52 51 -0.0001000000000000
81 51 -0.0100000000000000
22 52 -0.0001000000000000
51 52 -0.0001000000000000
52 52 1.0103000000000000
53 52 -0.0001000000000000
82 52 -0.0100000000000000
23 53 -0.0001000000000000
52 53 -0.0001000000000000
53 53 1.0103000000000000
54 53 -0.0001000000000000
83 53 -0.0100000000000000
24 54 -0.0001000000000000
53 54 -0.0001000000000000
54 54 1.0103000000000000
55 54 -0.0001000000000000
84 54 -0.0100000000000000
25 55 -0.0001000000000000
54 55 -0.0001000000000000
55 55 1.0103000000000000
56 55 -0.0001000000000000
85 55 -0.0100000000000000
26 56 -0.0001000000000000
55 56 -0.0001000000000000
56 56 1.0103000000000000
57 56 -0.0001000000000000
86 56 -0.0100000000000000
27 57 -0.0001000000000000
56 57 -0.0001000000000000
57 57 1.0004000000000000
58 57 -0.0001000000000000
87 57 -0.0001000000000000
28 58 -0.0001000000000000
57 58 -0.0001000000000000
58 58 1.0004000000000000
59 58 -0.0001000000000000
88 58 -0.0001000000000000
29 59 -0.0001000000000000
58 59 -0.0001000000000000
59 59 1.0004000000000000
60 59 -0.0001000000000000
89 59 -0.0001000000000000
30 60 -0.0001000000000000
59 60 -0.0001000000000000
60 60 1.0004000000000000
90 60 -0.0001000000000000
31 61 -0.0001000000000000
61 61 1.0004000000000000
62 61 -0.0001000000000000
91 61 -0.0001000000000000
32 62 -0.0001000000000000
61 62 -0.0001000000000000
62 62 1.0103000000000000
63 62 -0.0100000000000000
92 62 -0.0001000000000000
33 63 -0.0100000000000000
62 63 -0.0100000000000000
63 63 1.0400000000000000
64 63 -0.0100000000000000
93 63 -0.0100000000000000
34 64 -0.0100000000000000
63 64 -0.0100000000000000
64 64 1.0400000000000000
65 64 -0.0100000000000000
94 64 -0.0100000000000000
35 65 -0.0100000000000000
64 65 -0.0100000000000000
65 65 1.0400000000000000
66 65 -0.0100000000000000
95 65 -0.0100000000000000
36 66 -0.0100000000000000
65 66 -0.0100000000000000
66 66 1.0400000000000000
67 66 -0.0100000000000000
96 66 -0.0100000000000000
37 67 -0.0100000000000000
66 67 -0.0100000000000000
67 67 1.0400000000000000
68 67 -0.0100000000000000
97 67 -0.0100000000000000
38 68 -0.0100000000000000
67 68 -0.0100000000000000
68 68 1.0400000000000000
69 68 -0.0100000000000000
98 68 -0.0100000000000000
39 69 -0.0100000000000000
68 69 -0.0100000000000000
69 69 1.0400000000000000
70 69 -0.0100000000000000
99 69 -0.0100000000000000
40 70 -0.0100000000000000
69 70 -0.0100000000000000
70 70 1.0400000000000000
71 70 -0.0100000000000000
100 70 -0.0100000000000000
41 71 -0.0100000000000000
70 71 -0.0100000000000000
71 71 1.0400000000000000
72 71 -0.0100000000000000
101 71 -0.0100000000000000
42 72 -0.0100000000000000
71 72 -0.0100000000000000
72 72 1.0400000000000000
73 72 -0.0100000000000000
102 72 -0.0100000000000000
43 73 -0.0100000000000000
72 73 -0.0100000000000000
73 73 1.0400000000000000
74 73 -0.0100000000000000
103 73 -0.0100000000000000
44 74 -0.0100000000000000
73 74 -0.0100000000000000
74 74 1.0400000000000000
75 74 -0.0100000000000000
104 74 -0.0100000000000000
45 75 -0.0100000000000000
74 75 -0.0100000000000000
75 75 1.0400000000000000
76 75 -0.0100000000000000
105 75 -0.0100000000000000
46 76 -0.0100000000000000
75 76 -0.0100000000000000
76 76 1.0400000000000000
77 76 -0.0100000000000000
106 76 -0.0100000000000000
47 77 -0.0100000000000000
76 77 -0.0100000000000000
77 77 1.0400000000000000
78 77 -0.0100000000000000
107 77 -0.0100000000000000
48 78 -0.0100000000000000
77 78 -0.0100000000000000
78 78 1.0400000000000000
79 78 -0.0100000000000000
108 78 -0.0100000000000000
49 79 -0.0100000000000000
78 79 -0.0100000000000000
79 79 1.0400000000000000
80 79 -0.0100000000000000
109 79 -0.0100000000000000
50 80 -0.0100000000000000
79 80 -0.0100000000000000
80 80 1.0400000000000000
81 80 -0.0100000000000000
110 80 -0.0100000000000000
51 81 -0.0100000000000000
80 81 -0.0100000000000000
81 81 1.0400000000000000
82 81 -0.0100000000000000
111 81 -0.0100000000000000
52 82 -0.0100000000000000
81 82 -0.0100000000000000
82 82 1.0400000000000000
83 82 -0.0100000000000000
112 82 -0.0100000000000000
53 83 -0.0100000000000000
82 83 -0.0100000000000000
83 83 1.0400000000000000
84 83 -0.0100000000000000
113 83 -0.0100000000000000
54 84 -0.0100000000000000
83 84 -0.0100000000000000
84 84 1.0400000000000000
85 84 -0.0100000000000000
114 84 -0.0100000000000000
55 85 -0.0100000000000000
84 85 -0.0100000000000000
85 85 1.0400000000000000
86 85 -0.0100000000000000
115 85 -0.0100000000000000
56 86 -0.0100000000000000
85 86 -0.0100000000000000
86 86 1.0301000000000000
87 86 -0.0001000000000000
116 86 -0.0100000000000000
57 87 -0.0001000000000000
86 87 -0.0001000000000000
87 87 1.0004000000000000
88 87 -0.0001000000000000
117 87 -0.0001000000000000
58 88 -0.0001000000000000
87 88 -0.0001000000000000
88 88 1.0004000000000000
89 88 -0.0001000000000000
118 88 -0.0001000000000000
59 89 -0.0001000000000000
88 89 -0.0001000000000000
89 89 1.0004000000000000
90 89 -0.0001000000000000
119 89 -0.0001000000000000
60 90 -0.0001000000000000
89 90 -0.0001000000000000
90 90 1.0004000000000000
120 90 -0.0001000000000000
61 91 -0.0001000000000000
91 91 1.0004000000000000
92 91 -0.0001000000000000
121 91 -0.0001000000000000
62 92 -0.0001000000000000
91 92 -0.0001000000000000
92 92 1.0103000000000000
93 92 -0.0100000000000000
122 92 -0.0001000000000000
63 93 -0.0100000000000000
92 93 -0.0100000000000000
93 93 1.0400000000000000
94 93 -0.0100000000000000
123 93 -0.0100000000000000
64 94 -0.0100000000000000
93 94 -0.0100000000000000
94 94 1.0400000000000000
95 94 -0.0100000000000000
124 94 -0.0100000000000000
65 95 -0.0100000000000000
94 95 -0.0100000000000000
95 95 1.0400000000000000
96 95 -0.0100000000000000
125 95 -0.0100000000000000
66 96 -0.0100000000000000
95 96 -0.0100000000000000
96 96 1.0400000000000000
97 96 -0.0100000000000000
126 96 -0.0100000000000000
67 97 -0.0100000000000000
96 97 -0.0100000000000000
97 97 1.0400000000000000
98 97 -0.0100000000000000
127 97 -0.0100000000000000
68 98 -0.0100000000000000
97 98 -0.0100000000000000
98 98 1.0400000000000000
99 98 -0.0100000000000000
128 98 -0.0100000000000000
69 99 -0.0100000000000000
98 99 -0.0100000000000000
99 99 1.0400000000000000
100 99 -0.0100000000000000
129 99 -0.0100000000000000
70 100 -0.0100000000000000
99 100 -0.0100000000000000
100 100 1.0400000000000000
101 100 -0.0100000000000000
130 100 -0.0100000000000000
71 101 -0.0100000000000000
100 101 -0.0100000000000000
101 101 1.0400000000000000
102 101 -0.0100000000000000
131 101 -0.0100000000000000
72 102 -0.0100000000000000
101 102 -0.0100000000000000
102 102 1.0400000000000000
103 102 -0.0100000000000000
132 102 -0.0100000000000000
73 103 -0.0100000000000000
102 103 -0.0100000000000000
103 103 1.0400000000000000
104 103 -0.0100000000000000
133 103 -0.0100000000000000
74 104 -0.0100000000000000
103 104 -0.0100000000000000
104 104 1.0400000000000000
105 104 -0.0100000000000000
134 104 -0.0100000000000000
75 105 -0.0100000000000000
104 105 -0.0100000000000000
105 105 1.0400000000000000
106 105 -0.0100000000000000
135 105 -0.0100000000000000
76 106 -0.0100000000000000
105 106 -0.0100000000000000
106 106 1.0400000000000000
107 106 -0.0100000000000000
136 106 -0.0100000000000000
77 107 -0.0100000000000000
106 107 -0.0100000000000000
107 107 1.0400000000000000
108 107 -0.0100000000000000
137 107 -0.0100000000000000
78 108 -0.0100000000000000
107 108 -0.0100000000000000
108 108 1.0400000000000000
109 108 -0.0100000000000000
138 108 -0.0100000000000000
79 109 -0.0100000000000000
108 109 -0.0100000000000000
109 109 1.0400000000000000
110 109 -0.0100000000000000
139 109 -0.0100000000000000
80 110 -0.0100000000000000
109 110 -0.0100000000000000
110 110 1.0400000000000000
111 110 -0.0100000000000000
140 110 -0.0100000000000000
81 111 -0.0100000000000000
110 111 -0.0100000000000000
111 111 1.0400000000000000
112 111 -0.0100000000000000
141 111 -0.0100000000000000
82 112 -0.0100000000000000
111 112 -0.0100000000000000
112 112 1.0400000000000000
113 112 -0.0100000000000000
142 112 -0.0100000000000000
83 113 -0.0100000000000000
112 113 -0.0100000000000000
113 113 1.0400000000000000
114 113 -0.0100000000000000
143 113 -0.0100000000000000
84 114 -0.0100000000000000
113 114 -0.0100000000000000
114 114 1.0400000000000000
115 114 -0.0100000000000000
144 114 -0.0100000000000000
85 115 -0.0100000000000000
114 115 -0.0100000000000000
115 115 1.0400000000000000
116 115 -0.0100000000000000
145 115 -0.0100000000000000
86 116 -0.0100000000000000
115 116 -0.0100000000000000
116 116 1.0301000000000000
117 116 -0.0001000000000000
146 116 -0.0100000000000000
87 117 -0.0001000000000000
116 117 -0.0001000000000000
117 117 1.0004000000000000
118 117 -0.0001000000000000
147 117 -0.0001000000000000
88 118 -0.0001000000000000
117 118 -0.0001000000000000
118 118 1.0004000000000000
119 118 -0.0001000000000000
148 118 -0.0001000000000000
89 119 -0.0001000000000000
118 119 -0.0001000000000000
119 119 1.0004000000000000
120 119 -0.0001000000000000
149 119 -0.0001000000000000
90 120 -0.0001000000000000
119 120 -0.0001000000000000
120 120 1.0004000000000000
150 120 -0.0001000000000000
91 121 -0.0001000000000000
121 121 1.0004000000000000
122 121 -0.0001000000000000
151 121 -0.0001000000000000
92 122 -0.0001000000000000
121 122 -0.0001000000000000
122 122 1.0103000000000000
123 122 -0.0100000000000000
152 122 -0.0001000000000000
93 123 -0.0100000000000000
122 123 -0.0100000000000000
123 123 1.0400000000000000
124 123 -0.0100000000000000
153 123 -0.0100000000000000
94 124 -0.0100000000000000
123 124 -0.0100000000000000
124 124 1.0400000000000000
125 124 -0.0100000000000000
154 124 -0.0100000000000000
95 125 -0.0100000000000000
124 125 -0.0100000000000000
125 125 1.0400000000000000
126 125 -0.0100000000000000
155 125 -0.0100000000000000
96 126 -0.0100000000000000
125 126 -0.0100000000000000
126 126 1.0400000000000000
127 126 -0.0100000000000000
156 126 -0.0100000000000000
97 127 -0.0100000000000000
126 127 -0.0100000000000000
127 127 1.0400000000000000
128 127 -0.0100000000000000
157 127 -0.0100000000000000
98 128 -0.0100000000000000
127 128 -0.0100000000000000
128 128 1.0400000000000000
129 128 -0.0100000000000000
158 128 -0.0100000000000000
99 129 -0.0100000000000000
128 129 -0.0100000000000000
129 129 1.0400000000000000
130 129 -0.0100000000000000
159 129 -0.0100000000000000
100 130 -0.0100000000000000
129 130 -0.0100000000000000
130 130 1.0400000000000000
131 130 -0.0100000000000000
160 130 -0.0100000000000000
101 131 -0.0100000000000000
130 131 -0.0100000000000000
131 131 1.0400000000000000
132 131 -0.0100000000000000
161 131 -0.0100000000000000
102 132 -0.0100000000000000
131 132 -0.0100000000000000
132 132 1.0400000000000000
133 132 -0.0100000000000000
162 132 -0.0100000000000000
103 133 -0.0100000000000000
132 133 -0.0100000000000000
133 133 1.0400000000000000
134 133 -0.0100000000000000
163 133 -0.0100000000000000
104 134 -0.0100000000000000
133 134 -0.0100000000000000
134 134 1.0400000000000000
135 134 -0.0100000000000000
164 134 -0.0100000000000000
105 135 -0.0100000000000000
134 135 -0.0100000000000000
135 135 1.0400000000000000
136 135 -0.0100000000000000
165 135 -0.0100000000000000
106 136 -0.0100000000000000
135 136 -0.0100000000000000
136 136 1.0400000000000000
137 136 -0.0100000000000000
166 136 -0.0100000000000000
107 137 -0.0100000000000000
136 137 -0.0100000000000000
137 137 1.0400000000000000
138 137 -0.0100000000000000
167 137 -0.0100000000000000
108 138 -0.0100000000000000
137 138 -0.0100000000000000
138 138 1.0400000000000000
139 138 -0.0100000000000000
168 138 -0.0100000000000000
109 139 -0.0100000000000000
138 139 -0.0100000000000000
139 139 1.0400000000000000
140 139 -0.0100000000000000
169 139 -0.0100000000000000
110 140 -0.0100000000000000
139 140 -0.0100000000000000
140 140 1.0400000000000000
141 140 -0.0100000000000000
170 140 -0.0100000000000000
111 141 -0.0100000000000000
140 141 -0.0100000000000000
141 141 1.0400000000000000
142 141 -0.0100000000000000
171 141 -0.0100000000000000
112 142 -0.0100000000000000
141 142 -0.0100000000000000
142 142 1.0400000000000000
143 142 -0.0100000000000000
172 142 -0.0100000000000000
113 143 -0.0100000000000000
142 143 -0.0100000000000000
143 143 1.0400000000000000
144 143 -0.0100000000000000
173 143 -0.0100000000000000
114 144 -0.0100000000000000
143 144 -0.0100000000000000
144 144 1.0400000000000000
145 144 -0.0100000000000000
174 144 -0.0100000000000000
115 145 -0.0100000000000000
144 145 -0.0100000000000000
145 145 1.0400000000000000
146 145 -0.0100000000000000
175 145 -0.0100000000000000
116 146 -0.0100000000000000
145 146 -0.0100000000000000
146 146 1.0301000000000000
147 146 -0.0001000000000000
176 146 -0.0100000000000000
117 147 -0.0001000000000000
146 147 -0.0001000000000000
147 147 1.0004000000000000
148 147 -0.0001000000000000
177 147 -0.0001000000000000
118 148 -0.0001000000000000
147 148 -0.0001000000000000
148 148 1.0004000000000000
149 148 -0.0001000000000000
178 148 -0.0001000000000000
119 149 -0.0001000000000000
148 149 -0.0001000000000000
149 149 1.0004000000000000
150 149 -0.0001000000000000
179 149 -0.0001000000000000
120 150 -0.0001000000000000
149 150 -0.0001000000000000
150 150 1.0004000000000000
180 150 -0.0001000000000000
121 151 -0.0001000000000000
151 151 1.0004000000000000
152 151 -0.0001000000000000
181 151 -0.0001000000000000
122 152 -0.0001000000000000
151 152 -0.0001000000000000
152 152 1.0103000000000000
153 152 -0.0100000000000000
182 152 -0.0001000000000000
123 153 -0.0100000000000000
152 153 -0.0100000000000000
153 153 1.0400000000000000
154 153 -0.0100000000000000
183 153 -0.0100000000000000
124 154 -0.0100000000000000
153 154 -0.0100000000000000
154 154 1.0400000000000000
155 154 -0.0100000000000000
184 154 -0.0100000000000000
125 155 -0.0100000000000000
154 155 -0.0100000000000000
155 155 1.0400000000000000
156 155 -0.0100000000000000
185 155 -0.0100000000000000
126 156 -0.0100000000000000
155 156 -0.0100000000000000
156 156 1.0400000000000000
157 156 -0.0100000000000000
186 156 -0.0100000000000000
127 157 -0.0100000000000000
156 157 -0.0100000000000000
157 157 1.0400000000000000
158 157 -0.0100000000000000
187 157 -0.0100000000000000
128 158 -0.0100000000000000
157 158 -0.0100000000000000
158 158 1.0400000000000000
159 158 -0.0100000000000000
188 158 -0.0100000000000000
129 159 -0.0100000000000000
158 159 -0.0100000000000000
159 159 1.0400000000000000
160 159 -0.0100000000000000
189 159 -0.0100000000000000
130 160 -0.0100000000000000
159 160 -0.0100000000000000
160 160 1.0400000000000000
161 160 -0.0100000000000000
190 160 -0.0100000000000000
131 161 -0.0100000000000000
160 161 -0.0100000000000000
161 161 1.0400000000000000
162 161 -0.0100000000000000
191 161 -0.0100000000000000
132 162 -0.0100000000000000
161 162 -0.0100000000000000
162 162 1.0400000000000000
163 162 -0.0100000000000000
192 162 -0.0100000000000000
133 163 -0.0100000000000000
162 163 -0.0100000000000000
163 163 11.0299999999999994
164 163 -0.0100000000000000
193 163 -10.0000000000000000
134 164 -0.0100000000000000
163 164 -0.0100000000000000
164 164 11.0299999999999994
165 164 -0.0100000000000000
194 164 -10.0000000000000000
135 165 -0.0100000000000000
164 165 -0.0100000000000000
165 165 11.0299999999999994
166 165 -0.0100000000000000
195 165 -10.0000000000000000
136 166 -0.0100000000000000
165 166 -0.0100000000000000
166 166 11.0299999999999994
167 166 -0.0100000000000000
196 166 -10.0000000000000000
137 167 -0.0100000000000000
166 167 -0.0100000000000000
167 167 11.0299999999999994
168 167 -0.0100000000000000
197 167 -10.0000000000000000
138 168 -0.0100000000000000
167 168 -0.0100000000000000
168 168 11.0299999999999994
169 168 -0.0100000000000000
198 168 -10.0000000000000000
139 169 -0.0100000000000000
168 169 -0.0100000000000000
169 169 11.0299999999999994
170 169 -0.0100000000000000
199 169 -10.0000000000000000
140 170 -0.0100000000000000
169 170 -0.0100000000000000
170 170 11.0299999999999994
171 170 -0.0100000000000000
200 170 -10.0000000000000000
141 171 -0.0100000000000000
170 171 -0.0100000000000000
171 171 11.0299999999999994
172 171 -0.0100000000000000
201 171 -10.0000000000000000
142 172 -0.0100000000000000
171 172 -0.0100000000000000
172 172 11.0299999999999994
173 172 -0.0100000000000000
202 172 -10.0000000000000000
143 173 -0.0100000000000000
172 173 -0.0100000000000000
173 173 11.0299999999999994
174 173 -0.0100000000000000
203 173 -10.0000000000000000
144 174 -0.0100000000000000
173 174 -0.0100000000000000
174 174 11.0299999999999994
175 174 -0.0100000000000000
204 174 -10.0000000000000000
145 175 -0.0100000000000000
174 175 -0.0100000000000000
175 175 11.0299999999999994
176 175 -0.0100000000000000
205 175 -10.0000000000000000
146 176 -0.0100000000000000
175 176 -0.0100000000000000
176 176 1.0301000000000000
177 176 -0.0001000000000000
206 176 -0.0100000000000000
147 177 -0.0001000000000000
176 177 -0.0001000000000000
177 177 1.0004000000000000
178 177 -0.0001000000000000
207 177 -0.0001000000000000
148 178 -0.0001000000000000
177 178 -0.0001000000000000
178 178 1.0004000000000000
179 178 -0.0001000000000000
208 178 -0.0001000000000000
149 179 -0.0001000000000000
178 179 -0.0001000000000000
179 179 1.0004000000000000
180 179 -0.0001000000000000
209 179 -0.0001000000000000
150 180 -0.0001000000000000
179 180 -0.0001000000000000
180 180 1.0004000000000000
210 180 -0.0001000000000000
151 181 -0.0001000000000000
181 181 1.0004000000000000
182 181 -0.0001000000000000
211 181 -0.0001000000000000
152 182 -0.0001000000000000
181 182 -0.0001000000000000
182 182 1.0103000000000000
183 182 -0.0100000000000000
212 182 -0.0001000000000000
153 183 -0.0100000000000000
182 183 -0.0100000000000000
183 183 1.0400000000000000
184 183 -0.0100000000000000
213 183 -0.0100000000000000
154 184 -0.0100000000000000
183 184 -0.0100000000000000
184 184 1.0400000000000000
185 184 -0.0100000000000000
214 184 -0.0100000000000000
155 185 -0.0100000000000000
184 185 -0.0100000000000000
185 185 1.0400000000000000
186 185 -0.0100000000000000
215 185 -0.0100000000000000
156 186 -0.0100000000000000
185 186 -0.0100000000000000
186 186 1.0400000000000000
187 186 -0.0100000000000000
216 186 -0.0100000000000000
157 187 -0.0100000000000000
186 187 -0.0100000000000000
187 187 1.0400000000000000
188 187 -0.0100000000000000
217 187 -0.0100000000000000
158 188 -0.0100000000000000
187 188 -0.0100000000000000
188 188 1.0400000000000000
189 188 -0.0100000000000000
218 188 -0.0100000000000000
159 189 -0.0100000000000000
188 189 -0.0100000000000000
189 189 1.0400000000000000
190 189 -0.0100000000000000
219 189 -0.0100000000000000
160 190 -0.0100000000000000
189 190 -0.0100000000000000
190 190 1.0400000000000000
191 190 -0.0100000000000000
220 190 -0.0100000000000000
161 191 -0.0100000000000000
190 191 -0.0100000000000000
191 191 1.0400000000000000
192 191 -0.0100000000000000
221 191 -0.0100000000000000
162 192 -0.0100000000000000
191 192 -0.0100000000000000
192 192 11.0299999999999994
193 192 -10.0000000000000000
222 192 -0.0100000000000000
163 193 -10.0000000000000000
192 193 -10.0000000000000000
193 193 41.0000000000000000
194 193 -10.0000000000000000
223 193 -10.0000000000000000
164 194 -10.0000000000000000
193 194 -10.0000000000000000
194 194 41.0000000000000000
195 194 -10.0000000000000000
224 194 -10.0000000000000000
165 195 -10.0000000000000000
194 195 -10.0000000000000000
195 195 41.0000000000000000
196 195 -10.0000000000000000
225 195 -10.0000000000000000
166 196 -10.0000000000000000
195 196 -10.0000000000000000
196 196 41.0000000000000000
197 196 -10.0000000000000000
226 196 -10.0000000000000000
167 197 -10.0000000000000000
196 197 -10.0000000000000000
197 197 41.0000000000000000
198 197 -10.0000000000000000
227 197 -10.0000000000000000
168 198 -10.0000000000000000
197 198 -10.0000000000000000
198 198 41.0000000000000000
199 198 -10.0000000000000000
228 198 -10.0000000000000000
169 199 -10.0000000000000000
198 199 -10.0000000000000000
199 199 41.0000000000000000
200 199 -10.0000000000000000
229 199 -10.0000000000000000
170 200 -10.0000000000000000
199 200 -10.0000000000000000
200 200 41.0000000000000000
201 200 -10.0000000000000000
230 200 -10.0000000000000000
171 201 -10.0000000000000000
200 201 -10.0000000000000000
201 201 41.0000000000000000
202 201 -10.0000000000000000
231 201 -10.0000000000000000
172 202 -10.0000000000000000
201 202 -10.0000000000000000
202 202 41.0000000000000000
203 202 -10.0000000000000000
232 202 -10.0000000000000000
173 203 -10.0000000000000000
202 203 -10.0000000000000000
203 203 41.0000000000000000
204 203 -10.0000000000000000
233 203 -10.0000000000000000
174 204 -10.0000000000000000
203 204 -10.0000000000000000
204 204 41.0000000000000000
205 204 -10.0000000000000000
234 204 -10.0000000000000000
175 205 -10.0000000000000000
204 205 -10.0000000000000000
205 205 31.0100000000000016
206 205 -0.0100000000000000
235 205 -10.0000000000000000
176 206 -0.0100000000000000
205 206 -0.0100000000000000
206 206 1.0301000000000000
207 206 -0.0001000000000000
236 206 -0.0100000000000000
177 207 -0.0001000000000000
206 207 -0.0001000000000000
207 207 1.0004000000000000
208 207 -0.0001000000000000
237 207 -0.0001000000000000
178 208 -0.0001000000000000
207 208 -0.0001000000000000
208 208 1.0004000000000000
209 208 -0.0001000000000000
238 208 -0.0001000000000000
179 209 -0.0001000000000000
208 209 -0.0001000000000000
209 209 1.0004000000000000
210 209 -0.0001000000000000
239 209 -0.0001000000000000
180 210 -0.0001000000000000
209 210 -0.0001000000000000
210 210 1.0004000000000000
240 210 -0.0001000000000000
181 211 -0.0001000000000000
211 211 1.0004000000000000
212 211 -0.0001000000000000
241 211 -0.0001000000000000
182 212 -0.0001000000000000
211 212 -0.0001000000000000
212 212 1.0103000000000000
213 212 -0.0100000000000000
242 212 -0.0001000000000000
183 213 -0.0100000000000000
212 213 -0.0100000000000000
213 213 1.0400000000000000
214 213 -0.0100000000000000
243 213 -0.0100000000000000
184 214 -0.0100000000000000
213 214 -0.0100000000000000
214 214 1.0400000000000000
215 214 -0.0100000000000000
244 214 -0.0100000000000000
185 215 -0.0100000000000000
214 215 -0.0100000000000000
215 215 1.0400000000000000
216 215 -0.0100000000000000
245 215 -0.0100000000000000
186 216 -0.0100000000000000
215 216 -0.0100000000000000
216 216 1.0400000000000000
217 216 -0.0100000000000000
246 216 -0.0100000000000000
187 217 -0.0100000000000000
216 217 -0.0100000000000000
217 217 1.0400000000000000
218 217 -0.0100000000000000
247 217 -0.0100000000000000
188 218 -0.0100000000000000
217 218 -0.0100000000000000
218 218 1.0400000000000000
219 218 -0.0100000000000000
248 218 -0.0100000000000000
189 219 -0.0100000000000000
218 219 -0.0100000000000000
219 219 1.0400000000000000
220 219 -0.0100000000000000
249 219 -0.0100000000000000
190 220 -0.0100000000000000
219 220 -0.0100000000000000
220 220 1.0400000000000000
221 220 -0.0100000000000000
250 220 -0.0100000000000000
191 221 -0.0100000000000000
220 221 -0.0100000000000000
221 221 1.0400000000000000
222 221 -0.0100000000000000
251 221 -0.0100000000000000
192 222 -0.0100000000000000
221 222 -0.0100000000000000
222 222 11.0299999999999994
223 222 -10.0000000000000000
252 222 -0.0100000000000000
193 223 -10.0000000000000000
222 223 -10.0000000000000000
223 223 41.0000000000000000
224 223 -10.0000000000000000
253 223 -10.0000000000000000
194 224 -10.0000000000000000
223 224 -10.0000000000000000
224 224 41.0000000000000000
225 224 -10.0000000000000000
254 224 -10.0000000000000000
195 225 -10.0000000000000000
224 225 -10.0000000000000000
225 225 1000031.0000000000000000
226 225 -10.0000000000000000
255 225 -1000000.0000000000000000
196 226 -10.0000000000000000
225 226 -10.0000000000000000
226 226 1000031.0000000000000000
227 226 -10.0000000000000000
256 226 -1000000.0000000000000000
197 227 -10.0000000000000000
226 227 -10.0000000000000000
227 227 1000031.0000000000000000
228 227 -10.0000000000000000
257 227 -1000000.0000000000000000
198 228 -10.0000000000000000
227 228 -10.0000000000000000
228 228 1000031.0000000000000000
229 228 -10.0000000000000000
258 228 -1000000.0000000000000000
199 229 -10.0000000000000000
228 229 -10.0000000000000000
229 229 1000031.0000000000000000
230 229 -10.0000000000000000
259 229 -1000000.0000000000000000
200 230 -10.0000000000000000
229 230 -10.0000000000000000
230 230 1000031.0000000000000000
231 230 -10.0000000000000000
260 230 -1000000.0000000000000000
201 231 -10.0000000000000000
230 231 -10.0000000000000000
231 231 1000031.0000000000000000
232 231 -10.0000000000000000
261 231 -1000000.0000000000000000
202 232 -10.0000000000000000
231 232 -10.0000000000000000
232 232 1000031.0000000000000000
233 232 -10.0000000000000000
262 232 -1000000.0000000000000000
203 233 -10.0000000000000000
232 233 -10.0000000000000000
233 233 1000031.0000000000000000
234 233 -10.0000000000000000
263 233 -1000000.0000000000000000
204 234 -10.0000000000000000
233 234 -10.0000000000000000
234 234 41.0000000000000000
235 234 -10.0000000000000000
264 234 -10.0000000000000000
205 235 -10.0000000000000000
234 235 -10.0000000000000000
235 235 31.0100000000000016
236 235 -0.0100000000000000
265 235 -10.0000000000000000
206 236 -0.0100000000000000
235 236 -0.0100000000000000
236 236 1.0301000000000000
237 236 -0.0001000000000000
266 236 -0.0100000000000000
207 237 -0.0001000000000000
236 237 -0.0001000000000000
237 237 1.0004000000000000
238 237 -0.0001000000000000
267 237 -0.0001000000000000
208 238 -0.0001000000000000
237 238 -0.0001000000000000
238 238 1.0004000000000000
239 238 -0.0001000000000000
268 238 -0.0001000000000000
209 239 -0.0001000000000000
238 239 -0.0001000000000000
239 239 1.0004000000000000
240 239 -0.0001000000000000
269 239 -0.0001000000000000
210 240 -0.0001000000000000
239 240 -0.0001000000000000
240 240 1.0004000000000000
270 240 -0.0001000000000000
211 241 -0.0001000000000000
241 241 1.0004000000000000
242 241 -0.0001000000000000
271 241 -0.0001000000000000
212 242 -0.0001000000000000
241 242 -0.0001000000000000
242 242 1.0103000000000000
243 242 -0.0100000000000000
272 242 -0.0001000000000000
213 243 -0.0100000000000000
242 243 -0.0100000000000000
243 243 1.0400000000000000
244 243 -0.0100000000000000
273 243 -0.0100000000000000
214 244 -0.0100000000000000
243 244 -0.0100000000000000
244 244 1.0400000000000000
245 244 -0.0100000000000000
274 244 -0.0100000000000000
215 245 -0.0100000000000000
244 245 -0.0100000000000000
245 245 1.0400000000000000
246 245 -0.0100000000000000
275 245 -0.0100000000000000
216 246 -0.0100000000000000
245 246 -0.0100000000000000
246 246 1.0400000000000000
247 246 -0.0100000000000000
276 246 -0.0100000000000000
217 247 -0.0100000000000000
246 247 -0.0100000000000000
247 247 1.0400000000000000
248 247 -0.0100000000000000
277 247 -0.0100000000000000
218 248 -0.0100000000000000
247 248 -0.0100000000000000
248 248 1.0400000000000000
249 248 -0.0100000000000000
278 248 -0.0100000000000000
219 249 -0.0100000000000000
248 249 -0.0100000000000000
249 249 1.0400000000000000
250 249 -0.0100000000000000
279 249 -0.0100000000000000
220 250 -0.0100000000000000
249 250 -0.0100000000000000
250 250 1.0400000000000000
251 250 -0.0100000000000000
280 250 -0.0100000000000000
221 251 -0.0100000000000000
250 251 -0.0100000000000000
251 251 1.0400000000000000
252 251 -0.0100000000000000
281 251 -0.0100000000000000
222 252 -0.0100000000000000
251 252 -0.0100000000000000
252 252 11.0299999999999994
253 252 -10.0000000000000000
282 252 -0.0100000000000000
223 253 -10.0000000000000000
252 253 -10.0000000000000000
253 253 41.0000000000000000
254 253 -10.0000000000000000
283 253 -10.0000000000000000
224 254 -10.0000000000000000
253 254 -10.0000000000000000
254 254 1000031.0000000000000000
255 254 -1000000.0000000000000000
284 254 -10.0000000000000000
225 255 -1000000.0000000000000000
254 255 -1000000.0000000000000000
255 255 4000001.0000000000000000
256 255 -1000000.0000000000000000
285 255 -1000000.0000000000000000
226 256 -1000000.0000000000000000
255 256 -1000000.0000000000000000
256 256 4000001.0000000000000000
257 256 -1000000.0000000000000000
286 256 -1000000.0000000000000000
227 257 -1000000.0000000000000000
256 257 -1000000.0000000000000000
257 257 4000001.0000000000000000
258 257 -1000000.0000000000000000
287 257 -1000000.0000000000000000
228 258 -1000000.0000000000000000
257 258 -1000000.0000000000000000
258 258 4000001.0000000000000000
259 258 -1000000.0000000000000000
288 258 -1000000.0000000000000000
229 259 -1000000.0000000000000000
258 259 -1000000.0000000000000000
259 259 4000001.0000000000000000
260 259 -1000000.0000000000000000
289 259 -1000000.0000000000000000
230 260 -1000000.0000000000000000
259 260 -1000000.0000000000000000
260 260 4000001.0000000000000000
261 260 -1000000.0000000000000000
290 260 -1000000.0000000000000000
231 261 -1000000.0000000000000000
260 261 -1000000.0000000000000000
261 261 4000001.0000000000000000
262 261 -1000000.0000000000000000
291 261 -1000000.0000000000000000
232 262 -1000000.0000000000000000
261 262 -1000000.0000000000000000
262 262 4000001.0000000000000000
263 262 -1000000.0000000000000000
292 262 -1000000.0000000000000000
233 263 -1000000.0000000000000000
262 263 -1000000.0000000000000000
263 263 3000011.0000000000000000
264 263 -10.0000000000000000
293 263 -1000000.0000000000000000
234 264 -10.0000000000000000
263 264 -10.0000000000000000
264 264 41.0000000000000000
265 264 -10.0000000000000000
294 264 -10.0000000000000000
235 265 -10.0000000000000000
264 265 -10.0000000000000000
265 265 31.0100000000000016
266 265 -0.0100000000000000
295 265 -10.0000000000000000
236 266 -0.0100000000000000
265 266 -0.0100000000000000
266 266 1.0301000000000000
267 266 -0.0001000000000000
296 266 -0.0100000000000000
237 267 -0.0001000000000000
266 267 -0.0001000000000000
267 267 1.0004000000000000
268 267 -0.0001000000000000
297 267 -0.0001000000000000
238 268 -0.0001000000000000
267 268 -0.0001000000000000
268 268 1.0004000000000000
269 268 -0.0001000000000000
298 268 -0.0001000000000000
239 269 -0.0001000000000000
268 269 -0.0001000000000000
269 269 1.0004000000000000
270 269 -0.0001000000000000
299 269 -0.0001000000000000
240 270 -0.0001000000000000
269 270 -0.0001000000000000
270 270 1.0004000000000000
300 270 -0.0001000000000000
241 271 -0.0001000000000000
271 271 1.0004000000000000
272 271 -0.0001000000000000
301 271 -0.0001000000000000
242 272 -0.0001000000000000
271 272 -0.0001000000000000
272 272 1.0103000000000000
273 272 -0.0100000000000000
302 272 -0.0001000000000000
243 273 -0.0100000000000000
272 273 -0.0100000000000000
273 273 1.0400000000000000
274 273 -0.0100000000000000
303 273 -0.0100000000000000
244 274 -0.0100000000000000
273 274 -0.0100000000000000
274 274 11.0299999999999994
275 274 -0.0100000000000000
304 274 -10.0000000000000000
245 275 -0.0100000000000000
274 275 -0.0100000000000000
275 275 11.0299999999999994
276 275 -0.0100000000000000
305 275 -10.0000000000000000
246 276 -0.0100000000000000
275 276 -0.0100000000000000
276 276 1000001.0000000000000000
277 276 -0.0100000000000000
306 276 -1000000.0000000000000000
247 277 -0.0100000000000000
276 277 -0.0100000000000000
277 277 1000001.0000000000000000
278 277 -0.0100000000000000
307 277 -1000000.0000000000000000
248 278 -0.0100000000000000
277 278 -0.0100000000000000
278 278 1000001.0000000000000000
279 278 -0.0100000000000000
308 278 -1000000.0000000000000000
249 279 -0.0100000000000000
278 279 -0.0100000000000000
279 279 1000001.0000000000000000
280 279 -0.0100000000000000
309 279 -1000000.0000000000000000
250 280 -0.0100000000000000
279 280 -0.0100000000000000
280 280 1000001.0000000000000000
281 280 -0.0100000000000000
310 280 -1000000.0000000000000000
251 281 -0.0100000000000000
280 281 -0.0100000000000000
281 281 1000001.0000000000000000
282 281 -0.0100000000000000
311 281 -1000000.0000000000000000
252 282 -0.0100000000000000
281 282 -0.0100000000000000
282 282 1000011.0000000000000000
283 282 -10.0000000000000000
312 282 -1000000.0000000000000000
253 283 -10.0000000000000000
282 283 -10.0000000000000000
283 283 1000031.0000000000000000
284 283 -10.0000000000000000
313 283 -1000000.0000000000000000
254 284 -10.0000000000000000
283 284 -10.0000000000000000
284 284 2000021.0000000000000000
285 284 -1000000.0000000000000000
314 284 -1000000.0000000000000000
255 285 -1000000.0000000000000000
284 285 -1000000.0000000000000000
285 285 4000001.0000000000000000
286 285 -1000000.0000000000000000
315 285 -1000000.0000000000000000
256 286 -1000000.0000000000000000
285 286 -1000000.0000000000000000
286 286 4000001.0000000000000000
287 286 -1000000.0000000000000000
316 286 -1000000.0000000000000000
257 287 -1000000.0000000000000000
286 287 -1000000.0000000000000000
287 287 4000001.0000000000000000
288 287 -1000000.0000000000000000
317 287 -1000000.0000000000000000
258 288 -1000000.0000000000000000
287 288 -1000000.0000000000000000
288 288 4000001.0000000000000000
289 288 -1000000.0000000000000000
318 288 -1000000.0000000000000000
259 289 -1000000.0000000000000000
288 289 -1000000.0000000000000000
289 289 4000001.0000000000000000
290 289 -1000000.0000000000000000
319 289 -1000000.0000000000000000
260 290 -1000000.0000000000000000
289 290 -1000000.0000000000000000
290 290 4000001.0000000000000000
291 290 -1000000.0000000000000000
320 290 -1000000.0000000000000000
261 291 -1000000.0000000000000000
290 291 -1000000.0000000000000000
291 291 4000001.0000000000000000
292 291 -1000000.0000000000000000
321 291 -1000000.0000000000000000
262 292 -1000000.0000000000000000
291 292 -1000000.0000000000000000
292 292 4000001.0000000000000000
293 292 -1000000.0000000000000000
322 292 -1000000.0000000000000000
263 293 -1000000.0000000000000000
292 293 -1000000.0000000000000000
293 293 3000011.0000000000000000
294 293 -10.0000000000000000
323 293 -1000000.0000000000000000
264 294 -10.0000000000000000
293 294 -10.0000000000000000
294 294 41.0000000000000000
295 294 -10.0000000000000000
324 294 -10.0000000000000000
265 295 -10.0000000000000000
294 295 -10.0000000000000000
295 295 31.0100000000000016
296 295 -0.0100000000000000
325 295 -10.0000000000000000
266 296 -0.0100000000000000
295 296 -0.0100000000000000
296 296 1.0301000000000000
297 296 -0.0001000000000000
326 296 -0.0100000000000000
267 297 -0.0001000000000000
296 297 -0.0001000000000000
297 297 1.0004000000000000
298 297 -0.0001000000000000
327 297 -0.0001000000000000
268 298 -0.0001000000000000
297 298 -0.0001000000000000
298 298 1.0004000000000000
299 298 -0.0001000000000000
328 298 -0.0001000000000000
269 299 -0.0001000000000000
298 299 -0.0001000000000000
299 299 1.0004000000000000
300 299 -0.0001000000000000
329 299 -0.0001000000000000
270 300 -0.0001000000000000
299 300 -0.0001000000000000
300 300 1.0004000000000000
330 300 -0.0001000000000000
271 301 -0.0001000000000000
301 301 1.0004000000000000
302 301 -0.0001000000000000
331 301 -0.0001000000000000
272 302 -0.0001000000000000
301 302 -0.0001000000000000
302 302 1.0103000000000000
303 302 -0.0100000000000000
332 302 -0.0001000000000000
273 303 -0.0100000000000000
302 303 -0.0100000000000000
303 303 11.0299999999999994
304 303 -10.0000000000000000
333 303 -0.0100000000000000
274 304 -10.0000000000000000
303 304 -10.0000000000000000
304 304 41.0000000000000000
305 304 -10.0000000000000000
334 304 -10.0000000000000000
275 305 -10.0000000000000000
304 305 -10.0000000000000000
305 305 1000031.0000000000000000
306 305 -1000000.0000000000000000
335 305 -10.0000000000000000
276 306 -1000000.0000000000000000
305 306 -1000000.0000000000000000
306 306 4000001.0000000000000000
307 306 -1000000.0000000000000000
336 306 -1000000.0000000000000000
277 307 -1000000.0000000000000000
306 307 -1000000.0000000000000000
307 307 4000001.0000000000000000
308 307 -1000000.0000000000000000
337 307 -1000000.0000000000000000
278 308 -1000000.0000000000000000
307 308 -1000000.0000000000000000
308 308 4000001.0000000000000000
309 308 -1000000.0000000000000000
338 308 -1000000.0000000000000000
279 309 -1000000.0000000000000000
308 309 -1000000.0000000000000000
309 309 4000001.0000000000000000
310 309 -1000000.0000000000000000
339 309 -1000000.0000000000000000
280 310 -1000000.0000000000000000
309 310 -1000000.0000000000000000
310 310 4000001.0000000000000000
311 310 -1000000.0000000000000000
340 310 -1000000.0000000000000000
281 311 -1000000.0000000000000000
310 311 -1000000.0000000000000000
311 311 4000001.0000000000000000
312 311 -1000000.0000000000000000
341 311 -1000000.0000000000000000
282 312 -1000000.0000000000000000
311 312 -1000000.0000000000000000
312 312 4000001.0000000000000000
313 312 -1000000.0000000000000000
342 312 -1000000.0000000000000000
283 313 -1000000.0000000000000000
312 313 -1000000.0000000000000000
313 313 4000001.0000000000000000
314 313 -1000000.0000000000000000
343 313 -1000000.0000000000000000
284 314 -1000000.0000000000000000
313 314 -1000000.0000000000000000
314 314 4000001.0000000000000000
315 314 -1000000.0000000000000000
344 314 -1000000.0000000000000000
285 315 -1000000.0000000000000000
314 315 -1000000.0000000000000000
315 315 4000001.0000000000000000
316 315 -1000000.0000000000000000
345 315 -1000000.0000000000000000
286 316 -1000000.0000000000000000
315 316 -1000000.0000000000000000
316 316 4000001.0000000000000000
317 316 -1000000.0000000000000000
346 316 -1000000.0000000000000000
287 317 -1000000.0000000000000000
316 317 -1000000.0000000000000000
317 317 4000001.0000000000000000
318 317 -1000000.0000000000000000
347 317 -1000000.0000000000000000
288 318 -1000000.0000000000000000
317 318 -1000000.0000000000000000
318 318 4000001.0000000000000000
319 318 -1000000.0000000000000000
348 318 -1000000.0000000000000000
289 319 -1000000.0000000000000000
318 319 -1000000.0000000000000000
319 319 4000001.0000000000000000
320 319 -1000000.0000000000000000
349 319 -1000000.0000000000000000
290 320 -1000000.0000000000000000
319 320 -1000000.0000000000000000
320 320 4000001.0000000000000000
321 320 -1000000.0000000000000000
350 320 -1000000.0000000000000000
291 321 -1000000.0000000000000000
320 321 -1000000.0000000000000000
321 321 4000001.0000000000000000
322 321 -1000000.0000000000000000
351 321 -1000000.0000000000000000
292 322 -1000000.0000000000000000
321 322 -1000000.0000000000000000
322 322 4000001.0000000000000000
323 322 -1000000.0000000000000000
352 322 -1000000.0000000000000000
293 323 -1000000.0000000000000000
322 323 -1000000.0000000000000000
323 323 3000011.0000000000000000
324 323 -10.0000000000000000
353 323 -1000000.0000000000000000
294 324 -10.0000000000000000
323 324 -10.0000000000000000
324 324 41.0000000000000000
325 324 -10.0000000000000000
354 324 -10.0000000000000000
295 325 -10.0000000000000000
324 325 -10.0000000000000000
325 325 31.0100000000000016
326 325 -0.0100000000000000
355 325 -10.0000000000000000
296 326 -0.0100000000000000
325 326 -0.0100000000000000
326 326 1.0301000000000000
327 326 -0.0001000000000000
356 326 -0.0100000000000000
297 327 -0.0001000000000000
326 327 -0.0001000000000000
327 327 1.0004000000000000
328 327 -0.0001000000000000
357 327 -0.0001000000000000
298 328 -0.0001000000000000
327 328 -0.0001000000000000
328 328 1.0004000000000000
329 328 -0.0001000000000000
358 328 -0.0001000000000000
299 329 -0.0001000000000000
328 329 -0.0001000000000000
329 329 1.0004000000000000
330 329 -0.0001000000000000
359 329 -0.0001000000000000
300 330 -0.0001000000000000
329 330 -0.0001000000000000
330 330 1.0004000000000000
360 330 -0.0001000000000000
301 331 -0.0001000000000000
331 331 1.0004000000000000
332 331 -0.0001000000000000
361 331 -0.0001000000000000
302 332 -0.0001000000000000
331 332 -0.0001000000000000
332 332 1.0103000000000000
333 332 -0.0100000000000000
362 332 -0.0001000000000000
303 333 -0.0100000000000000
332 333 -0.0100000000000000
333 333 11.0299999999999994
334 333 -10.0000000000000000
363 333 -0.0100000000000000
304 334 -10.0000000000000000
333 334 -10.0000000000000000
334 334 41.0000000000000000
335 334 -10.0000000000000000
364 334 -10.0000000000000000
305 335 -10.0000000000000000
334 335 -10.0000000000000000
335 335 1000031.0000000000000000
336 335 -1000000.0000000000000000
365 335 -10.0000000000000000
306 336 -1000000.0000000000000000
335 336 -1000000.0000000000000000
336 336 4000001.0000000000000000
337 336 -1000000.0000000000000000
366 336 -1000000.0000000000000000
307 337 -1000000.0000000000000000
336 337 -1000000.0000000000000000
337 337 4000001.0000000000000000
338 337 -1000000.0000000000000000
367 337 -1000000.0000000000000000
308 338 -1000000.0000000000000000
337 338 -1000000.0000000000000000
338 338 4000001.0000000000000000
339 338 -1000000.0000000000000000
368 338 -1000000.0000000000000000
309 339 -1000000.0000000000000000
338 339 -1000000.0000000000000000
339 339 4000001.0000000000000000
340 339 -1000000.0000000000000000
369 339 -1000000.0000000000000000
310 340 -1000000.0000000000000000
339 340 -1000000.0000000000000000
340 340 4000001.0000000000000000
341 340 -1000000.0000000000000000
370 340 -1000000.0000000000000000
311 341 -1000000.0000000000000000
340 341 -1000000.0000000000000000
341 341 3000011.0000000000000000
342 341 -1000000.0000000000000000
371 341 -10.0000000000000000
312 342 -1000000.0000000000000000
341 342 -1000000.0000000000000000
342 342 3000011.0000000000000000
343 342 -1000000.0000000000000000
372 342 -10.0000000000000000
313 343 -1000000.0000000000000000
342 343 -1000000.0000000000000000
343 343 3000011.0000000000000000
344 343 -1000000.0000000000000000
373 343 -10.0000000000000000
314 344 -1000000.0000000000000000
343 344 -1000000.0000000000000000
344 344 3000011.0000000000000000
345 344 -1000000.0000000000000000
374 344 -10.0000000000000000
315 345 -1000000.0000000000000000
344 345 -1000000.0000000000000000
345 345 3000011.0000000000000000
346 345 -1000000.0000000000000000
375 345 -10.0000000000000000
316 346 -1000000.0000000000000000
345 346 -1000000.0000000000000000
346 346 3000011.0000000000000000
347 346 -1000000.0000000000000000
376 346 -10.0000000000000000
317 347 -1000000.0000000000000000
346 347 -1000000.0000000000000000
347 347 3000011.0000000000000000
348 347 -1000000.0000000000000000
377 347 -10.0000000000000000
318 348 -1000000.0000000000000000
347 348 -1000000.0000000000000000
348 348 3000011.0000000000000000
349 348 -1000000.0000000000000000
378 348 -10.0000000000000000
319 349 -1000000.0000000000000000
348 349 -1000000.0000000000000000
349 349 3000011.0000000000000000
350 349 -1000000.0000000000000000
379 349 -10.0000000000000000
320 350 -1000000.0000000000000000
349 350 -1000000.0000000000000000
350 350 4000001.0000000000000000
351 350 -1000000.0000000000000000
380 350 -1000000.0000000000000000
321 351 -1000000.0000000000000000
350 351 -1000000.0000000000000000
351 351 3000011.0000000000000000
352 351 -1000000.0000000000000000
381 351 -10.0000000000000000
322 352 -1000000.0000000000000000
351 352 -1000000.0000000000000000
352 352 3000011.0000000000000000
353 352 -1000000.0000000000000000
382 352 -10.0000000000000000
323 353 -1000000.0000000000000000
352 353 -1000000.0000000000000000
353 353 2000021.0000000000000000
354 353 -10.0000000000000000
383 353 -10.0000000000000000
324 354 -10.0000000000000000
353 354 -10.0000000000000000
354 354 41.0000000000000000
355 354 -10.0000000000000000
384 354 -10.0000000000000000
325 355 -10.0000000000000000
354 355 -10.0000000000000000
355 355 31.0100000000000016
356 355 -0.0100000000000000
385 355 -10.0000000000000000
326 356 -0.0100000000000000
355 356 -0.0100000000000000
356 356 1.0301000000000000
357 356 -0.0001000000000000
386 356 -0.0100000000000000
327 357 -0.0001000000000000
356 357 -0.0001000000000000
357 357 1.0004000000000000
358 357 -0.0001000000000000
387 357 -0.0001000000000000
328 358 -0.0001000000000000
357 358 -0.0001000000000000
358 358 1.0004000000000000
359 358 -0.0001000000000000
388 358 -0.0001000000000000
329 359 -0.0001000000000000
358 359 -0.0001000000000000
359 359 1.0004000000000000
360 359 -0.0001000000000000
389 359 -0.0001000000000000
330 360 -0.0001000000000000
359 360 -0.0001000000000000
360 360 1.0004000000000000
390 360 -0.0001000000000000
331 361 -0.0001000000000000
361 361 1.0004000000000000
362 361 -0.0001000000000000
391 361 -0.0001000000000000
332 362 -0.0001000000000000
361 362 -0.0001000000000000
362 362 1.0103000000000000
363 362 -0.0100000000000000
392 362 -0.0001000000000000
333 363 -0.0100000000000000
362 363 -0.0100000000000000
363 363 11.0299999999999994
364 363 -10.0000000000000000
393 363 -0.0100000000000000
334 364 -10.0000000000000000
363 364 -10.0000000000000000
364 364 41.0000000000000000
365 364 -10.0000000000000000
394 364 -10.0000000000000000
335 365 -10.0000000000000000
364 365 -10.0000000000000000
365 365 1000031.0000000000000000
366 365 -1000000.0000000000000000
395 365 -10.0000000000000000
336 366 -1000000.0000000000000000
365 366 -1000000.0000000000000000
366 366 4000001.0000000000000000
367 366 -1000000.0000000000000000
396 366 -1000000.0000000000000000
337 367 -1000000.0000000000000000
366 367 -1000000.0000000000000000
367 367 4000001.0000000000000000
368 367 -1000000.0000000000000000
397 367 -1000000.0000000000000000
338 368 -1000000.0000000000000000
367 368 -1000000.0000000000000000
368 368 4000001.0000000000000000
369 368 -1000000.0000000000000000
398 368 -1000000.0000000000000000
339 369 -1000000.0000000000000000
368 369 -1000000.0000000000000000
369 369 4000001.0000000000000000
370 369 -1000000.0000000000000000
399 369 -1000000.0000000000000000
340 370 -1000000.0000000000000000
369 370 -1000000.0000000000000000
370 370 3000011.0000000000000000
371 370 -10.0000000000000000
400 370 -1000000.0000000000000000
341 371 -10.0000000000000000
370 371 -10.0000000000000000
371 371 41.0000000000000000
372 371 -10.0000000000000000
401 371 -10.0000000000000000
342 372 -10.0000000000000000
371 372 -10.0000000000000000
372 372 41.0000000000000000
373 372 -10.0000000000000000
402 372 -10.0000000000000000
343 373 -10.0000000000000000
372 373 -10.0000000000000000
373 373 41.0000000000000000
374 373 -10.0000000000000000
403 373 -10.0000000000000000
344 374 -10.0000000000000000
373 374 -10.0000000000000000
374 374 31.0100000000000016
375 374 -10.0000000000000000
404 374 -0.0100000000000000
345 375 -10.0000000000000000
374 375 -10.0000000000000000
375 375 31.0100000000000016
376 375 -10.0000000000000000
405 375 -0.0100000000000000
346 376 -10.0000000000000000
375 376 -10.0000000000000000
376 376 31.0100000000000016
377 376 -10.0000000000000000
406 376 -0.0100000000000000
347 377 -10.0000000000000000
376 377 -10.0000000000000000
377 377 31.0100000000000016
378 377 -10.0000000000000000
407 377 -0.0100000000000000
348 378 -10.0000000000000000
377 378 -10.0000000000000000
378 378 31.0100000000000016
379 378 -10.0000000000000000
408 378 -0.0100000000000000
349 379 -10.0000000000000000
378 379 -10.0000000000000000
379 379 1000031.0000000000000000
380 379 -1000000.0000000000000000
409 379 -10.0000000000000000
350 380 -1000000.0000000000000000
379 380 -1000000.0000000000000000
380 380 3000011.0000000000000000
381 380 -10.0000000000000000
410 380 -1000000.0000000000000000
351 381 -10.0000000000000000
380 381 -10.0000000000000000
381 381 41.0000000000000000
382 381 -10.0000000000000000
411 381 -10.0000000000000000
352 382 -10.0000000000000000
381 382 -10.0000000000000000
382 382 41.0000000000000000
383 382 -10.0000000000000000
412 382 -10.0000000000000000
353 383 -10.0000000000000000
382 383 -10.0000000000000000
383 383 31.0100000000000016
384 383 -10.0000000000000000
413 383 -0.0100000000000000
354 384 -10.0000000000000000
383 384 -10.0000000000000000
384 384 31.0100000000000016
385 384 -10.0000000000000000
414 384 -0.0100000000000000
355 385 -10.0000000000000000
384 385 -10.0000000000000000
385 385 21.0199999999999996
386 385 -0.0100000000000000
415 385 -0.0100000000000000
356 386 -0.0100000000000000
385 386 -0.0100000000000000
386 386 1.0301000000000000
387 386 -0.0001000000000000
416 386 -0.0100000000000000
357 387 -0.0001000000000000
386 387 -0.0001000000000000
387 387 1.0004000000000000
388 387 -0.0001000000000000
417 387 -0.0001000000000000
358 388 -0.0001000000000000
387 388 -0.0001000000000000
388 388 1.0004000000000000
389 388 -0.0001000000000000
418 388 -0.0001000000000000
359 389 -0.0001000000000000
388 389 -0.0001000000000000
389 389 1.0004000000000000
390 389 -0.0001000000000000
419 389 -0.0001000000000000
360 390 -0.0001000000000000
389 390 -0.0001000000000000
390 390 1.0004000000000000
420 390 -0.0001000000000000
361 391 -0.0001000000000000
391 391 1.0004000000000000
392 391 -0.0001000000000000
421 391 -0.0001000000000000
362 392 -0.0001000000000000
391 392 -0.0001000000000000
392 392 1.0103000000000000
393 392 -0.0100000000000000
422 392 -0.0001000000000000
363 393 -0.0100000000000000
392 393 -0.0100000000000000
393 393 11.0299999999999994
394 393 -10.0000000000000000
423 393 -0.0100000000000000
364 394 -10.0000000000000000
393 394 -10.0000000000000000
394 394 41.0000000000000000
395 394 -10.0000000000000000
424 394 -10.0000000000000000
365 395 -10.0000000000000000
394 395 -10.0000000000000000
395 395 1000031.0000000000000000
396 395 -1000000.0000000000000000
425 395 -10.0000000000000000
366 396 -1000000.0000000000000000
395 396 -1000000.0000000000000000
396 396 4000001.0000000000000000
397 396 -1000000.0000000000000000
426 396 -1000000.0000000000000000
367 397 -1000000.0000000000000000
396 397 -1000000.0000000000000000
397 397 4000001.0000000000000000
398 397 -1000000.0000000000000000
427 397 -1000000.0000000000000000
368 398 -1000000.0000000000000000
397 398 -1000000.0000000000000000
398 398 4000001.0000000000000000
399 398 -1000000.0000000000000000
428 398 -1000000.0000000000000000
369 399 -1000000.0000000000000000
398 399 -1000000.0000000000000000
399 399 4000001.0000000000000000
400 399 -1000000.0000000000000000
429 399 -1000000.0000000000000000
370 400 -1000000.0000000000000000
399 400 -1000000.0000000000000000
400 400 3000011.0000000000000000
401 400 -10.0000000000000000
430 400 -1000000.0000000000000000
371 401 -10.0000000000000000
400 401 -10.0000000000000000
401 401 41.0000000000000000
402 401 -10.0000000000000000
431 401 -10.0000000000000000
372 402 -10.0000000000000000
401 402 -10.0000000000000000
402 402 41.0000000000000000
403 402 -10.0000000000000000
432 402 -10.0000000000000000
373 403 -10.0000000000000000
402 403 -10.0000000000000000
403 403 31.0100000000000016
404 403 -0.0100000000000000
433 403 -10.0000000000000000
374 404 -0.0100000000000000
403 404 -0.0100000000000000
404 404 1.0400000000000000
405 404 -0.0100000000000000
434 404 -0.0100000000000000
375 405 -0.0100000000000000
404 405 -0.0100000000000000
405 405 1.0400000000000000
406 405 -0.0100000000000000
435 405 -0.0100000000000000
376 406 -0.0100000000000000
405 406 -0.0100000000000000
406 406 1.0400000000000000
407 406 -0.0100000000000000
436 406 -0.0100000000000000
377 407 -0.0100000000000000
406 407 -0.0100000000000000
407 407 1.0400000000000000
408 407 -0.0100000000000000
437 407 -0.0100000000000000
378 408 -0.0100000000000000
407 408 -0.0100000000000000
408 408 11.0299999999999994
409 408 -10.0000000000000000
438 408 -0.0100000000000000
379 409 -10.0000000000000000
408 409 -10.0000000000000000
409 409 1000031.0000000000000000
410 409 -1000000.0000000000000000
439 409 -10.0000000000000000
380 410 -1000000.0000000000000000
409 410 -1000000.0000000000000000
410 410 2000021.0000000000000000
411 410 -10.0000000000000000
440 410 -10.0000000000000000
381 411 -10.0000000000000000
410 411 -10.0000000000000000
411 411 41.0000000000000000
412 411 -10.0000000000000000
441 411 -10.0000000000000000
382 412 -10.0000000000000000
411 412 -10.0000000000000000
412 412 31.0100000000000016
413 412 -0.0100000000000000
442 412 -10.0000000000000000
383 413 -0.0100000000000000
412 413 -0.0100000000000000
413 413 1.0400000000000000
414 413 -0.0100000000000000
443 413 -0.0100000000000000
384 414 -0.0100000000000000
413 414 -0.0100000000000000
414 414 1.0400000000000000
415 414 -0.0100000000000000
444 414 -0.0100000000000000
385 415 -0.0100000000000000
414 415 -0.0100000000000000
415 415 1.0400000000000000
416 415 -0.0100000000000000
445 415 -0.0100000000000000
386 416 -0.0100000000000000
415 416 -0.0100000000000000
416 416 1.0301000000000000
417 416 -0.0001000000000000
446 416 -0.0100000000000000
387 417 -0.0001000000000000
416 417 -0.0001000000000000
417 417 1.0004000000000000
418 417 -0.0001000000000000
447 417 -0.0001000000000000
388 418 -0.0001000000000000
417 418 -0.0001000000000000
418 418 1.0004000000000000
419 418 -0.0001000000000000
448 418 -0.0001000000000000
389 419 -0.0001000000000000
418 419 -0.0001000000000000
419 419 1.0004000000000000
420 419 -0.0001000000000000
449 419 -0.0001000000000000
390 420 -0.0001000000000000
419 420 -0.0001000000000000
420 420 1.0004000000000000
450 420 -0.0001000000000000
391 421 -0.0001000000000000
421 421 1.0004000000000000
422 421 -0.0001000000000000
451 421 -0.0001000000000000
392 422 -0.0001000000000000
421 422 -0.0001000000000000
422 422 1.0103000000000000
423 422 -0.0100000000000000
452 422 -0.0001000000000000
393 423 -0.0100000000000000
422 423 -0.0100000000000000
423 423 11.0299999999999994
424 423 -10.0000000000000000
453 423 -0.0100000000000000
394 424 -10.0000000000000000
423 424 -10.0000000000000000
424 424 41.0000000000000000
425 424 -10.0000000000000000
454 424 -10.0000000000000000
395 425 -10.0000000000000000
424 425 -10.0000000000000000
425 425 1000031.0000000000000000
426 425 -1000000.0000000000000000
455 425 -10.0000000000000000
396 426 -1000000.0000000000000000
425 426 -1000000.0000000000000000
426 426 4000001.0000000000000000
427 426 -1000000.0000000000000000
456 426 -1000000.0000000000000000
397 427 -1000000.0000000000000000
426 427 -1000000.0000000000000000
427 427 4000001.0000000000000000
428 427 -1000000.0000000000000000
457 427 -1000000.0000000000000000
398 428 -1000000.0000000000000000
427 428 -1000000.0000000000000000
428 428 4000001.0000000000000000
429 428 -1000000.0000000000000000
458 428 -1000000.0000000000000000
399 429 -1000000.0000000000000000
428 429 -1000000.0000000000000000
429 429 4000001.0000000000000000
430 429 -1000000.0000000000000000
459 429 -1000000.0000000000000000
400 430 -1000000.0000000000000000
429 430 -1000000.0000000000000000
430 430 3000011.0000000000000000
431 430 -10.0000000000000000
460 430 -1000000.0000000000000000
401 431 -10.0000000000000000
430 431 -10.0000000000000000
431 431 41.0000000000000000
432 431 -10.0000000000000000
461 431 -10.0000000000000000
402 432 -10.0000000000000000
431 432 -10.0000000000000000
432 432 41.0000000000000000
433 432 -10.0000000000000000
462 432 -10.0000000000000000
403 433 -10.0000000000000000
432 433 -10.0000000000000000
433 433 31.0100000000000016
434 433 -0.0100000000000000
463 433 -10.0000000000000000
404 434 -0.0100000000000000
433 434 -0.0100000000000000
434 434 1.0400000000000000
435 434 -0.0100000000000000
464 434 -0.0100000000000000
405 435 -0.0100000000000000
434 435 -0.0100000000000000
435 435 1.0400000000000000
436 435 -0.0100000000000000
465 435 -0.0100000000000000
406 436 -0.0100000000000000
435 436 -0.0100000000000000
436 436 1.0301000000000000
437 436 -0.0100000000000000
407 437 -0.0100000000000000
436 437 -0.0100000000000000
437 437 1.0301000000000000
438 437 -0.0100000000000000
408 438 -0.0100000000000000
437 438 -0.0100000000000000
438 438 11.0299999999999994
439 438 -10.0000000000000000
409 439 -10.0000000000000000
438 439 -10.0000000000000000
439 439 41.0000000000000000
440 439 -10.0000000000000000
410 440 -10.0000000000000000
439 440 -10.0000000000000000
440 440 41.0000000000000000
441 440 -10.0000000000000000
411 441 -10.0000000000000000
440 441 -10.0000000000000000
441 441 1000031.0000000000000000
442 441 -10.0000000000000000
412 442 -10.0000000000000000
441 442 -10.0000000000000000
442 442 1000021.0000000000000000
443 442 -0.0100000000000000
413 443 -0.0100000000000000
442 443 -0.0100000000000000
443 443 1000001.0000000000000000
444 443 -0.0100000000000000
414 444 -0.0100000000000000
443 444 -0.0100000000000000
444 444 1000001.0000000000000000
445 444 -0.0100000000000000
415 445 -0.0100000000000000
444 445 -0.0100000000000000
445 445 1000001.0000000000000000
446 445 -0.0100000000000000
416 446 -0.0100000000000000
445 446 -0.0100000000000000
446 446 11.0200999999999993
447 446 -0.0001000000000000
417 447 -0.0001000000000000
446 447 -0.0001000000000000
447 447 11.0002999999999993
448 447 -0.0001000000000000
418 448 -0.0001000000000000
447 448 -0.0001000000000000
448 448 11.0002999999999993
449 448 -0.0001000000000000
419 449 -0.0001000000000000
448 449 -0.0001000000000000
449 449 1.0103000000000000
450 449 -0.0001000000000000
420 450 -0.0001000000000000
449 450 -0.0001000000000000
450 450 1.0103000000000000
421 451 -0.0001000000000000
451 451 1.0004000000000000
452 451 -0.0001000000000000
466 451 -0.0001000000000000
422 452 -0.0001000000000000
451 452 -0.0001000000000000
452 452 1.0103000000000000
453 452 -0.0100000000000000
467 452 -0.0001000000000000
423 453 -0.0100000000000000
452 453 -0.0100000000000000
453 453 11.0299999999999994
454 453 -10.0000000000000000
468 453 -0.0100000000000000
424 454 -10.0000000000000000
453 454 -10.0000000000000000
454 454 41.0000000000000000
455 454 -10.0000000000000000
469 454 -10.0000000000000000
425 455 -10.0000000000000000
454 455 -10.0000000000000000
455 455 1000031.0000000000000000
456 455 -1000000.0000000000000000
470 455 -10.0000000000000000
426 456 -1000000.0000000000000000
455 456 -1000000.0000000000000000
456 456 4000001.0000000000000000
457 456 -1000000.0000000000000000
471 456 -1000000.0000000000000000
427 457 -1000000.0000000000000000
456 457 -1000000.0000000000000000
457 457 4000001.0000000000000000
458 457 -1000000.0000000000000000
472 457 -1000000.0000000000000000
428 458 -1000000.0000000000000000
457 458 -1000000.0000000000000000
458 458 4000001.0000000000000000
459 458 -1000000.0000000000000000
473 458 -1000000.0000000000000000
429 459 -1000000.0000000000000000
458 459 -1000000.0000000000000000
459 459 4000001.0000000000000000
460 459 -1000000.0000000000000000
474 459 -1000000.0000000000000000
430 460 -1000000.0000000000000000
459 460 -1000000.0000000000000000
460 460 3000011.0000000000000000
461 460 -10.0000000000000000
475 460 -1000000.0000000000000000
431 461 -10.0000000000000000
460 461 -10.0000000000000000
461 461 41.0000000000000000
462 461 -10.0000000000000000
476 461 -10.0000000000000000
432 462 -10.0000000000000000
461 462 -10.0000000000000000
462 462 41.0000000000000000
463 462 -10.0000000000000000
477 462 -10.0000000000000000
433 463 -10.0000000000000000
462 463 -10.0000000000000000
463 463 31.0100000000000016
464 463 -0.0100000000000000
478 463 -10.0000000000000000
434 464 -0.0100000000000000
463 464 -0.0100000000000000
464 464 1.0400000000000000
465 464 -0.0100000000000000
479 464 -0.0100000000000000
435 465 -0.0100000000000000
464 465 -0.0100000000000000
465 465 1.0301000000000000
480 465 -0.0100000000000000
451 466 -0.0001000000000000
466 466 1.0004000000000000
467 466 -0.0001000000000000
481 466 -0.0001000000000000
452 467 -0.0001000000000000
466 467 -0.0001000000000000
467 467 1.0103000000000000
468 467 -0.0100000000000000
482 467 -0.0001000000000000
453 468 -0.0100000000000000
467 468 -0.0100000000000000
468 468 11.0299999999999994
469 468 -10.0000000000000000
483 468 -0.0100000000000000
454 469 -10.0000000000000000
468 469 -10.0000000000000000
469 469 41.0000000000000000
470 469 -10.0000000000000000
484 469 -10.0000000000000000
455 470 -10.0000000000000000
469 470 -10.0000000000000000
470 470 1000031.0000000000000000
471 470 -1000000.0000000000000000
485 470 -10.0000000000000000
456 471 -1000000.0000000000000000
470 471 -1000000.0000000000000000
471 471 4000001.0000000000000000
472 471 -1000000.0000000000000000
486 471 -1000000.0000000000000000
457 472 -1000000.0000000000000000
471 472 -1000000.0000000000000000
472 472 4000001.0000000000000000
473 472 -1000000.0000000000000000
487 472 -1000000.0000000000000000
458 473 -1000000.0000000000000000
472 473 -1000000.0000000000000000
473 473 4000001.0000000000000000
474 473 -1000000.0000000000000000
488 473 -1000000.0000000000000000
459 474 -1000000.0000000000000000
473 474 -1000000.0000000000000000
474 474 4000001.0000000000000000
475 474 -1000000.0000000000000000
489 474 -1000000.0000000000000000
460 475 -1000000.0000000000000000
474 475 -1000000.0000000000000000
475 475 3000011.0000000000000000
476 475 -10.0000000000000000
490 475 -1000000.0000000000000000
461 476 -10.0000000000000000
475 476 -10.0000000000000000
476 476 41.0000000000000000
477 476 -10.0000000000000000
491 476 -10.0000000000000000
462 477 -10.0000000000000000
476 477 -10.0000000000000000
477 477 41.0000000000000000
478 477 -10.0000000000000000
492 477 -10.0000000000000000
463 478 -10.0000000000000000
477 478 -10.0000000000000000
478 478 31.0100000000000016
479 478 -0.0100000000000000
493 478 -10.0000000000000000
464 479 -0.0100000000000000
478 479 -0.0100000000000000
479 479 1.0400000000000000
480 479 -0.0100000000000000
494 479 -0.0100000000000000
465 480 -0.0100000000000000
479 480 -0.0100000000000000
480 480 1.0301000000000000
495 480 -0.0100000000000000
466 481 -0.0001000000000000
481 481 1.0004000000000000
482 481 -0.0001000000000000
496 481 -0.0001000000000000
467 482 -0.0001000000000000
481 482 -0.0001000000000000
482 482 1.0103000000000000
483 482 -0.0100000000000000
497 482 -0.0001000000000000
468 483 -0.0100000000000000
482 483 -0.0100000000000000
483 483 11.0299999999999994
484 483 -10.0000000000000000
498 483 -0.0100000000000000
469 484 -10.0000000000000000
483 484 -10.0000000000000000
484 484 41.0000000000000000
485 484 -10.0000000000000000
499 484 -10.0000000000000000
470 485 -10.0000000000000000
484 485 -10.0000000000000000
485 485 1000031.0000000000000000
486 485 -1000000.0000000000000000
500 485 -10.0000000000000000
471 486 -1000000.0000000000000000
485 486 -1000000.0000000000000000
486 486 4000001.0000000000000000
487 486 -1000000.0000000000000000
501 486 -1000000.0000000000000000
472 487 -1000000.0000000000000000
486 487 -1000000.0000000000000000
487 487 4000001.0000000000000000
488 487 -1000000.0000000000000000
502 487 -1000000.0000000000000000
473 488 -1000000.0000000000000000
487 488 -1000000.0000000000000000
488 488 4000001.0000000000000000
489 488 -1000000.0000000000000000
503 488 -1000000.0000000000000000
474 489 -1000000.0000000000000000
488 489 -1000000.0000000000000000
489 489 4000001.0000000000000000
490 489 -1000000.0000000000000000
504 489 -1000000.0000000000000000
475 490 -1000000.0000000000000000
489 490 -1000000.0000000000000000
490 490 3000011.0000000000000000
491 490 -10.0000000000000000
505 490 -1000000.0000000000000000
476 491 -10.0000000000000000
490 491 -10.0000000000000000
491 491 41.0000000000000000
492 491 -10.0000000000000000
506 491 -10.0000000000000000
477 492 -10.0000000000000000
491 492 -10.0000000000000000
492 492 41.0000000000000000
493 492 -10.0000000000000000
507 492 -10.0000000000000000
478 493 -10.0000000000000000
492 493 -10.0000000000000000
493 493 31.0100000000000016
494 493 -0.0100000000000000
508 493 -10.0000000000000000
479 494 -0.0100000000000000
493 494 -0.0100000000000000
494 494 1.0400000000000000
495 494 -0.0100000000000000
509 494 -0.0100000000000000
480 495 -0.0100000000000000
494 495 -0.0100000000000000
495 495 1.0301000000000000
510 495 -0.0100000000000000
481 496 -0.0001000000000000
496 496 1.0004000000000000
497 496 -0.0001000000000000
511 496 -0.0001000000000000
482 497 -0.0001000000000000
496 497 -0.0001000000000000
497 497 1.0103000000000000
498 497 -0.0100000000000000
512 497 -0.0001000000000000
483 498 -0.0100000000000000
497 498 -0.0100000000000000
498 498 11.0299999999999994
499 498 -10.0000000000000000
513 498 -0.0100000000000000
484 499 -10.0000000000000000
498 499 -10.0000000000000000
499 499 41.0000000000000000
500 499 -10.0000000000000000
514 499 -10.0000000000000000
485 500 -10.0000000000000000
499 500 -10.0000000000000000
500 500 1000031.0000000000000000
501 500 -1000000.0000000000000000
515 500 -10.0000000000000000
486 501 -1000000.0000000000000000
500 501 -1000000.0000000000000000
501 501 4000001.0000000000000000
502 501 -1000000.0000000000000000
516 501 -1000000.0000000000000000
487 502 -1000000.0000000000000000
501 502 -1000000.0000000000000000
502 502 4000001.0000000000000000
503 502 -1000000.0000000000000000
517 502 -1000000.0000000000000000
488 503 -1000000.0000000000000000
502 503 -1000000.0000000000000000
503 503 4000001.0000000000000000
504 503 -1000000.0000000000000000
518 503 -1000000.0000000000000000
489 504 -1000000.0000000000000000
503 504 -1000000.0000000000000000
504 504 4000001.0000000000000000
505 504 -1000000.0000000000000000
519 504 -1000000.0000000000000000
490 505 -1000000.0000000000000000
504 505 -1000000.0000000000000000
505 505 3000011.0000000000000000
506 505 -10.0000000000000000
520 505 -1000000.0000000000000000
491 506 -10.0000000000000000
505 506 -10.0000000000000000
506 506 41.0000000000000000
507 506 -10.0000000000000000
521 506 -10.0000000000000000
492 507 -10.0000000000000000
506 507 -10.0000000000000000
507 507 41.0000000000000000
508 507 -10.0000000000000000
522 507 -10.0000000000000000
493 508 -10.0000000000000000
507 508 -10.0000000000000000
508 508 31.0100000000000016
509 508 -0.0100000000000000
523 508 -10.0000000000000000
494 509 -0.0100000000000000
508 509 -0.0100000000000000
509 509 1.0400000000000000
510 509 -0.0100000000000000
524 509 -0.0100000000000000
495 510 -0.0100000000000000
509 510 -0.0100000000000000
510 510 1.0301000000000000
525 510 -0.0100000000000000
496 511 -0.0001000000000000
511 511 1.0004000000000000
512 511 -0.0001000000000000
526 511 -0.0001000000000000
497 512 -0.0001000000000000
511 512 -0.0001000000000000
512 512 1.0103000000000000
513 512 -0.0100000000000000
527 512 -0.0001000000000000
498 513 -0.0100000000000000
512 513 -0.0100000000000000
513 513 11.0299999999999994
514 513 -10.0000000000000000
528 513 -0.0100000000000000
499 514 -10.0000000000000000
513 514 -10.0000000000000000
514 514 41.0000000000000000
515 514 -10.0000000000000000
529 514 -10.0000000000000000
500 515 -10.0000000000000000
514 515 -10.0000000000000000
515 515 1000031.0000000000000000
516 515 -1000000.0000000000000000
530 515 -10.0000000000000000
501 516 -1000000.0000000000000000
515 516 -1000000.0000000000000000
516 516 4000001.0000000000000000
517 516 -1000000.0000000000000000
531 516 -1000000.0000000000000000
502 517 -1000000.0000000000000000
516 517 -1000000.0000000000000000
517 517 4000001.0000000000000000
518 517 -1000000.0000000000000000
532 517 -1000000.0000000000000000
503 518 -1000000.0000000000000000
517 518 -1000000.0000000000000000
518 518 4000001.0000000000000000
519 518 -1000000.0000000000000000
533 518 -1000000.0000000000000000
504 519 -1000000.0000000000000000
518 519 -1000000.0000000000000000
519 519 4000001.0000000000000000
520 519 -1000000.0000000000000000
534 519 -1000000.0000000000000000
505 520 -1000000.0000000000000000
519 520 -1000000.0000000000000000
520 520 3000011.0000000000000000
521 520 -10.0000000000000000
535 520 -1000000.0000000000000000
506 521 -10.0000000000000000
520 521 -10.0000000000000000
521 521 41.0000000000000000
522 521 -10.0000000000000000
536 521 -10.0000000000000000
507 522 -10.0000000000000000
521 522 -10.0000000000000000
522 522 41.0000000000000000
523 522 -10.0000000000000000
537 522 -10.0000000000000000
508 523 -10.0000000000000000
522 523 -10.0000000000000000
523 523 31.0100000000000016
524 523 -0.0100000000000000
538 523 -10.0000000000000000
509 524 -0.0100000000000000
523 524 -0.0100000000000000
524 524 1.0400000000000000
525 524 -0.0100000000000000
539 524 -0.0100000000000000
510 525 -0.0100000000000000
524 525 -0.0100000000000000
525 525 1.0301000000000000
540 525 -0.0100000000000000
511 526 -0.0001000000000000
526 526 1.0004000000000000
527 526 -0.0001000000000000
541 526 -0.0001000000000000
512 527 -0.0001000000000000
526 527 -0.0001000000000000
527 527 1.0103000000000000
528 527 -0.0100000000000000
542 527 -0.0001000000000000
513 528 -0.0100000000000000
527 528 -0.0100000000000000
528 528 11.0299999999999994
529 528 -10.0000000000000000
543 528 -0.0100000000000000
514 529 -10.0000000000000000
528 529 -10.0000000000000000
529 529 41.0000000000000000
530 529 -10.0000000000000000
544 529 -10.0000000000000000
515 530 -10.0000000000000000
529 530 -10.0000000000000000
530 530 1000031.0000000000000000
531 530 -1000000.0000000000000000
545 530 -10.0000000000000000
516 531 -1000000.0000000000000000
530 531 -1000000.0000000000000000
531 531 4000001.0000000000000000
532 531 -1000000.0000000000000000
546 531 -1000000.0000000000000000
517 532 -1000000.0000000000000000
531 532 -1000000.0000000000000000
532 532 4000001.0000000000000000
533 532 -1000000.0000000000000000
547 532 -1000000.0000000000000000
518 533 -1000000.0000000000000000
532 533 -1000000.0000000000000000
533 533 4000001.0000000000000000
534 533 -1000000.0000000000000000
548 533 -1000000.0000000000000000
519 534 -1000000.0000000000000000
533 534 -1000000.0000000000000000
534 534 4000001.0000000000000000
535 534 -1000000.0000000000000000
549 534 -1000000.0000000000000000
520 535 -1000000.0000000000000000
534 535 -1000000.0000000000000000
535 535 3000011.0000000000000000
536 535 -10.0000000000000000
550 535 -1000000.0000000000000000
521 536 -10.0000000000000000
535 536 -10.0000000000000000
536 536 41.0000000000000000
537 536 -10.0000000000000000
551 536 -10.0000000000000000
522 537 -10.0000000000000000
536 537 -10.0000000000000000
537 537 41.0000000000000000
538 537 -10.0000000000000000
552 537 -10.0000000000000000
523 538 -10.0000000000000000
537 538 -10.0000000000000000
538 538 31.0100000000000016
539 538 -0.0100000000000000
553 538 -10.0000000000000000
524 539 -0.0100000000000000
538 539 -0.0100000000000000
539 539 1.0400000000000000
540 539 -0.0100000000000000
554 539 -0.0100000000000000
525 540 -0.0100000000000000
539 540 -0.0100000000000000
540 540 1.0301000000000000
555 540 -0.0100000000000000
526 541 -0.0001000000000000
541 541 1.0004000000000000
542 541 -0.0001000000000000
556 541 -0.0001000000000000
527 542 -0.0001000000000000
541 542 -0.0001000000000000
542 542 1.0103000000000000
543 542 -0.0100000000000000
557 542 -0.0001000000000000
528 543 -0.0100000000000000
542 543 -0.0100000000000000
543 543 11.0299999999999994
544 543 -10.0000000000000000
558 543 -0.0100000000000000
529 544 -10.0000000000000000
543 544 -10.0000000000000000
544 544 41.0000000000000000
545 544 -10.0000000000000000
559 544 -10.0000000000000000
530 545 -10.0000000000000000
544 545 -10.0000000000000000
545 545 1000031.0000000000000000
546 545 -1000000.0000000000000000
560 545 -10.0000000000000000
531 546 -1000000.0000000000000000
545 546 -1000000.0000000000000000
546 546 4000001.0000000000000000
547 546 -1000000.0000000000000000
561 546 -1000000.0000000000000000
532 547 -1000000.0000000000000000
546 547 -1000000.0000000000000000
547 547 4000001.0000000000000000
548 547 -1000000.0000000000000000
562 547 -1000000.0000000000000000
533 548 -1000000.0000000000000000
547 548 -1000000.0000000000000000
548 548 4000001.0000000000000000
549 548 -1000000.0000000000000000
563 548 -1000000.0000000000000000
534 549 -1000000.0000000000000000
548 549 -1000000.0000000000000000
549 549 4000001.0000000000000000
550 549 -1000000.0000000000000000
564 549 -1000000.0000000000000000
535 550 -1000000.0000000000000000
549 550 -1000000.0000000000000000
550 550 3000011.0000000000000000
551 550 -10.0000000000000000
565 550 -1000000.0000000000000000
536 551 -10.0000000000000000
550 551 -10.0000000000000000
551 551 41.0000000000000000
552 551 -10.0000000000000000
566 551 -10.0000000000000000
537 552 -10.0000000000000000
551 552 -10.0000000000000000
552 552 41.0000000000000000
553 552 -10.0000000000000000
567 552 -10.0000000000000000
538 553 -10.0000000000000000
552 553 -10.0000000000000000
553 553 31.0100000000000016
554 553 -0.0100000000000000
568 553 -10.0000000000000000
539 554 -0.0100000000000000
553 554 -0.0100000000000000
554 554 1.0400000000000000
555 554 -0.0100000000000000
569 554 -0.0100000000000000
540 555 -0.0100000000000000
554 555 -0.0100000000000000
555 555 1.0301000000000000
570 555 -0.0100000000000000
541 556 -0.0001000000000000
556 556 1.0004000000000000
557 556 -0.0001000000000000
571 556 -0.0001000000000000
542 557 -0.0001000000000000
556 557 -0.0001000000000000
557 557 1.0103000000000000
558 557 -0.0100000000000000
572 557 -0.0001000000000000
543 558 -0.0100000000000000
557 558 -0.0100000000000000
558 558 11.0299999999999994
559 558 -10.0000000000000000
573 558 -0.0100000000000000
544 559 -10.0000000000000000
558 559 -10.0000000000000000
559 559 31.0100000000000016
560 559 -10.0000000000000000
574 559 -0.0100000000000000
545 560 -10.0000000000000000
559 560 -10.0000000000000000
560 560 1000021.0000000000000000
561 560 -1000000.0000000000000000
575 560 -0.0100000000000000
546 561 -1000000.0000000000000000
560 561 -1000000.0000000000000000
561 561 3000001.0000000000000000
562 561 -1000000.0000000000000000
576 561 -0.0100000000000000
547 562 -1000000.0000000000000000
561 562 -1000000.0000000000000000
562 562 3000001.0000000000000000
563 562 -1000000.0000000000000000
577 562 -0.0100000000000000
548 563 -1000000.0000000000000000
562 563 -1000000.0000000000000000
563 563 3000001.0000000000000000
564 563 -1000000.0000000000000000
578 563 -0.0100000000000000
549 564 -1000000.0000000000000000
563 564 -1000000.0000000000000000
564 564 3000001.0000000000000000
565 564 -1000000.0000000000000000
579 564 -0.0100000000000000
550 565 -1000000.0000000000000000
564 565 -1000000.0000000000000000
565 565 2000011.0000000000000000
566 565 -10.0000000000000000
580 565 -0.0100000000000000
551 566 -10.0000000000000000
565 566 -10.0000000000000000
566 566 31.0100000000000016
567 566 -10.0000000000000000
581 566 -0.0100000000000000
552 567 -10.0000000000000000
566 567 -10.0000000000000000
567 567 31.0100000000000016
568 567 -10.0000000000000000
582 567 -0.0100000000000000
553 568 -10.0000000000000000
567 568 -10.0000000000000000
568 568 21.0199999999999996
569 568 -0.0100000000000000
583 568 -0.0100000000000000
554 569 -0.0100000000000000
568 569 -0.0100000000000000
569 569 1.0400000000000000
570 569 -0.0100000000000000
584 569 -0.0100000000000000
555 570 -0.0100000000000000
569 570 -0.0100000000000000
570 570 1.0301000000000000
585 570 -0.0100000000000000
556 571 -0.0001000000000000
571 571 1.0004000000000000
572 571 -0.0001000000000000
586 571 -0.0001000000000000
557 572 -0.0001000000000000
571 572 -0.0001000000000000
572 572 1.0103000000000000
573 572 -0.0100000000000000
587 572 -0.0001000000000000
558 573 -0.0100000000000000
572 573 -0.0100000000000000
573 573 1.0400000000000000
574 573 -0.0100000000000000
588 573 -0.0100000000000000
559 574 -0.0100000000000000
573 574 -0.0100000000000000
574 574 1.0400000000000000
575 574 -0.0100000000000000
589 574 -0.0100000000000000
560 575 -0.0100000000000000
574 575 -0.0100000000000000
575 575 1.0400000000000000
576 575 -0.0100000000000000
590 575 -0.0100000000000000
561 576 -0.0100000000000000
575 576 -0.0100000000000000
576 576 1.0400000000000000
577 576 -0.0100000000000000
591 576 -0.0100000000000000
562 577 -0.0100000000000000
576 577 -0.0100000000000000
577 577 1.0400000000000000
578 577 -0.0100000000000000
592 577 -0.0100000000000000
563 578 -0.0100000000000000
577 578 -0.0100000000000000
578 578 1.0400000000000000
579 578 -0.0100000000000000
593 578 -0.0100000000000000
564 579 -0.0100000000000000
578 579 -0.0100000000000000
579 579 1.0400000000000000
580 579 -0.0100000000000000
594 579 -0.0100000000000000
565 580 -0.0100000000000000
579 580 -0.0100000000000000
580 580 1.0400000000000000
581 580 -0.0100000000000000
595 580 -0.0100000000000000
566 581 -0.0100000000000000
580 581 -0.0100000000000000
581 581 1.0400000000000000
582 581 -0.0100000000000000
596 581 -0.0100000000000000
567 582 -0.0100000000000000
581 582 -0.0100000000000000
582 582 1.0400000000000000
583 582 -0.0100000000000000
597 582 -0.0100000000000000
568 583 -0.0100000000000000
582 583 -0.0100000000000000
583 583 1.0400000000000000
584 583 -0.0100000000000000
598 583 -0.0100000000000000
569 584 -0.0100000000000000
583 584 -0.0100000000000000
584 584 1.0400000000000000
585 584 -0.0100000000000000
599 584 -0.0100000000000000
570 585 -0.0100000000000000
584 585 -0.0100000000000000
585 585 1.0301000000000000
600 585 -0.0100000000000000
571 586 -0.0001000000000000
586 586 1.0004000000000000
587 586 -0.0001000000000000
601 586 -0.0001000000000000
572 587 -0.0001000000000000
586 587 -0.0001000000000000
587 587 1.0103000000000000
588 587 -0.0100000000000000
602 587 -0.0001000000000000
573 588 -0.0100000000000000
587 588 -0.0100000000000000
588 588 1.0400000000000000
589 588 -0.0100000000000000
603 588 -0.0100000000000000
574 589 -0.0100000000000000
588 589 -0.0100000000000000
589 589 1.0400000000000000
590 589 -0.0100000000000000
604 589 -0.0100000000000000
575 590 -0.0100000000000000
589 590 -0.0100000000000000
590 590 1.0400000000000000
591 590 -0.0100000000000000
605 590 -0.0100000000000000
576 591 -0.0100000000000000
590 591 -0.0100000000000000
591 591 1.0400000000000000
592 591 -0.0100000000000000
606 591 -0.0100000000000000
577 592 -0.0100000000000000
591 592 -0.0100000000000000
592 592 1.0400000000000000
593 592 -0.0100000000000000
607 592 -0.0100000000000000
578 593 -0.0100000000000000
592 593 -0.0100000000000000
593 593 1.0400000000000000
594 593 -0.0100000000000000
608 593 -0.0100000000000000
579 594 -0.0100000000000000
593 594 -0.0100000000000000
594 594 1.0400000000000000
595 594 -0.0100000000000000
609 594 -0.0100000000000000
580 595 -0.0100000000000000
594 595 -0.0100000000000000
595 595 1.0400000000000000
596 595 -0.0100000000000000
610 595 -0.0100000000000000
581 596 -0.0100000000000000
595 596 -0.0100000000000000
596 596 1.0400000000000000
597 596 -0.0100000000000000
611 596 -0.0100000000000000
582 597 -0.0100000000000000
596 597 -0.0100000000000000
597 597 1.0400000000000000
598 597 -0.0100000000000000
612 597 -0.0100000000000000
583 598 -0.0100000000000000
597 598 -0.0100000000000000
598 598 1.0400000000000000
599 598 -0.0100000000000000
613 598 -0.0100000000000000
584 599 -0.0100000000000000
598 599 -0.0100000000000000
599 599 1.0400000000000000
600 599 -0.0100000000000000
614 599 -0.0100000000000000
585 600 -0.0100000000000000
599 600 -0.0100000000000000
600 600 1.0301000000000000
615 600 -0.0100000000000000
586 601 -0.0001000000000000
601 601 1.0004000000000000
602 601 -0.0001000000000000
616 601 -0.0001000000000000
587 602 -0.0001000000000000
601 602 -0.0001000000000000
602 602 1.0103000000000000
603 602 -0.0100000000000000
617 602 -0.0001000000000000
588 603 -0.0100000000000000
602 603 -0.0100000000000000
603 603 1.0301000000000000
604 603 -0.0100000000000000
618 603 -0.0001000000000000
589 604 -0.0100000000000000
603 604 -0.0100000000000000
604 604 1.0301000000000000
605 604 -0.0100000000000000
619 604 -0.0001000000000000
590 605 -0.0100000000000000
604 605 -0.0100000000000000
605 605 1.0301000000000000
606 605 -0.0100000000000000
620 605 -0.0001000000000000
591 606 -0.0100000000000000
605 606 -0.0100000000000000
606 606 1.0301000000000000
607 606 -0.0100000000000000
621 606 -0.0001000000000000
592 607 -0.0100000000000000
606 607 -0.0100000000000000
607 607 1.0301000000000000
608 607 -0.0100000000000000
622 607 -0.0001000000000000
593 608 -0.0100000000000000
607 608 -0.0100000000000000
608 608 1.0301000000000000
609 608 -0.0100000000000000
623 608 -0.0001000000000000
594 609 -0.0100000000000000
608 609 -0.0100000000000000
609 609 1.0301000000000000
610 609 -0.0100000000000000
624 609 -0.0001000000000000
595 610 -0.0100000000000000
609 610 -0.0100000000000000
610 610 1.0301000000000000
611 610 -0.0100000000000000
625 610 -0.0001000000000000
596 611 -0.0100000000000000
610 611 -0.0100000000000000
611 611 1.0301000000000000
612 611 -0.0100000000000000
626 611 -0.0001000000000000
597 612 -0.0100000000000000
611 612 -0.0100000000000000
612 612 1.0301000000000000
613 612 -0.0100000000000000
627 612 -0.0001000000000000
598 613 -0.0100000000000000
612 613 -0.0100000000000000
613 613 1.0301000000000000
614 613 -0.0100000000000000
628 613 -0.0001000000000000
599 614 -0.0100000000000000
613 614 -0.0100000000000000
614 614 1.0301000000000000
615 614 -0.0100000000000000
629 614 -0.0001000000000000
600 615 -0.0100000000000000
614 615 -0.0100000000000000
615 615 1.0202000000000000
630 615 -0.0001000000000000
601 616 -0.0001000000000000
616 616 1.0004000000000000
617 616 -0.0001000000000000
631 616 -0.0001000000000000
602 617 -0.0001000000000000
616 617 -0.0001000000000000
617 617 1.0004000000000000
618 617 -0.0001000000000000
632 617 -0.0001000000000000
603 618 -0.0001000000000000
617 618 -0.0001000000000000
618 618 1.0004000000000000
619 618 -0.0001000000000000
633 618 -0.0001000000000000
604 619 -0.0001000000000000
618 619 -0.0001000000000000
619 619 1.0004000000000000
620 619 -0.0001000000000000
634 619 -0.0001000000000000
605 620 -0.0001000000000000
619 620 -0.0001000000000000
620 620 1.0004000000000000
621 620 -0.0001000000000000
635 620 -0.0001000000000000
606 621 -0.0001000000000000
620 621 -0.0001000000000000
621 621 1.0004000000000000
622 621 -0.0001000000000000
636 621 -0.0001000000000000
607 622 -0.0001000000000000
621 622 -0.0001000000000000
622 622 1.0004000000000000
623 622 -0.0001000000000000
637 622 -0.0001000000000000
608 623 -0.0001000000000000
622 623 -0.0001000000000000
623 623 1.0004000000000000
624 623 -0.0001000000000000
638 623 -0.0001000000000000
609 624 -0.0001000000000000
623 624 -0.0001000000000000
624 624 1.0004000000000000
625 624 -0.0001000000000000
639 624 -0.0001000000000000
610 625 -0.0001000000000000
624 625 -0.0001000000000000
625 625 1.0004000000000000
626 625 -0.0001000000000000
640 625 -0.0001000000000000
611 626 -0.0001000000000000
625 626 -0.0001000000000000
626 626 1.0004000000000000
627 626 -0.0001000000000000
641 626 -0.0001000000000000
612 627 -0.0001000000000000
626 627 -0.0001000000000000
627 627 1.0004000000000000
628 627 -0.0001000000000000
642 627 -0.0001000000000000
613 628 -0.0001000000000000
627 628 -0.0001000000000000
628 628 1.0004000000000000
629 628 -0.0001000000000000
643 628 -0.0001000000000000
614 629 -0.0001000000000000
628 629 -0.0001000000000000
629 629 1.0004000000000000
630 629 -0.0001000000000000
644 629 -0.0001000000000000
615 630 -0.0001000000000000
629 630 -0.0001000000000000
630 630 1.0004000000000000
645 630 -0.0001000000000000
616 631 -0.0001000000000000
631 631 1.0004000000000000
632 631 -0.0001000000000000
646 631 -0.0001000000000000
617 632 -0.0001000000000000
631 632 -0.0001000000000000
632 632 1.0004000000000000
633 632 -0.0001000000000000
647 632 -0.0001000000000000
618 633 -0.0001000000000000
632 633 -0.0001000000000000
633 633 1.0004000000000000
634 633 -0.0001000000000000
648 633 -0.0001000000000000
619 634 -0.0001000000000000
633 634 -0.0001000000000000
634 634 1.0004000000000000
635 634 -0.0001000000000000
649 634 -0.0001000000000000
620 635 -0.0001000000000000
634 635 -0.0001000000000000
635 635 1.0004000000000000
636 635 -0.0001000000000000
650 635 -0.0001000000000000
621 636 -0.0001000000000000
635 636 -0.0001000000000000
636 636 1.0004000000000000
637 636 -0.0001000000000000
651 636 -0.0001000000000000
622 637 -0.0001000000000000
636 637 -0.0001000000000000
637 637 1.0004000000000000
638 637 -0.0001000000000000
652 637 -0.0001000000000000
623 638 -0.0001000000000000
637 638 -0.0001000000000000
638 638 1.0004000000000000
639 638 -0.0001000000000000
653 638 -0.0001000000000000
624 639 -0.0001000000000000
638 639 -0.0001000000000000
639 639 1.0004000000000000
640 639 -0.0001000000000000
654 639 -0.0001000000000000
625 640 -0.0001000000000000
639 640 -0.0001000000000000
640 640 1.0004000000000000
641 640 -0.0001000000000000
655 640 -0.0001000000000000
626 641 -0.0001000000000000
640 641 -0.0001000000000000
641 641 1.0004000000000000
642 641 -0.0001000000000000
656 641 -0.0001000000000000
627 642 -0.0001000000000000
641 642 -0.0001000000000000
642 642 1.0004000000000000
643 642 -0.0001000000000000
657 642 -0.0001000000000000
628 643 -0.0001000000000000
642 643 -0.0001000000000000
643 643 1.0004000000000000
644 643 -0.0001000000000000
658 643 -0.0001000000000000
629 644 -0.0001000000000000
643 644 -0.0001000000000000
644 644 1.0004000000000000
645 644 -0.0001000000000000
659 644 -0.0001000000000000
630 645 -0.0001000000000000
644 645 -0.0001000000000000
645 645 1.0004000000000000
660 645 -0.0001000000000000
631 646 -0.0001000000000000
646 646 1.0004000000000000
647 646 -0.0001000000000000
661 646 -0.0001000000000000
632 647 -0.0001000000000000
646 647 -0.0001000000000000
647 647 1.0004000000000000
648 647 -0.0001000000000000
662 647 -0.0001000000000000
633 648 -0.0001000000000000
647 648 -0.0001000000000000
648 648 1.0004000000000000
649 648 -0.0001000000000000
663 648 -0.0001000000000000
634 649 -0.0001000000000000
648 649 -0.0001000000000000
649 649 1.0004000000000000
650 649 -0.0001000000000000
664 649 -0.0001000000000000
635 650 -0.0001000000000000
649 650 -0.0001000000000000
650 650 1.0004000000000000
651 650 -0.0001000000000000
665 650 -0.0001000000000000
636 651 -0.0001000000000000
650 651 -0.0001000000000000
651 651 1.0004000000000000
652 651 -0.0001000000000000
666 651 -0.0001000000000000
637 652 -0.0001000000000000
651 652 -0.0001000000000000
652 652 1.0004000000000000
653 652 -0.0001000000000000
667 652 -0.0001000000000000
638 653 -0.0001000000000000
652 653 -0.0001000000000000
653 653 1.0004000000000000
654 653 -0.0001000000000000
668 653 -0.0001000000000000
639 654 -0.0001000000000000
653 654 -0.0001000000000000
654 654 1.0004000000000000
655 654 -0.0001000000000000
669 654 -0.0001000000000000
640 655 -0.0001000000000000
654 655 -0.0001000000000000
655 655 1.0004000000000000
656 655 -0.0001000000000000
670 655 -0.0001000000000000
641 656 -0.0001000000000000
655 656 -0.0001000000000000
656 656 1.0004000000000000
657 656 -0.0001000000000000
671 656 -0.0001000000000000
642 657 -0.0001000000000000
656 657 -0.0001000000000000
657 657 1.0004000000000000
658 657 -0.0001000000000000
672 657 -0.0001000000000000
643 658 -0.0001000000000000
657 658 -0.0001000000000000
658 658 1.0004000000000000
659 658 -0.0001000000000000
673 658 -0.0001000000000000
644 659 -0.0001000000000000
658 659 -0.0001000000000000
659 659 1.0004000000000000
660 659 -0.0001000000000000
674 659 -0.0001000000000000
645 660 -0.0001000000000000
659 660 -0.0001000000000000
660 660 1.0004000000000000
675 660 -0.0001000000000000
646 661 -0.0001000000000000
661 661 1.0003000000000000
662 661 -0.0001000000000000
647 662 -0.0001000000000000
661 662 -0.0001000000000000
662 662 1.0003000000000000
663 662 -0.0001000000000000
648 663 -0.0001000000000000
662 663 -0.0001000000000000
663 663 1.0003000000000000
664 663 -0.0001000000000000
649 664 -0.0001000000000000
663 664 -0.0001000000000000
664 664 1.0003000000000000
665 664 -0.0001000000000000
650 665 -0.0001000000000000
664 665 -0.0001000000000000
665 665 1.0003000000000000
666 665 -0.0001000000000000
651 666 -0.0001000000000000
665 666 -0.0001000000000000
666 666 1.0003000000000000
667 666 -0.0001000000000000
652 667 -0.0001000000000000
666 667 -0.0001000000000000
667 667 1.0003000000000000
668 667 -0.0001000000000000
653 668 -0.0001000000000000
667 668 -0.0001000000000000
668 668 1.0003000000000000
669 668 -0.0001000000000000
654 669 -0.0001000000000000
668 669 -0.0001000000000000
669 669 1.0003000000000000
670 669 -0.0001000000000000
655 670 -0.0001000000000000
669 670 -0.0001000000000000
670 670 1.0003000000000000
671 670 -0.0001000000000000
656 671 -0.0001000000000000
670 671 -0.0001000000000000
671 671 1.0003000000000000
672 671 -0.0001000000000000
657 672 -0.0001000000000000
671 672 -0.0001000000000000
672 672 1.0003000000000000
673 672 -0.0001000000000000
658 673 -0.0001000000000000
672 673 -0.0001000000000000
673 673 1.0003000000000000
674 673 -0.0001000000000000
659 674 -0.0001000000000000
673 674 -0.0001000000000000
674 674 1.0003000000000000
675 674 -0.0001000000000000
660 675 -0.0001000000000000
674 675 -0.0001000000000000
675 675 1.0002000000000000
