153 153 2423
1 1 314313.9279129999922588
4 1 -86857.8705282000009902
5 1 56340.2403426000018953
7 1 -35149.5467140999971889
8 1 93732.1245708000060404
9 1 -35149.5467140999971889
10 1 -35149.5467140999971889
11 1 -93732.1245708000060404
12 1 35149.5467140999971889
13 1 -86857.8705282000009902
14 1 -56340.2403426000018953
16 1 -35149.5467140999971889
17 1 -93732.1245708000060404
18 1 -35149.5467140999971889
19 1 -35149.5467140999971889
20 1 93732.1245708000060404
21 1 35149.5467140999971889
2 2 1072899.3702799999155104
3 2 0.0000000004656613
4 2 56340.2403426000018953
5 2 -36545.0207627999989199
7 2 93732.1245708000060404
8 2 -249952.3321890000079293
9 2 93732.1245708000060404
10 2 -93732.1245708000060404
11 2 -249952.3321890000079293
12 2 93732.1245708000060404
13 2 -56340.2403426000018953
14 2 -36545.0207627999989199
16 2 -93732.1245708000060404
17 2 -249952.3321890000079293
18 2 -93732.1245708000060404
19 2 93732.1245708000060404
20 2 -249952.3321890000079293
21 2 -93732.1245708000060404
2 3 0.0000000004656613
3 3 140598.1868559999857098
7 3 -35149.5467140999971889
8 3 93732.1245708000060404
9 3 -35149.5467140999971889
10 3 35149.5467140999971889
11 3 93732.1245708000060404
12 3 -35149.5467140999971889
16 3 -35149.5467140999971889
17 3 -93732.1245708000060404
18 3 -35149.5467140999971889
19 3 35149.5467140999971889
20 3 -93732.1245708000060404
21 3 -35149.5467140999971889
1 4 -86857.8705282000009902
2 4 56340.2403426000018953
4 4 569453.8052710000192747
5 4 -56340.2403426000018953
7 4 -241297.9673710000060964
9 4 77560.0609408000018448
19 4 -241297.9673710000060964
21 4 -77560.0609408000018448
1 5 56340.2403426000018953
2 5 -36545.0207627999989199
4 5 -56340.2403426000018953
5 5 36545.0207627999989199
6 6 49860.0391761999999289
7 6 77560.0609408000018448
9 6 -24930.0195880999999645
19 6 -77560.0609408000018448
21 6 -24930.0195880999999645
1 7 -35149.5467140999971889
2 7 93732.1245708000060404
3 7 -35149.5467140999971889
4 7 -241297.9673710000060964
6 7 77560.0609408000018448
7 7 830285.5957560000242665
8 7 11901.7258031000001210
9 7 -42410.5142266999973799
10 7 -435000.0000000000000000
25 7 -118838.0816710000071907
26 7 -105633.8503740000014659
1 8 93732.1245708000060404
2 8 -249952.3321890000079293
3 8 93732.1245708000060404
7 8 11901.7258031000001210
8 8 1609829.1773000000976026
9 8 11901.7258031000001210
23 8 -1172083.3333300000522286
25 8 -105633.8503740000014659
26 8 -93896.7558879999996861
32 8 -93896.7558879999996861
33 8 -105633.8503740000014659
1 9 -35149.5467140999971889
2 9 93732.1245708000060404
3 9 -35149.5467140999971889
4 9 77560.0609408000018448
6 9 -24930.0195880999999645
7 9 -42410.5142266999973799
8 9 11901.7258031000001210
9 9 560213.9442689999705181
21 9 -381296.2962960000149906
32 9 -105633.8503740000014659
33 9 -118838.0816710000071907
1 10 -35149.5467140999971889
2 10 -93732.1245708000060404
3 10 35149.5467140999971889
7 10 -435000.0000000000000000
10 10 965094.1941319999750704
11 10 -11901.7258031000001210
12 10 -92398.0841495000058785
13 10 -241297.9673710000060964
15 10 -77560.0609408000018448
19 10 -134808.5983760000090115
21 10 134808.5983760000090115
22 10 -118838.0816710000071907
23 10 105633.8503740000014659
1 11 -93732.1245708000060404
2 11 -249952.3321890000079293
3 11 93732.1245708000060404
10 11 -11901.7258031000001210
11 11 1609829.1773000000976026
12 11 11901.7258031000001210
22 11 105633.8503740000014659
23 11 -93896.7558879999996861
26 11 -1172083.3333300000522286
29 11 -93896.7558879999996861
30 11 -105633.8503740000014659
1 12 35149.5467140999971889
2 12 93732.1245708000060404
3 12 -35149.5467140999971889
10 12 -92398.0841495000058785
11 12 11901.7258031000001210
12 12 695022.5426450000377372
13 12 -77560.0609408000018448
15 12 -24930.0195880999999645
18 12 -381296.2962960000149906
19 12 134808.5983760000090115
21 12 -134808.5983760000090115
29 12 -105633.8503740000014659
30 12 -118838.0816710000071907
1 13 -86857.8705282000009902
2 13 -56340.2403426000018953
10 13 -241297.9673710000060964
12 13 -77560.0609408000018448
13 13 569453.8052710000192747
14 13 56340.2403426000018953
16 13 -241297.9673710000060964
18 13 77560.0609408000018448
1 14 -56340.2403426000018953
2 14 -36545.0207627999989199
13 14 56340.2403426000018953
14 14 36545.0207627999989199
10 15 -77560.0609408000018448
12 15 -24930.0195880999999645
15 15 49860.0391761999999289
16 15 77560.0609408000018448
18 15 -24930.0195880999999645
1 16 -35149.5467140999971889
2 16 -93732.1245708000060404
3 16 -35149.5467140999971889
13 16 -241297.9673710000060964
15 16 77560.0609408000018448
16 16 830285.5957560000242665
17 16 -11901.7258031000001210
18 16 -42410.5142266999973799
19 16 -435000.0000000000000000
31 16 -118838.0816710000071907
32 16 105633.8503740000014659
1 17 -93732.1245708000060404
2 17 -249952.3321890000079293
3 17 -93732.1245708000060404
16 17 -11901.7258031000001210
17 17 1609829.1773000000976026
18 17 -11901.7258031000001210
26 17 -93896.7558879999996861
27 17 105633.8503740000014659
29 17 -1172083.3333300000522286
31 17 105633.8503740000014659
32 17 -93896.7558879999996861
1 18 -35149.5467140999971889
2 18 -93732.1245708000060404
3 18 -35149.5467140999971889
12 18 -381296.2962960000149906
13 18 77560.0609408000018448
15 18 -24930.0195880999999645
16 18 -42410.5142266999973799
17 18 -11901.7258031000001210
18 18 560213.9442689999705181
26 18 105633.8503740000014659
27 18 -118838.0816710000071907
1 19 -35149.5467140999971889
2 19 93732.1245708000060404
3 19 35149.5467140999971889
4 19 -241297.9673710000060964
6 19 -77560.0609408000018448
10 19 -134808.5983760000090115
12 19 134808.5983760000090115
16 19 -435000.0000000000000000
19 19 965094.1941319999750704
20 19 11901.7258031000001210
21 19 -92398.0841495000058785
28 19 -118838.0816710000071907
29 19 -105633.8503740000014659
1 20 93732.1245708000060404
2 20 -249952.3321890000079293
3 20 -93732.1245708000060404
19 20 11901.7258031000001210
20 20 1609829.1773000000976026
21 20 -11901.7258031000001210
23 20 -93896.7558879999996861
24 20 105633.8503740000014659
28 20 -105633.8503740000014659
29 20 -93896.7558879999996861
32 20 -1172083.3333300000522286
1 21 35149.5467140999971889
2 21 -93732.1245708000060404
3 21 -35149.5467140999971889
4 21 -77560.0609408000018448
6 21 -24930.0195880999999645
9 21 -381296.2962960000149906
10 21 134808.5983760000090115
12 21 -134808.5983760000090115
19 21 -92398.0841495000058785
20 21 -11901.7258031000001210
21 21 695022.5426450000377372
23 21 105633.8503740000014659
24 21 -118838.0816710000071907
10 22 -118838.0816710000071907
11 22 105633.8503740000014659
22 22 291023.0142029999988154
23 22 -23709.7114940999999817
24 22 -13336.7127154000008886
34 22 -53346.8508616999970400
35 22 23709.7114940999999817
36 22 13336.7127154000008886
40 22 -118838.0816710000071907
41 22 -105633.8503740000014659
8 23 -1172083.3333300000522286
10 23 105633.8503740000014659
11 23 -93896.7558879999996861
20 23 -93896.7558879999996861
21 23 105633.8503740000014659
22 23 -23709.7114940999999817
23 23 2730291.3397699999623001
24 23 5927.4278735199995936
34 23 23709.7114940999999817
35 23 -10537.6495529000003444
36 23 -5927.4278735199995936
38 23 -1172083.3333300000522286
40 23 -105633.8503740000014659
41 23 -93896.7558879999996861
50 23 -93896.7558879999996861
51 23 -105633.8503740000014659
20 24 105633.8503740000014659
21 24 -118838.0816710000071907
22 24 -13336.7127154000008886
23 24 5927.4278735199995936
24 24 241010.3415199999872129
34 24 13336.7127154000008886
35 24 -5927.4278735199995936
36 24 -3334.1781788600001164
50 24 -105633.8503740000014659
51 24 -118838.0816710000071907
7 25 -118838.0816710000071907
8 25 -105633.8503740000014659
25 25 291023.0142029999988154
26 25 23709.7114940999999817
27 25 13336.7127154000008886
37 25 -118838.0816710000071907
38 25 105633.8503740000014659
43 25 -53346.8508616999970400
44 25 -23709.7114940999999817
45 25 -13336.7127154000008886
7 26 -105633.8503740000014659
8 26 -93896.7558879999996861
11 26 -1172083.3333300000522286
17 26 -93896.7558879999996861
18 26 105633.8503740000014659
25 26 23709.7114940999999817
26 26 2730291.3397699999623001
27 26 5927.4278735199995936
37 26 105633.8503740000014659
38 26 -93896.7558879999996861
41 26 -1172083.3333300000522286
43 26 -23709.7114940999999817
44 26 -10537.6495529000003444
45 26 -5927.4278735199995936
47 26 -93896.7558879999996861
48 26 -105633.8503740000014659
17 27 105633.8503740000014659
18 27 -118838.0816710000071907
25 27 13336.7127154000008886
26 27 5927.4278735199995936
27 27 241010.3415199999872129
43 27 -13336.7127154000008886
44 27 -5927.4278735199995936
45 27 -3334.1781788600001164
47 27 -105633.8503740000014659
48 27 -118838.0816710000071907
19 28 -118838.0816710000071907
20 28 -105633.8503740000014659
28 28 291023.0142029999988154
29 28 23709.7114940999999817
30 28 -13336.7127154000008886
43 28 -53346.8508616999970400
44 28 -23709.7114940999999817
45 28 13336.7127154000008886
49 28 -118838.0816710000071907
50 28 105633.8503740000014659
11 29 -93896.7558879999996861
12 29 -105633.8503740000014659
17 29 -1172083.3333300000522286
19 29 -105633.8503740000014659
20 29 -93896.7558879999996861
28 29 23709.7114940999999817
29 29 2730291.3397699999623001
30 29 -5927.4278735199995936
41 29 -93896.7558879999996861
42 29 105633.8503740000014659
43 29 -23709.7114940999999817
44 29 -10537.6495529000003444
45 29 5927.4278735199995936
47 29 -1172083.3333300000522286
49 29 105633.8503740000014659
50 29 -93896.7558879999996861
11 30 -105633.8503740000014659
12 30 -118838.0816710000071907
28 30 -13336.7127154000008886
29 30 -5927.4278735199995936
30 30 241010.3415199999872129
41 30 105633.8503740000014659
42 30 -118838.0816710000071907
43 30 13336.7127154000008886
44 30 5927.4278735199995936
45 30 -3334.1781788600001164
16 31 -118838.0816710000071907
17 31 105633.8503740000014659
31 31 291023.0142029999988154
32 31 -23709.7114940999999817
33 31 13336.7127154000008886
34 31 -53346.8508616999970400
35 31 23709.7114940999999817
36 31 -13336.7127154000008886
46 31 -118838.0816710000071907
47 31 -105633.8503740000014659
8 32 -93896.7558879999996861
9 32 -105633.8503740000014659
16 32 105633.8503740000014659
17 32 -93896.7558879999996861
20 32 -1172083.3333300000522286
31 32 -23709.7114940999999817
32 32 2730291.3397699999623001
33 32 -5927.4278735199995936
34 32 23709.7114940999999817
35 32 -10537.6495529000003444
36 32 5927.4278735199995936
38 32 -93896.7558879999996861
39 32 105633.8503740000014659
46 32 -105633.8503740000014659
47 32 -93896.7558879999996861
50 32 -1172083.3333300000522286
8 33 -105633.8503740000014659
9 33 -118838.0816710000071907
31 33 13336.7127154000008886
32 33 -5927.4278735199995936
33 33 241010.3415199999872129
34 33 -13336.7127154000008886
35 33 5927.4278735199995936
36 33 -3334.1781788600001164
38 33 105633.8503740000014659
39 33 -118838.0816710000071907
22 34 -53346.8508616999970400
23 34 23709.7114940999999817
24 34 13336.7127154000008886
31 34 -53346.8508616999970400
32 34 23709.7114940999999817
33 34 -13336.7127154000008886
34 34 503881.4547240000101738
35 34 -47419.4229881999999634
37 34 -198593.8765000000130385
39 34 49648.4691250999967451
49 34 -198593.8765000000130385
51 34 -49648.4691250999967451
22 35 23709.7114940999999817
23 35 -10537.6495529000003444
24 35 -5927.4278735199995936
31 35 23709.7114940999999817
32 35 -10537.6495529000003444
33 35 5927.4278735199995936
34 35 -47419.4229881999999634
35 35 21075.2991059000014502
22 36 13336.7127154000008886
23 36 -5927.4278735199995936
24 36 -3334.1781788600001164
31 36 -13336.7127154000008886
32 36 5927.4278735199995936
33 36 -3334.1781788600001164
36 36 31492.5909203000010166
37 36 49648.4691250999967451
39 36 -12412.1172812999993766
49 36 -49648.4691250999967451
51 36 -12412.1172812999993766
25 37 -118838.0816710000071907
26 37 105633.8503740000014659
34 37 -198593.8765000000130385
36 37 49648.4691250999967451
37 37 934052.4226110000163317
38 37 55806.5624616999994032
39 37 -49648.4691250999967451
40 37 -435000.0000000000000000
55 37 -181620.4644400000106543
56 37 -161440.4128360000031535
23 38 -1172083.3333300000522286
25 38 105633.8503740000014659
26 38 -93896.7558879999996861
32 38 -93896.7558879999996861
33 38 105633.8503740000014659
37 38 55806.5624616999994032
38 38 2818965.3568199998699129
39 38 55806.5624616999994032
53 38 -1172083.3333300000522286
55 38 -161440.4128360000031535
56 38 -143502.5891870000050403
62 38 -143502.5891870000050403
63 38 -161440.4128360000031535
32 39 105633.8503740000014659
33 39 -118838.0816710000071907
34 39 49648.4691250999967451
36 39 -12412.1172812999993766
37 39 -49648.4691250999967451
38 39 55806.5624616999994032
39 39 694166.9596880000317469
51 39 -381296.2962960000149906
62 39 -161440.4128360000031535
63 39 -181620.4644400000106543
22 40 -118838.0816710000071907
23 40 -105633.8503740000014659
37 40 -435000.0000000000000000
40 40 1068861.0209900001063943
41 40 -55806.5624616999994032
42 40 -85160.1292511000065133
43 40 -198593.8765000000130385
45 40 -49648.4691250999967451
49 40 -134808.5983760000090115
51 40 134808.5983760000090115
52 40 -181620.4644400000106543
53 40 161440.4128360000031535
22 41 -105633.8503740000014659
23 41 -93896.7558879999996861
26 41 -1172083.3333300000522286
29 41 -93896.7558879999996861
30 41 105633.8503740000014659
40 41 -55806.5624616999994032
41 41 2818965.3568199998699129
42 41 55806.5624616999994032
52 41 161440.4128360000031535
53 41 -143502.5891870000050403
56 41 -1172083.3333300000522286
59 41 -143502.5891870000050403
60 41 -161440.4128360000031535
29 42 105633.8503740000014659
30 42 -118838.0816710000071907
40 42 -85160.1292511000065133
41 42 55806.5624616999994032
42 42 828975.5580649999901652
43 42 -49648.4691250999967451
45 42 -12412.1172812999993766
48 42 -381296.2962960000149906
49 42 134808.5983760000090115
51 42 -134808.5983760000090115
59 42 -161440.4128360000031535
60 42 -181620.4644400000106543
25 43 -53346.8508616999970400
26 43 -23709.7114940999999817
27 43 -13336.7127154000008886
28 43 -53346.8508616999970400
29 43 -23709.7114940999999817
30 43 13336.7127154000008886
40 43 -198593.8765000000130385
42 43 -49648.4691250999967451
43 43 503881.4547240000101738
44 43 47419.4229881999999634
46 43 -198593.8765000000130385
48 43 49648.4691250999967451
25 44 -23709.7114940999999817
26 44 -10537.6495529000003444
27 44 -5927.4278735199995936
28 44 -23709.7114940999999817
29 44 -10537.6495529000003444
30 44 5927.4278735199995936
43 44 47419.4229881999999634
44 44 21075.2991059000014502
25 45 -13336.7127154000008886
26 45 -5927.4278735199995936
27 45 -3334.1781788600001164
28 45 13336.7127154000008886
29 45 5927.4278735199995936
30 45 -3334.1781788600001164
40 45 -49648.4691250999967451
42 45 -12412.1172812999993766
45 45 31492.5909203000010166
46 45 49648.4691250999967451
48 45 -12412.1172812999993766
31 46 -118838.0816710000071907
32 46 -105633.8503740000014659
43 46 -198593.8765000000130385
45 46 49648.4691250999967451
46 46 934052.4226110000163317
47 46 -55806.5624616999994032
48 46 -49648.4691250999967451
49 46 -435000.0000000000000000
61 46 -181620.4644400000106543
62 46 161440.4128360000031535
26 47 -93896.7558879999996861
27 47 -105633.8503740000014659
29 47 -1172083.3333300000522286
31 47 -105633.8503740000014659
32 47 -93896.7558879999996861
46 47 -55806.5624616999994032
47 47 2818965.3568199998699129
48 47 -55806.5624616999994032
56 47 -143502.5891870000050403
57 47 161440.4128360000031535
59 47 -1172083.3333300000522286
61 47 161440.4128360000031535
62 47 -143502.5891870000050403
26 48 -105633.8503740000014659
27 48 -118838.0816710000071907
42 48 -381296.2962960000149906
43 48 49648.4691250999967451
45 48 -12412.1172812999993766
46 48 -49648.4691250999967451
47 48 -55806.5624616999994032
48 48 694166.9596880000317469
56 48 161440.4128360000031535
57 48 -181620.4644400000106543
28 49 -118838.0816710000071907
29 49 105633.8503740000014659
34 49 -198593.8765000000130385
36 49 -49648.4691250999967451
40 49 -134808.5983760000090115
42 49 134808.5983760000090115
46 49 -435000.0000000000000000
49 49 1068861.0209900001063943
50 49 55806.5624616999994032
51 49 -85160.1292511000065133
58 49 -181620.4644400000106543
59 49 -161440.4128360000031535
23 50 -93896.7558879999996861
24 50 -105633.8503740000014659
28 50 105633.8503740000014659
29 50 -93896.7558879999996861
32 50 -1172083.3333300000522286
49 50 55806.5624616999994032
50 50 2818965.3568199998699129
51 50 -55806.5624616999994032
53 50 -143502.5891870000050403
54 50 161440.4128360000031535
58 50 -161440.4128360000031535
59 50 -143502.5891870000050403
62 50 -1172083.3333300000522286
23 51 -105633.8503740000014659
24 51 -118838.0816710000071907
34 51 -49648.4691250999967451
36 51 -12412.1172812999993766
39 51 -381296.2962960000149906
40 51 134808.5983760000090115
42 51 -134808.5983760000090115
49 51 -85160.1292511000065133
50 51 -55806.5624616999994032
51 51 828975.5580649999901652
53 51 161440.4128360000031535
54 51 -181620.4644400000106543
40 52 -181620.4644400000106543
41 52 161440.4128360000031535
52 52 419981.1085769999772310
53 52 -32422.9598265999993600
54 52 -18237.9149025000006077
64 52 -56740.1796965999965323
65 52 32422.9598265999993600
66 52 18237.9149025000006077
70 52 -181620.4644400000106543
71 52 -161440.4128360000031535
38 53 -1172083.3333300000522286
40 53 161440.4128360000031535
41 53 -143502.5891870000050403
50 53 -143502.5891870000050403
51 53 161440.4128360000031535
52 53 -32422.9598265999993600
53 53 2936704.4290300002321601
54 53 10421.6656586000008247
64 53 32422.9598265999993600
65 53 -18527.4056152000011934
66 53 -10421.6656586000008247
68 53 -1172083.3333300000522286
70 53 -161440.4128360000031535
71 53 -143502.5891870000050403
80 53 -143502.5891870000050403
81 53 -161440.4128360000031535
50 54 161440.4128360000031535
51 54 -181620.4644400000106543
52 54 -18237.9149025000006077
53 54 10421.6656586000008247
54 54 369103.1158130000112578
64 54 18237.9149025000006077
65 54 -10421.6656586000008247
66 54 -5862.1869329399996786
80 54 -161440.4128360000031535
81 54 -181620.4644400000106543
37 55 -181620.4644400000106543
38 55 -161440.4128360000031535
55 55 419981.1085769999772310
56 55 32422.9598265999993600
57 55 18237.9149025000006077
67 55 -181620.4644400000106543
68 55 161440.4128360000031535
73 55 -56740.1796965999965323
74 55 -32422.9598265999993600
75 55 -18237.9149025000006077
37 56 -161440.4128360000031535
38 56 -143502.5891870000050403
41 56 -1172083.3333300000522286
47 56 -143502.5891870000050403
48 56 161440.4128360000031535
55 56 32422.9598265999993600
56 56 2936704.4290300002321601
57 56 10421.6656586000008247
67 56 161440.4128360000031535
68 56 -143502.5891870000050403
71 56 -1172083.3333300000522286
73 56 -32422.9598265999993600
74 56 -18527.4056152000011934
75 56 -10421.6656586000008247
77 56 -143502.5891870000050403
78 56 -161440.4128360000031535
47 57 161440.4128360000031535
48 57 -181620.4644400000106543
55 57 18237.9149025000006077
56 57 10421.6656586000008247
57 57 369103.1158130000112578
73 57 -18237.9149025000006077
74 57 -10421.6656586000008247
75 57 -5862.1869329399996786
77 57 -161440.4128360000031535
78 57 -181620.4644400000106543
49 58 -181620.4644400000106543
50 58 -161440.4128360000031535
58 58 419981.1085769999772310
59 58 32422.9598265999993600
60 58 -18237.9149025000006077
73 58 -56740.1796965999965323
74 58 -32422.9598265999993600
75 58 18237.9149025000006077
79 58 -181620.4644400000106543
80 58 161440.4128360000031535
41 59 -143502.5891870000050403
42 59 -161440.4128360000031535
47 59 -1172083.3333300000522286
49 59 -161440.4128360000031535
50 59 -143502.5891870000050403
58 59 32422.9598265999993600
59 59 2936704.4290300002321601
60 59 -10421.6656586000008247
71 59 -143502.5891870000050403
72 59 161440.4128360000031535
73 59 -32422.9598265999993600
74 59 -18527.4056152000011934
75 59 10421.6656586000008247
77 59 -1172083.3333300000522286
79 59 161440.4128360000031535
80 59 -143502.5891870000050403
41 60 -161440.4128360000031535
42 60 -181620.4644400000106543
58 60 -18237.9149025000006077
59 60 -10421.6656586000008247
60 60 369103.1158130000112578
71 60 161440.4128360000031535
72 60 -181620.4644400000106543
73 60 18237.9149025000006077
74 60 10421.6656586000008247
75 60 -5862.1869329399996786
46 61 -181620.4644400000106543
47 61 161440.4128360000031535
61 61 419981.1085769999772310
62 61 -32422.9598265999993600
63 61 18237.9149025000006077
64 61 -56740.1796965999965323
65 61 32422.9598265999993600
66 61 -18237.9149025000006077
76 61 -181620.4644400000106543
77 61 -161440.4128360000031535
38 62 -143502.5891870000050403
39 62 -161440.4128360000031535
46 62 161440.4128360000031535
47 62 -143502.5891870000050403
50 62 -1172083.3333300000522286
61 62 -32422.9598265999993600
62 62 2936704.4290300002321601
63 62 -10421.6656586000008247
64 62 32422.9598265999993600
65 62 -18527.4056152000011934
66 62 10421.6656586000008247
68 62 -143502.5891870000050403
69 62 161440.4128360000031535
76 62 -161440.4128360000031535
77 62 -143502.5891870000050403
80 62 -1172083.3333300000522286
38 63 -161440.4128360000031535
39 63 -181620.4644400000106543
61 63 18237.9149025000006077
62 63 -10421.6656586000008247
63 63 369103.1158130000112578
64 63 -18237.9149025000006077
65 63 10421.6656586000008247
66 63 -5862.1869329399996786
68 63 161440.4128360000031535
69 63 -181620.4644400000106543
52 64 -56740.1796965999965323
53 64 32422.9598265999993600
54 64 18237.9149025000006077
61 64 -56740.1796965999965323
62 64 32422.9598265999993600
63 64 -18237.9149025000006077
64 64 596076.2941359999822453
65 64 -64845.9196532999994815
67 64 -241297.9673710000060964
69 64 77560.0609408000018448
79 64 -241297.9673710000060964
81 64 -77560.0609408000018448
52 65 32422.9598265999993600
53 65 -18527.4056152000011934
54 65 -10421.6656586000008247
61 65 32422.9598265999993600
62 65 -18527.4056152000011934
63 65 10421.6656586000008247
64 65 -64845.9196532999994815
65 65 37054.8112305000031483
52 66 18237.9149025000006077
53 66 -10421.6656586000008247
54 66 -5862.1869329399996786
61 66 -18237.9149025000006077
62 66 10421.6656586000008247
63 66 -5862.1869329399996786
66 66 61584.4130421000008937
67 66 77560.0609408000018448
69 66 -24930.0195880999999645
79 66 -77560.0609408000018448
81 66 -24930.0195880999999645
55 67 -181620.4644400000106543
56 67 161440.4128360000031535
64 67 -241297.9673710000060964
66 67 77560.0609408000018448
67 67 992141.1956530000315979
68 67 -231242.3714479999907780
69 67 -86142.2883900000015274
70 67 -435000.0000000000000000
82 67 -21563.5189490000011574
83 67 176152.6900059999898076
84 67 -21563.5189490000011574
85 67 -110605.1681229999958305
86 67 -123130.5134569999936502
87 67 15072.8731991000004200
91 67 -2054.0767699299999549
92 67 16779.7820642000006046
93 67 15072.8731991000004200
53 68 -1172083.3333300000522286
55 68 161440.4128360000031535
56 68 -143502.5891870000050403
62 68 -143502.5891870000050403
63 68 161440.4128360000031535
67 68 -231242.3714479999907780
68 68 3172230.8694199998863041
69 68 -231242.3714479999907780
82 68 176152.6900059999898076
83 68 -1438993.8056799999903888
84 68 176152.6900059999898076
85 68 -123130.5134569999936502
86 68 -137074.2760180000041146
87 68 16779.7820642000006046
91 68 16779.7820642000006046
92 68 -137074.2760180000041146
93 68 -123130.5134569999936502
62 69 161440.4128360000031535
63 69 -181620.4644400000106543
64 69 77560.0609408000018448
66 69 -24930.0195880999999645
67 69 -86142.2883900000015274
68 69 -231242.3714479999907780
69 69 722069.5441659999778494
81 69 -381296.2962960000149906
82 69 -21563.5189490000011574
83 69 176152.6900059999898076
84 69 -21563.5189490000011574
85 69 15072.8731991000004200
86 69 16779.7820642000006046
87 69 -2054.0767699299999549
91 69 15072.8731991000004200
92 69 -123130.5134569999936502
93 69 -110605.1681229999958305
52 70 -181620.4644400000106543
53 70 -161440.4128360000031535
67 70 -435000.0000000000000000
70 70 1126949.7940299999900162
71 70 231242.3714479999907780
72 70 -48666.3099862000017310
73 70 -241297.9673710000060964
75 70 -77560.0609408000018448
79 70 -134808.5983760000090115
81 70 134808.5983760000090115
82 70 -110605.1681229999958305
83 70 123130.5134569999936502
84 70 -15072.8731991000004200
85 70 -21563.5189490000011574
86 70 -176152.6900059999898076
87 70 21563.5189490000011574
88 70 -2054.0767699299999549
89 70 -16779.7820642000006046
90 70 -15072.8731991000004200
52 71 -161440.4128360000031535
53 71 -143502.5891870000050403
56 71 -1172083.3333300000522286
59 71 -143502.5891870000050403
60 71 161440.4128360000031535
70 71 231242.3714479999907780
71 71 3172230.8694199998863041
72 71 -231242.3714479999907780
82 71 123130.5134569999936502
83 71 -137074.2760180000041146
84 71 16779.7820642000006046
85 71 -176152.6900059999898076
86 71 -1438993.8056799999903888
87 71 176152.6900059999898076
88 71 -16779.7820642000006046
89 71 -137074.2760180000041146
90 71 -123130.5134569999936502
59 72 161440.4128360000031535
60 72 -181620.4644400000106543
70 72 -48666.3099862000017310
71 72 -231242.3714479999907780
72 72 856878.1425430000526831
73 72 -77560.0609408000018448
75 72 -24930.0195880999999645
78 72 -381296.2962960000149906
79 72 134808.5983760000090115
81 72 -134808.5983760000090115
82 72 -15072.8731991000004200
83 72 16779.7820642000006046
84 72 -2054.0767699299999549
85 72 21563.5189490000011574
86 72 176152.6900059999898076
87 72 -21563.5189490000011574
88 72 -15072.8731991000004200
89 72 -123130.5134569999936502
90 72 -110605.1681229999958305
55 73 -56740.1796965999965323
56 73 -32422.9598265999993600
57 73 -18237.9149025000006077
58 73 -56740.1796965999965323
59 73 -32422.9598265999993600
60 73 18237.9149025000006077
70 73 -241297.9673710000060964
72 73 -77560.0609408000018448
73 73 596076.2941359999822453
74 73 64845.9196532999994815
76 73 -241297.9673710000060964
78 73 77560.0609408000018448
55 74 -32422.9598265999993600
56 74 -18527.4056152000011934
57 74 -10421.6656586000008247
58 74 -32422.9598265999993600
59 74 -18527.4056152000011934
60 74 10421.6656586000008247
73 74 64845.9196532999994815
74 74 37054.8112305000031483
55 75 -18237.9149025000006077
56 75 -10421.6656586000008247
57 75 -5862.1869329399996786
58 75 18237.9149025000006077
59 75 10421.6656586000008247
60 75 -5862.1869329399996786
70 75 -77560.0609408000018448
72 75 -24930.0195880999999645
75 75 61584.4130421000008937
76 75 77560.0609408000018448
78 75 -24930.0195880999999645
61 76 -181620.4644400000106543
62 76 -161440.4128360000031535
73 76 -241297.9673710000060964
75 76 77560.0609408000018448
76 76 992141.1956530000315979
77 76 231242.3714479999907780
78 76 -86142.2883900000015274
79 76 -435000.0000000000000000
85 76 -2054.0767699299999549
86 76 -16779.7820642000006046
87 76 15072.8731991000004200
88 76 -21563.5189490000011574
89 76 -176152.6900059999898076
90 76 -21563.5189490000011574
91 76 -110605.1681229999958305
92 76 123130.5134569999936502
93 76 15072.8731991000004200
56 77 -143502.5891870000050403
57 77 -161440.4128360000031535
59 77 -1172083.3333300000522286
61 77 -161440.4128360000031535
62 77 -143502.5891870000050403
76 77 231242.3714479999907780
77 77 3172230.8694199998863041
78 77 231242.3714479999907780
85 77 -16779.7820642000006046
86 77 -137074.2760180000041146
87 77 123130.5134569999936502
88 77 -176152.6900059999898076
89 77 -1438993.8056799999903888
90 77 -176152.6900059999898076
91 77 123130.5134569999936502
92 77 -137074.2760180000041146
93 77 -16779.7820642000006046
56 78 -161440.4128360000031535
57 78 -181620.4644400000106543
72 78 -381296.2962960000149906
73 78 77560.0609408000018448
75 78 -24930.0195880999999645
76 78 -86142.2883900000015274
77 78 231242.3714479999907780
78 78 722069.5441659999778494
85 78 15072.8731991000004200
86 78 123130.5134569999936502
87 78 -110605.1681229999958305
88 78 -21563.5189490000011574
89 78 -176152.6900059999898076
90 78 -21563.5189490000011574
91 78 15072.8731991000004200
92 78 -16779.7820642000006046
93 78 -2054.0767699299999549
58 79 -181620.4644400000106543
59 79 161440.4128360000031535
64 79 -241297.9673710000060964
66 79 -77560.0609408000018448
70 79 -134808.5983760000090115
72 79 134808.5983760000090115
76 79 -435000.0000000000000000
79 79 1126949.7940299999900162
80 79 -231242.3714479999907780
81 79 -48666.3099862000017310
82 79 -2054.0767699299999549
83 79 16779.7820642000006046
84 79 -15072.8731991000004200
88 79 -110605.1681229999958305
89 79 -123130.5134569999936502
90 79 -15072.8731991000004200
91 79 -21563.5189490000011574
92 79 176152.6900059999898076
93 79 21563.5189490000011574
53 80 -143502.5891870000050403
54 80 -161440.4128360000031535
58 80 161440.4128360000031535
59 80 -143502.5891870000050403
62 80 -1172083.3333300000522286
79 80 -231242.3714479999907780
80 80 3172230.8694199998863041
81 80 231242.3714479999907780
82 80 16779.7820642000006046
83 80 -137074.2760180000041146
84 80 123130.5134569999936502
88 80 -123130.5134569999936502
89 80 -137074.2760180000041146
90 80 -16779.7820642000006046
91 80 176152.6900059999898076
92 80 -1438993.8056799999903888
93 80 -176152.6900059999898076
53 81 -161440.4128360000031535
54 81 -181620.4644400000106543
64 81 -77560.0609408000018448
66 81 -24930.0195880999999645
69 81 -381296.2962960000149906
70 81 134808.5983760000090115
72 81 -134808.5983760000090115
79 81 -48666.3099862000017310
80 81 231242.3714479999907780
81 81 856878.1425430000526831
82 81 -15072.8731991000004200
83 81 123130.5134569999936502
84 81 -110605.1681229999958305
88 81 -15072.8731991000004200
89 81 -16779.7820642000006046
90 81 -2054.0767699299999549
91 81 21563.5189490000011574
92 81 -176152.6900059999898076
93 81 -21563.5189490000011574
67 82 -21563.5189490000011574
68 82 176152.6900059999898076
69 82 -21563.5189490000011574
70 82 -110605.1681229999958305
71 82 123130.5134569999936502
72 82 -15072.8731991000004200
79 82 -2054.0767699299999549
80 82 16779.7820642000006046
81 82 -15072.8731991000004200
82 82 262827.7305230000056326
83 82 -401631.4314119999762625
84 82 49337.0280450999998720
94 82 -20515.6374431000003824
95 82 170482.0576259999943431
96 82 -20515.6374431000003824
97 82 -106863.8095489999977872
98 82 -95097.5077439000015147
99 82 11443.9373725999994349
103 82 -1225.5196884699998918
104 82 10183.8960028000001330
105 82 11443.9373725999994349
67 83 176152.6900059999898076
68 83 -1438993.8056799999903888
69 83 176152.6900059999898076
70 83 123130.5134569999936502
71 83 -137074.2760180000041146
72 83 16779.7820642000006046
79 83 16779.7820642000006046
80 83 -137074.2760180000041146
81 83 123130.5134569999936502
82 83 -401631.4314119999762625
83 83 3299077.7278900002129376
84 83 -401631.4314119999762625
94 83 170482.0576259999943431
95 83 -1416681.8873099999036640
96 83 170482.0576259999943431
97 83 -95097.5077439000015147
98 83 -84626.7414313000044785
99 83 10183.8960028000001330
103 83 10183.8960028000001330
104 83 -84626.7414313000044785
105 83 -95097.5077439000015147
67 84 -21563.5189490000011574
68 84 176152.6900059999898076
69 84 -21563.5189490000011574
70 84 -15072.8731991000004200
71 84 16779.7820642000006046
72 84 -2054.0767699299999549
79 84 -15072.8731991000004200
80 84 123130.5134569999936502
81 84 -110605.1681229999958305
82 84 49337.0280450999998720
83 84 -401631.4314119999762625
84 84 262827.7305230000056326
94 84 -20515.6374431000003824
95 84 170482.0576259999943431
96 84 -20515.6374431000003824
97 84 11443.9373725999994349
98 84 10183.8960028000001330
99 84 -1225.5196884699998918
103 84 11443.9373725999994349
104 84 -95097.5077439000015147
105 84 -106863.8095489999977872
67 85 -110605.1681229999958305
68 85 -123130.5134569999936502
69 85 15072.8731991000004200
70 85 -21563.5189490000011574
71 85 -176152.6900059999898076
72 85 21563.5189490000011574
76 85 -2054.0767699299999549
77 85 -16779.7820642000006046
78 85 15072.8731991000004200
85 85 262827.7305230000056326
86 85 401631.4314119999762625
87 85 -49337.0280450999998720
94 85 -106863.8095489999977872
95 85 95097.5077439000015147
96 85 -11443.9373725999994349
97 85 -20515.6374431000003824
98 85 -170482.0576259999943431
99 85 20515.6374431000003824
100 85 -1225.5196884699998918
101 85 -10183.8960028000001330
102 85 -11443.9373725999994349
67 86 -123130.5134569999936502
68 86 -137074.2760180000041146
69 86 16779.7820642000006046
70 86 -176152.6900059999898076
71 86 -1438993.8056799999903888
72 86 176152.6900059999898076
76 86 -16779.7820642000006046
77 86 -137074.2760180000041146
78 86 123130.5134569999936502
85 86 401631.4314119999762625
86 86 3299077.7278900002129376
87 86 -401631.4314119999762625
94 86 95097.5077439000015147
95 86 -84626.7414313000044785
96 86 10183.8960028000001330
97 86 -170482.0576259999943431
98 86 -1416681.8873099999036640
99 86 170482.0576259999943431
100 86 -10183.8960028000001330
101 86 -84626.7414313000044785
102 86 -95097.5077439000015147
67 87 15072.8731991000004200
68 87 16779.7820642000006046
69 87 -2054.0767699299999549
70 87 21563.5189490000011574
71 87 176152.6900059999898076
72 87 -21563.5189490000011574
76 87 15072.8731991000004200
77 87 123130.5134569999936502
78 87 -110605.1681229999958305
85 87 -49337.0280450999998720
86 87 -401631.4314119999762625
87 87 262827.7305230000056326
94 87 -11443.9373725999994349
95 87 10183.8960028000001330
96 87 -1225.5196884699998918
97 87 20515.6374431000003824
98 87 170482.0576259999943431
99 87 -20515.6374431000003824
100 87 -11443.9373725999994349
101 87 -95097.5077439000015147
102 87 -106863.8095489999977872
70 88 -2054.0767699299999549
71 88 -16779.7820642000006046
72 88 -15072.8731991000004200
76 88 -21563.5189490000011574
77 88 -176152.6900059999898076
78 88 -21563.5189490000011574
79 88 -110605.1681229999958305
80 88 -123130.5134569999936502
81 88 -15072.8731991000004200
88 88 262827.7305230000056326
89 88 401631.4314119999762625
90 88 49337.0280450999998720
97 88 -1225.5196884699998918
98 88 -10183.8960028000001330
99 88 11443.9373725999994349
100 88 -20515.6374431000003824
101 88 -170482.0576259999943431
102 88 -20515.6374431000003824
103 88 -106863.8095489999977872
104 88 95097.5077439000015147
105 88 11443.9373725999994349
70 89 -16779.7820642000006046
71 89 -137074.2760180000041146
72 89 -123130.5134569999936502
76 89 -176152.6900059999898076
77 89 -1438993.8056799999903888
78 89 -176152.6900059999898076
79 89 -123130.5134569999936502
80 89 -137074.2760180000041146
81 89 -16779.7820642000006046
88 89 401631.4314119999762625
89 89 3299077.7278900002129376
90 89 401631.4314119999762625
97 89 -10183.8960028000001330
98 89 -84626.7414313000044785
99 89 95097.5077439000015147
100 89 -170482.0576259999943431
101 89 -1416681.8873099999036640
102 89 -170482.0576259999943431
103 89 95097.5077439000015147
104 89 -84626.7414313000044785
105 89 -10183.8960028000001330
70 90 -15072.8731991000004200
71 90 -123130.5134569999936502
72 90 -110605.1681229999958305
76 90 -21563.5189490000011574
77 90 -176152.6900059999898076
78 90 -21563.5189490000011574
79 90 -15072.8731991000004200
80 90 -16779.7820642000006046
81 90 -2054.0767699299999549
88 90 49337.0280450999998720
89 90 401631.4314119999762625
90 90 262827.7305230000056326
97 90 11443.9373725999994349
98 90 95097.5077439000015147
99 90 -106863.8095489999977872
100 90 -20515.6374431000003824
101 90 -170482.0576259999943431
102 90 -20515.6374431000003824
103 90 11443.9373725999994349
104 90 -10183.8960028000001330
105 90 -1225.5196884699998918
67 91 -2054.0767699299999549
68 91 16779.7820642000006046
69 91 15072.8731991000004200
76 91 -110605.1681229999958305
77 91 123130.5134569999936502
78 91 15072.8731991000004200
79 91 -21563.5189490000011574
80 91 176152.6900059999898076
81 91 21563.5189490000011574
91 91 262827.7305230000056326
92 91 -401631.4314119999762625
93 91 -49337.0280450999998720
94 91 -1225.5196884699998918
95 91 10183.8960028000001330
96 91 -11443.9373725999994349
100 91 -106863.8095489999977872
101 91 -95097.5077439000015147
102 91 -11443.9373725999994349
103 91 -20515.6374431000003824
104 91 170482.0576259999943431
105 91 20515.6374431000003824
67 92 16779.7820642000006046
68 92 -137074.2760180000041146
69 92 -123130.5134569999936502
76 92 123130.5134569999936502
77 92 -137074.2760180000041146
78 92 -16779.7820642000006046
79 92 176152.6900059999898076
80 92 -1438993.8056799999903888
81 92 -176152.6900059999898076
91 92 -401631.4314119999762625
92 92 3299077.7278900002129376
93 92 401631.4314119999762625
94 92 10183.8960028000001330
95 92 -84626.7414313000044785
96 92 95097.5077439000015147
100 92 -95097.5077439000015147
101 92 -84626.7414313000044785
102 92 -10183.8960028000001330
103 92 170482.0576259999943431
104 92 -1416681.8873099999036640
105 92 -170482.0576259999943431
67 93 15072.8731991000004200
68 93 -123130.5134569999936502
69 93 -110605.1681229999958305
76 93 15072.8731991000004200
77 93 -16779.7820642000006046
78 93 -2054.0767699299999549
79 93 21563.5189490000011574
80 93 -176152.6900059999898076
81 93 -21563.5189490000011574
91 93 -49337.0280450999998720
92 93 401631.4314119999762625
93 93 262827.7305230000056326
94 93 -11443.9373725999994349
95 93 95097.5077439000015147
96 93 -106863.8095489999977872
100 93 -11443.9373725999994349
101 93 -10183.8960028000001330
102 93 -1225.5196884699998918
103 93 20515.6374431000003824
104 93 -170482.0576259999943431
105 93 -20515.6374431000003824
82 94 -20515.6374431000003824
83 94 170482.0576259999943431
84 94 -20515.6374431000003824
85 94 -106863.8095489999977872
86 94 95097.5077439000015147
87 94 -11443.9373725999994349
91 94 -1225.5196884699998918
92 94 10183.8960028000001330
93 94 -11443.9373725999994349
94 94 264605.0956940000178292
95 94 -380157.0802109999931417
96 94 45371.4715040000010049
106 94 -22147.7914874000016425
107 94 178412.7647590000124183
108 94 -22147.7914874000016425
109 94 -112951.0050719999999274
110 94 -81279.8795800999942003
111 94 10089.9160857999995642
115 94 -901.3324543149999499
116 94 7260.7336597599996821
117 94 10089.9160857999995642
82 95 170482.0576259999943431
83 95 -1416681.8873099999036640
84 95 170482.0576259999943431
85 95 95097.5077439000015147
86 95 -84626.7414313000044785
87 95 10183.8960028000001330
91 95 10183.8960028000001330
92 95 -84626.7414313000044785
93 95 95097.5077439000015147
94 95 -380157.0802109999931417
95 95 3140127.7952600000426173
96 95 -380157.0802109999931417
106 95 178412.7647590000124183
107 95 -1437213.9383400001097471
108 95 178412.7647590000124183
109 95 -81279.8795800999942003
110 95 -58489.2433702999987872
111 95 7260.7336597599996821
115 95 7260.7336597599996821
116 95 -58489.2433702999987872
117 95 -81279.8795800999942003
82 96 -20515.6374431000003824
83 96 170482.0576259999943431
84 96 -20515.6374431000003824
85 96 -11443.9373725999994349
86 96 10183.8960028000001330
87 96 -1225.5196884699998918
91 96 -11443.9373725999994349
92 96 95097.5077439000015147
93 96 -106863.8095489999977872
94 96 45371.4715040000010049
95 96 -380157.0802109999931417
96 96 264605.0956940000178292
106 96 -22147.7914874000016425
107 96 178412.7647590000124183
108 96 -22147.7914874000016425
109 96 10089.9160857999995642
110 96 7260.7336597599996821
111 96 -901.3324543149999499
115 96 10089.9160857999995642
116 96 -81279.8795800999942003
117 96 -112951.0050719999999274
82 97 -106863.8095489999977872
83 97 -95097.5077439000015147
84 97 11443.9373725999994349
85 97 -20515.6374431000003824
86 97 -170482.0576259999943431
87 97 20515.6374431000003824
88 97 -1225.5196884699998918
89 97 -10183.8960028000001330
90 97 11443.9373725999994349
97 97 264605.0956940000178292
98 97 380157.0802109999931417
99 97 -45371.4715040000010049
106 97 -112951.0050719999999274
107 97 81279.8795800999942003
108 97 -10089.9160857999995642
109 97 -22147.7914874000016425
110 97 -178412.7647590000124183
111 97 22147.7914874000016425
112 97 -901.3324543149999499
113 97 -7260.7336597599996821
114 97 -10089.9160857999995642
82 98 -95097.5077439000015147
83 98 -84626.7414313000044785
84 98 10183.8960028000001330
85 98 -170482.0576259999943431
86 98 -1416681.8873099999036640
87 98 170482.0576259999943431
88 98 -10183.8960028000001330
89 98 -84626.7414313000044785
90 98 95097.5077439000015147
97 98 380157.0802109999931417
98 98 3140127.7952600000426173
99 98 -380157.0802109999931417
106 98 81279.8795800999942003
107 98 -58489.2433702999987872
108 98 7260.7336597599996821
109 98 -178412.7647590000124183
110 98 -1437213.9383400001097471
111 98 178412.7647590000124183
112 98 -7260.7336597599996821
113 98 -58489.2433702999987872
114 98 -81279.8795800999942003
82 99 11443.9373725999994349
83 99 10183.8960028000001330
84 99 -1225.5196884699998918
85 99 20515.6374431000003824
86 99 170482.0576259999943431
87 99 -20515.6374431000003824
88 99 11443.9373725999994349
89 99 95097.5077439000015147
90 99 -106863.8095489999977872
97 99 -45371.4715040000010049
98 99 -380157.0802109999931417
99 99 264605.0956940000178292
106 99 -10089.9160857999995642
107 99 7260.7336597599996821
108 99 -901.3324543149999499
109 99 22147.7914874000016425
110 99 178412.7647590000124183
111 99 -22147.7914874000016425
112 99 -10089.9160857999995642
113 99 -81279.8795800999942003
114 99 -112951.0050719999999274
85 100 -1225.5196884699998918
86 100 -10183.8960028000001330
87 100 -11443.9373725999994349
88 100 -20515.6374431000003824
89 100 -170482.0576259999943431
90 100 -20515.6374431000003824
91 100 -106863.8095489999977872
92 100 -95097.5077439000015147
93 100 -11443.9373725999994349
100 100 264605.0956940000178292
101 100 380157.0802109999931417
102 100 45371.4715040000010049
109 100 -901.3324543149999499
110 100 -7260.7336597599996821
111 100 10089.9160857999995642
112 100 -22147.7914874000016425
113 100 -178412.7647590000124183
114 100 -22147.7914874000016425
115 100 -112951.0050719999999274
116 100 81279.8795800999942003
117 100 10089.9160857999995642
85 101 -10183.8960028000001330
86 101 -84626.7414313000044785
87 101 -95097.5077439000015147
88 101 -170482.0576259999943431
89 101 -1416681.8873099999036640
90 101 -170482.0576259999943431
91 101 -95097.5077439000015147
92 101 -84626.7414313000044785
93 101 -10183.8960028000001330
100 101 380157.0802109999931417
101 101 3140127.7952600000426173
102 101 380157.0802109999931417
109 101 -7260.7336597599996821
110 101 -58489.2433702999987872
111 101 81279.8795800999942003
112 101 -178412.7647590000124183
113 101 -1437213.9383400001097471
114 101 -178412.7647590000124183
115 101 81279.8795800999942003
116 101 -58489.2433702999987872
117 101 -7260.7336597599996821
85 102 -11443.9373725999994349
86 102 -95097.5077439000015147
87 102 -106863.8095489999977872
88 102 -20515.6374431000003824
89 102 -170482.0576259999943431
90 102 -20515.6374431000003824
91 102 -11443.9373725999994349
92 102 -10183.8960028000001330
93 102 -1225.5196884699998918
100 102 45371.4715040000010049
101 102 380157.0802109999931417
102 102 264605.0956940000178292
109 102 10089.9160857999995642
110 102 81279.8795800999942003
111 102 -112951.0050719999999274
112 102 -22147.7914874000016425
113 102 -178412.7647590000124183
114 102 -22147.7914874000016425
115 102 10089.9160857999995642
116 102 -7260.7336597599996821
117 102 -901.3324543149999499
82 103 -1225.5196884699998918
83 103 10183.8960028000001330
84 103 11443.9373725999994349
88 103 -106863.8095489999977872
89 103 95097.5077439000015147
90 103 11443.9373725999994349
91 103 -20515.6374431000003824
92 103 170482.0576259999943431
93 103 20515.6374431000003824
103 103 264605.0956940000178292
104 103 -380157.0802109999931417
105 103 -45371.4715040000010049
106 103 -901.3324543149999499
107 103 7260.7336597599996821
108 103 -10089.9160857999995642
112 103 -112951.0050719999999274
113 103 -81279.8795800999942003
114 103 -10089.9160857999995642
115 103 -22147.7914874000016425
116 103 178412.7647590000124183
117 103 22147.7914874000016425
82 104 10183.8960028000001330
83 104 -84626.7414313000044785
84 104 -95097.5077439000015147
88 104 95097.5077439000015147
89 104 -84626.7414313000044785
90 104 -10183.8960028000001330
91 104 170482.0576259999943431
92 104 -1416681.8873099999036640
93 104 -170482.0576259999943431
103 104 -380157.0802109999931417
104 104 3140127.7952600000426173
105 104 380157.0802109999931417
106 104 7260.7336597599996821
107 104 -58489.2433702999987872
108 104 81279.8795800999942003
112 104 -81279.8795800999942003
113 104 -58489.2433702999987872
114 104 -7260.7336597599996821
115 104 178412.7647590000124183
116 104 -1437213.9383400001097471
117 104 -178412.7647590000124183
82 105 11443.9373725999994349
83 105 -95097.5077439000015147
84 105 -106863.8095489999977872
88 105 11443.9373725999994349
89 105 -10183.8960028000001330
90 105 -1225.5196884699998918
91 105 20515.6374431000003824
92 105 -170482.0576259999943431
93 105 -20515.6374431000003824
103 105 -45371.4715040000010049
104 105 380157.0802109999931417
105 105 264605.0956940000178292
106 105 -10089.9160857999995642
107 105 81279.8795800999942003
108 105 -112951.0050719999999274
112 105 -10089.9160857999995642
113 105 -7260.7336597599996821
114 105 -901.3324543149999499
115 105 22147.7914874000016425
116 105 -178412.7647590000124183
117 105 -22147.7914874000016425
94 106 -22147.7914874000016425
95 106 178412.7647590000124183
96 106 -22147.7914874000016425
97 106 -112951.0050719999999274
98 106 81279.8795800999942003
99 106 -10089.9160857999995642
103 106 -901.3324543149999499
104 106 7260.7336597599996821
105 106 -10089.9160857999995642
106 106 247903.7135370000032708
107 106 -349815.2538300000014715
108 106 43400.2725535999998101
118 106 -17592.7858255999999528
119 106 144881.7656220000062604
120 106 -17592.7858255999999528
121 106 -93581.7168499999970663
122 106 -68024.0932450999971479
123 106 8260.0684654699998646
127 106 -729.0818479389999993
128 106 6004.2034536199998911
129 106 8260.0684654699998646
94 107 178412.7647590000124183
95 107 -1437213.9383400001097471
96 107 178412.7647590000124183
97 107 81279.8795800999942003
98 107 -58489.2433702999987872
99 107 7260.7336597599996821
103 107 7260.7336597599996821
104 107 -58489.2433702999987872
105 107 81279.8795800999942003
106 107 -349815.2538300000014715
107 107 2846229.1400299998931587
108 107 -349815.2538300000014715
118 107 144881.7656220000062604
119 107 -1193143.9521800000220537
120 107 144881.7656220000062604
121 107 -68024.0932450999971479
122 107 -49446.3813826999976300
123 107 6004.2034536199998911
127 107 6004.2034536199998911
128 107 -49446.3813826999976300
129 107 -68024.0932450999971479
94 108 -22147.7914874000016425
95 108 178412.7647590000124183
96 108 -22147.7914874000016425
97 108 -10089.9160857999995642
98 108 7260.7336597599996821
99 108 -901.3324543149999499
103 108 -10089.9160857999995642
104 108 81279.8795800999942003
105 108 -112951.0050719999999274
106 108 43400.2725535999998101
107 108 -349815.2538300000014715
108 108 247903.7135370000032708
118 108 -17592.7858255999999528
119 108 144881.7656220000062604
120 108 -17592.7858255999999528
121 108 8260.0684654699998646
122 108 6004.2034536199998911
123 108 -729.0818479389999993
127 108 8260.0684654699998646
128 108 -68024.0932450999971479
129 108 -93581.7168499999970663
94 109 -112951.0050719999999274
95 109 -81279.8795800999942003
96 109 10089.9160857999995642
97 109 -22147.7914874000016425
98 109 -178412.7647590000124183
99 109 22147.7914874000016425
100 109 -901.3324543149999499
101 109 -7260.7336597599996821
102 109 10089.9160857999995642
109 109 247903.7135370000032708
110 109 349815.2538300000014715
111 109 -43400.2725535999998101
118 109 -93581.7168499999970663
119 109 68024.0932450999971479
120 109 -8260.0684654699998646
121 109 -17592.7858255999999528
122 109 -144881.7656220000062604
123 109 17592.7858255999999528
124 109 -729.0818479389999993
125 109 -6004.2034536199998911
126 109 -8260.0684654699998646
94 110 -81279.8795800999942003
95 110 -58489.2433702999987872
96 110 7260.7336597599996821
97 110 -178412.7647590000124183
98 110 -1437213.9383400001097471
99 110 178412.7647590000124183
100 110 -7260.7336597599996821
101 110 -58489.2433702999987872
102 110 81279.8795800999942003
109 110 349815.2538300000014715
110 110 2846229.1400299998931587
111 110 -349815.2538300000014715
118 110 68024.0932450999971479
119 110 -49446.3813826999976300
120 110 6004.2034536199998911
121 110 -144881.7656220000062604
122 110 -1193143.9521800000220537
123 110 144881.7656220000062604
124 110 -6004.2034536199998911
125 110 -49446.3813826999976300
126 110 -68024.0932450999971479
94 111 10089.9160857999995642
95 111 7260.7336597599996821
96 111 -901.3324543149999499
97 111 22147.7914874000016425
98 111 178412.7647590000124183
99 111 -22147.7914874000016425
100 111 10089.9160857999995642
101 111 81279.8795800999942003
102 111 -112951.0050719999999274
109 111 -43400.2725535999998101
110 111 -349815.2538300000014715
111 111 247903.7135370000032708
118 111 -8260.0684654699998646
119 111 6004.2034536199998911
120 111 -729.0818479389999993
121 111 17592.7858255999999528
122 111 144881.7656220000062604
123 111 -17592.7858255999999528
124 111 -8260.0684654699998646
125 111 -68024.0932450999971479
126 111 -93581.7168499999970663
97 112 -901.3324543149999499
98 112 -7260.7336597599996821
99 112 -10089.9160857999995642
100 112 -22147.7914874000016425
101 112 -178412.7647590000124183
102 112 -22147.7914874000016425
103 112 -112951.0050719999999274
104 112 -81279.8795800999942003
105 112 -10089.9160857999995642
112 112 247903.7135370000032708
113 112 349815.2538300000014715
114 112 43400.2725535999998101
121 112 -729.0818479389999993
122 112 -6004.2034536199998911
123 112 8260.0684654699998646
124 112 -17592.7858255999999528
125 112 -144881.7656220000062604
126 112 -17592.7858255999999528
127 112 -93581.7168499999970663
128 112 68024.0932450999971479
129 112 8260.0684654699998646
97 113 -7260.7336597599996821
98 113 -58489.2433702999987872
99 113 -81279.8795800999942003
100 113 -178412.7647590000124183
101 113 -1437213.9383400001097471
102 113 -178412.7647590000124183
103 113 -81279.8795800999942003
104 113 -58489.2433702999987872
105 113 -7260.7336597599996821
112 113 349815.2538300000014715
113 113 2846229.1400299998931587
114 113 349815.2538300000014715
121 113 -6004.2034536199998911
122 113 -49446.3813826999976300
123 113 68024.0932450999971479
124 113 -144881.7656220000062604
125 113 -1193143.9521800000220537
126 113 -144881.7656220000062604
127 113 68024.0932450999971479
128 113 -49446.3813826999976300
129 113 -6004.2034536199998911
97 114 -10089.9160857999995642
98 114 -81279.8795800999942003
99 114 -112951.0050719999999274
100 114 -22147.7914874000016425
101 114 -178412.7647590000124183
102 114 -22147.7914874000016425
103 114 -10089.9160857999995642
104 114 -7260.7336597599996821
105 114 -901.3324543149999499
112 114 43400.2725535999998101
113 114 349815.2538300000014715
114 114 247903.7135370000032708
121 114 8260.0684654699998646
122 114 68024.0932450999971479
123 114 -93581.7168499999970663
124 114 -17592.7858255999999528
125 114 -144881.7656220000062604
126 114 -17592.7858255999999528
127 114 8260.0684654699998646
128 114 -6004.2034536199998911
129 114 -729.0818479389999993
94 115 -901.3324543149999499
95 115 7260.7336597599996821
96 115 10089.9160857999995642
100 115 -112951.0050719999999274
101 115 81279.8795800999942003
102 115 10089.9160857999995642
103 115 -22147.7914874000016425
104 115 178412.7647590000124183
105 115 22147.7914874000016425
115 115 247903.7135370000032708
116 115 -349815.2538300000014715
117 115 -43400.2725535999998101
118 115 -729.0818479389999993
119 115 6004.2034536199998911
120 115 -8260.0684654699998646
124 115 -93581.7168499999970663
125 115 -68024.0932450999971479
126 115 -8260.0684654699998646
127 115 -17592.7858255999999528
128 115 144881.7656220000062604
129 115 17592.7858255999999528
94 116 7260.7336597599996821
95 116 -58489.2433702999987872
96 116 -81279.8795800999942003
100 116 81279.8795800999942003
101 116 -58489.2433702999987872
102 116 -7260.7336597599996821
103 116 178412.7647590000124183
104 116 -1437213.9383400001097471
105 116 -178412.7647590000124183
115 116 -349815.2538300000014715
116 116 2846229.1400299998931587
117 116 349815.2538300000014715
118 116 6004.2034536199998911
119 116 -49446.3813826999976300
120 116 68024.0932450999971479
124 116 -68024.0932450999971479
125 116 -49446.3813826999976300
126 116 -6004.2034536199998911
127 116 144881.7656220000062604
128 116 -1193143.9521800000220537
129 116 -144881.7656220000062604
94 117 10089.9160857999995642
95 117 -81279.8795800999942003
96 117 -112951.0050719999999274
100 117 10089.9160857999995642
101 117 -7260.7336597599996821
102 117 -901.3324543149999499
103 117 22147.7914874000016425
104 117 -178412.7647590000124183
105 117 -22147.7914874000016425
115 117 -43400.2725535999998101
116 117 349815.2538300000014715
117 117 247903.7135370000032708
118 117 -8260.0684654699998646
119 117 68024.0932450999971479
120 117 -93581.7168499999970663
124 117 -8260.0684654699998646
125 117 -6004.2034536199998911
126 117 -729.0818479389999993
127 117 17592.7858255999999528
128 117 -144881.7656220000062604
129 117 -17592.7858255999999528
106 118 -17592.7858255999999528
107 118 144881.7656220000062604
108 118 -17592.7858255999999528
109 118 -93581.7168499999970663
110 118 68024.0932450999971479
111 118 -8260.0684654699998646
115 118 -729.0818479389999993
116 118 6004.2034536199998911
117 118 -8260.0684654699998646
118 118 234465.6575949999969453
119 118 -302695.5961349999997765
120 118 35771.9362059999984922
130 118 -17648.7014423000000534
131 118 144029.6324599999934435
132 118 -17648.7014423000000534
133 118 -104300.5509880000026897
134 118 -65245.2785912999970606
135 118 7994.8439963999999236
139 118 -612.8206411339999704
140 118 5001.1799448800002210
141 118 7994.8439963999999236
106 119 144881.7656220000062604
107 119 -1193143.9521800000220537
108 119 144881.7656220000062604
109 119 68024.0932450999971479
110 119 -49446.3813826999976300
111 119 6004.2034536199998911
115 119 6004.2034536199998911
116 119 -49446.3813826999976300
117 119 68024.0932450999971479
118 119 -302695.5961349999997765
119 119 2549079.4111399999819696
120 119 -302695.5961349999997765
130 119 144029.6324599999934435
131 119 -1175414.2419199999421835
132 119 144029.6324599999934435
133 119 -65245.2785912999970606
134 119 -40814.2271363999971072
135 119 5001.1799448800002210
139 119 5001.1799448800002210
140 119 -40814.2271363999971072
141 119 -65245.2785912999970606
106 120 -17592.7858255999999528
107 120 144881.7656220000062604
108 120 -17592.7858255999999528
109 120 -8260.0684654699998646
110 120 6004.2034536199998911
111 120 -729.0818479389999993
115 120 -8260.0684654699998646
116 120 68024.0932450999971479
117 120 -93581.7168499999970663
118 120 35771.9362059999984922
119 120 -302695.5961349999997765
120 120 234465.6575949999969453
130 120 -17648.7014423000000534
131 120 144029.6324599999934435
132 120 -17648.7014423000000534
133 120 7994.8439963999999236
134 120 5001.1799448800002210
135 120 -612.8206411339999704
139 120 7994.8439963999999236
140 120 -65245.2785912999970606
141 120 -104300.5509880000026897
106 121 -93581.7168499999970663
107 121 -68024.0932450999971479
108 121 8260.0684654699998646
109 121 -17592.7858255999999528
110 121 -144881.7656220000062604
111 121 17592.7858255999999528
112 121 -729.0818479389999993
113 121 -6004.2034536199998911
114 121 8260.0684654699998646
121 121 234465.6575949999969453
122 121 302695.5961349999997765
123 121 -35771.9362059999984922
130 121 -104300.5509880000026897
131 121 65245.2785912999970606
132 121 -7994.8439963999999236
133 121 -17648.7014423000000534
134 121 -144029.6324599999934435
135 121 17648.7014423000000534
136 121 -612.8206411339999704
137 121 -5001.1799448800002210
138 121 -7994.8439963999999236
106 122 -68024.0932450999971479
107 122 -49446.3813826999976300
108 122 6004.2034536199998911
109 122 -144881.7656220000062604
110 122 -1193143.9521800000220537
111 122 144881.7656220000062604
112 122 -6004.2034536199998911
113 122 -49446.3813826999976300
114 122 68024.0932450999971479
121 122 302695.5961349999997765
122 122 2549079.4111399999819696
123 122 -302695.5961349999997765
130 122 65245.2785912999970606
131 122 -40814.2271363999971072
132 122 5001.1799448800002210
133 122 -144029.6324599999934435
134 122 -1175414.2419199999421835
135 122 144029.6324599999934435
136 122 -5001.1799448800002210
137 122 -40814.2271363999971072
138 122 -65245.2785912999970606
106 123 8260.0684654699998646
107 123 6004.2034536199998911
108 123 -729.0818479389999993
109 123 17592.7858255999999528
110 123 144881.7656220000062604
111 123 -17592.7858255999999528
112 123 8260.0684654699998646
113 123 68024.0932450999971479
114 123 -93581.7168499999970663
121 123 -35771.9362059999984922
122 123 -302695.5961349999997765
123 123 234465.6575949999969453
130 123 -7994.8439963999999236
131 123 5001.1799448800002210
132 123 -612.8206411339999704
133 123 17648.7014423000000534
134 123 144029.6324599999934435
135 123 -17648.7014423000000534
136 123 -7994.8439963999999236
137 123 -65245.2785912999970606
138 123 -104300.5509880000026897
109 124 -729.0818479389999993
110 124 -6004.2034536199998911
111 124 -8260.0684654699998646
112 124 -17592.7858255999999528
113 124 -144881.7656220000062604
114 124 -17592.7858255999999528
115 124 -93581.7168499999970663
116 124 -68024.0932450999971479
117 124 -8260.0684654699998646
124 124 234465.6575949999969453
125 124 302695.5961349999997765
126 124 35771.9362059999984922
133 124 -612.8206411339999704
134 124 -5001.1799448800002210
135 124 7994.8439963999999236
136 124 -17648.7014423000000534
137 124 -144029.6324599999934435
138 124 -17648.7014423000000534
139 124 -104300.5509880000026897
140 124 65245.2785912999970606
141 124 7994.8439963999999236
109 125 -6004.2034536199998911
110 125 -49446.3813826999976300
111 125 -68024.0932450999971479
112 125 -144881.7656220000062604
113 125 -1193143.9521800000220537
114 125 -144881.7656220000062604
115 125 -68024.0932450999971479
116 125 -49446.3813826999976300
117 125 -6004.2034536199998911
124 125 302695.5961349999997765
125 125 2549079.4111399999819696
126 125 302695.5961349999997765
133 125 -5001.1799448800002210
134 125 -40814.2271363999971072
135 125 65245.2785912999970606
136 125 -144029.6324599999934435
137 125 -1175414.2419199999421835
138 125 -144029.6324599999934435
139 125 65245.2785912999970606
140 125 -40814.2271363999971072
141 125 -5001.1799448800002210
109 126 -8260.0684654699998646
110 126 -68024.0932450999971479
111 126 -93581.7168499999970663
112 126 -17592.7858255999999528
113 126 -144881.7656220000062604
114 126 -17592.7858255999999528
115 126 -8260.0684654699998646
116 126 -6004.2034536199998911
117 126 -729.0818479389999993
124 126 35771.9362059999984922
125 126 302695.5961349999997765
126 126 234465.6575949999969453
133 126 7994.8439963999999236
134 126 65245.2785912999970606
135 126 -104300.5509880000026897
136 126 -17648.7014423000000534
137 126 -144029.6324599999934435
138 126 -17648.7014423000000534
139 126 7994.8439963999999236
140 126 -5001.1799448800002210
141 126 -612.8206411339999704
106 127 -729.0818479389999993
107 127 6004.2034536199998911
108 127 8260.0684654699998646
112 127 -93581.7168499999970663
113 127 68024.0932450999971479
114 127 8260.0684654699998646
115 127 -17592.7858255999999528
116 127 144881.7656220000062604
117 127 17592.7858255999999528
127 127 234700.8833570000133477
128 127 -304620.6916010000277311
129 127 -39377.8866617000021506
136 127 -104300.5509880000026897
137 127 -65245.2785912999970606
138 127 -7994.8439963999999236
139 127 -17648.7014423000000534
140 127 144029.6324599999934435
141 127 17648.7014423000000534
142 127 -848.0464039400000047
143 127 6926.2754106700003831
144 127 -4388.8935407099997974
106 128 6004.2034536199998911
107 128 -49446.3813826999976300
108 128 -68024.0932450999971479
112 128 68024.0932450999971479
113 128 -49446.3813826999976300
114 128 -6004.2034536199998911
115 128 144881.7656220000062604
116 128 -1193143.9521800000220537
117 128 -144881.7656220000062604
127 128 -304620.6916010000277311
128 128 2564834.3656399999745190
129 128 332095.3298719999729656
136 128 -65245.2785912999970606
137 128 -40814.2271363999971072
138 128 -5001.1799448800002210
139 128 144029.6324599999934435
140 128 -1175414.2419199999421835
141 128 -144029.6324599999934435
142 128 6926.2754106700003831
143 128 -56569.1816409000020940
144 128 35845.5448544000028051
106 129 8260.0684654699998646
107 129 -68024.0932450999971479
108 129 -93581.7168499999970663
112 129 8260.0684654699998646
113 129 -6004.2034536199998911
114 129 -729.0818479389999993
115 129 17592.7858255999999528
116 129 -144881.7656220000062604
117 129 -17592.7858255999999528
127 129 -39377.8866617000021506
128 129 332095.3298719999729656
129 129 152878.9421030000085011
136 129 -7994.8439963999999236
137 129 -5001.1799448800002210
138 129 -612.8206411339999704
139 129 17648.7014423000000534
140 129 -144029.6324599999934435
141 129 -17648.7014423000000534
142 129 -4388.8935407099997974
143 129 35845.5448544000028051
144 129 -22713.8354954999995243
118 130 -17648.7014423000000534
119 130 144029.6324599999934435
120 130 -17648.7014423000000534
121 130 -104300.5509880000026897
122 130 65245.2785912999970606
123 130 -7994.8439963999999236
130 130 352133.3914900000090711
131 130 -256548.4962700000032783
132 130 53153.9762816000002204
133 130 -160188.2160389999917243
136 130 -26219.9476452999988396
138 130 -26219.9476452999988396
142 130 -9329.7109304700006760
143 130 76230.5649197000020649
144 130 -9329.7109304700006760
145 130 -33970.6391393000012613
146 130 -32843.1864694999967469
147 130 4019.6138664199997947
151 130 -475.6253059829999756
152 130 3886.2067683999998735
153 130 4019.6138664199997947
118 131 144029.6324599999934435
119 131 -1175414.2419199999421835
120 131 144029.6324599999934435
121 131 65245.2785912999970606
122 131 -40814.2271363999971072
123 131 5001.1799448800002210
130 131 -256548.4962700000032783
131 131 1902594.2686399999074638
132 131 -196304.3976240000047255
142 131 76230.5649197000020649
143 131 -622859.4938560000155121
144 131 76230.5649197000020649
145 131 -32843.1864694999967469
146 131 -31753.1528637000010349
147 131 3886.2067683999998735
151 131 3886.2067683999998735
152 131 -31753.1528637000010349
153 131 -32843.1864694999967469
118 132 -17648.7014423000000534
119 132 144029.6324599999934435
120 132 -17648.7014423000000534
121 132 -7994.8439963999999236
122 132 5001.1799448800002210
123 132 -612.8206411339999704
130 132 53153.9762816000002204
131 132 -196304.3976240000047255
132 132 248445.6611440000124276
136 132 -26219.9476452999988396
138 132 -26219.9476452999988396
141 132 -160188.2160389999917243
142 132 -9329.7109304700006760
143 132 76230.5649197000020649
144 132 -9329.7109304700006760
145 132 4019.6138664199997947
146 132 3886.2067683999998735
147 132 -475.6253059829999756
151 132 4019.6138664199997947
152 132 -32843.1864694999967469
153 132 -33970.6391393000012613
118 133 -104300.5509880000026897
119 133 -65245.2785912999970606
120 133 7994.8439963999999236
121 133 -17648.7014423000000534
122 133 -144029.6324599999934435
123 133 17648.7014423000000534
124 133 -612.8206411339999704
125 133 -5001.1799448800002210
126 133 7994.8439963999999236
130 133 -160188.2160389999917243
133 133 352746.2121310000075027
134 133 261549.6762150000140537
135 133 -61148.8202779999992345
139 133 -26219.9476452999988396
141 133 26219.9476452999988396
142 133 -33970.6391393000012613
143 133 32843.1864694999967469
144 133 -4019.6138664199997947
145 133 -9329.7109304700006760
146 133 -76230.5649197000020649
147 133 9329.7109304700006760
148 133 -475.6253059829999756
149 133 -3886.2067683999998735
150 133 -4019.6138664199997947
118 134 -65245.2785912999970606
119 134 -40814.2271363999971072
120 134 5001.1799448800002210
121 134 -144029.6324599999934435
122 134 -1175414.2419199999421835
123 134 144029.6324599999934435
124 134 -5001.1799448800002210
125 134 -40814.2271363999971072
126 134 65245.2785912999970606
133 134 261549.6762150000140537
134 134 1943408.4957699999213219
135 134 -261549.6762150000140537
142 134 32843.1864694999967469
143 134 -31753.1528637000010349
144 134 3886.2067683999998735
145 134 -76230.5649197000020649
146 134 -622859.4938560000155121
147 134 76230.5649197000020649
148 134 -3886.2067683999998735
149 134 -31753.1528637000010349
150 134 -32843.1864694999967469
118 135 7994.8439963999999236
119 135 5001.1799448800002210
120 135 -612.8206411339999704
121 135 17648.7014423000000534
122 135 144029.6324599999934435
123 135 -17648.7014423000000534
124 135 7994.8439963999999236
125 135 65245.2785912999970606
126 135 -104300.5509880000026897
133 135 -61148.8202779999992345
134 135 -261549.6762150000140537
135 135 352746.2121310000075027
138 135 -160188.2160389999917243
139 135 26219.9476452999988396
141 135 -26219.9476452999988396
142 135 -4019.6138664199997947
143 135 3886.2067683999998735
144 135 -475.6253059829999756
145 135 9329.7109304700006760
146 135 76230.5649197000020649
147 135 -9329.7109304700006760
148 135 -4019.6138664199997947
149 135 -32843.1864694999967469
150 135 -33970.6391393000012613
121 136 -612.8206411339999704
122 136 -5001.1799448800002210
123 136 -7994.8439963999999236
124 136 -17648.7014423000000534
125 136 -144029.6324599999934435
126 136 -17648.7014423000000534
127 136 -104300.5509880000026897
128 136 -65245.2785912999970606
129 136 -7994.8439963999999236
130 136 -26219.9476452999988396
132 136 -26219.9476452999988396
136 136 352746.2121310000075027
137 136 261549.6762150000140537
138 136 61148.8202779999992345
139 136 -160188.2160389999917243
145 136 -475.6253059829999756
146 136 -3886.2067683999998735
147 136 4019.6138664199997947
148 136 -9329.7109304700006760
149 136 -76230.5649197000020649
150 136 -9329.7109304700006760
151 136 -33970.6391393000012613
152 136 32843.1864694999967469
153 136 4019.6138664199997947
121 137 -5001.1799448800002210
122 137 -40814.2271363999971072
123 137 -65245.2785912999970606
124 137 -144029.6324599999934435
125 137 -1175414.2419199999421835
126 137 -144029.6324599999934435
127 137 -65245.2785912999970606
128 137 -40814.2271363999971072
129 137 -5001.1799448800002210
136 137 261549.6762150000140537
137 137 1943408.4957699999213219
138 137 261549.6762150000140537
145 137 -3886.2067683999998735
146 137 -31753.1528637000010349
147 137 32843.1864694999967469
148 137 -76230.5649197000020649
149 137 -622859.4938560000155121
150 137 -76230.5649197000020649
151 137 32843.1864694999967469
152 137 -31753.1528637000010349
153 137 -3886.2067683999998735
121 138 -7994.8439963999999236
122 138 -65245.2785912999970606
123 138 -104300.5509880000026897
124 138 -17648.7014423000000534
125 138 -144029.6324599999934435
126 138 -17648.7014423000000534
127 138 -7994.8439963999999236
128 138 -5001.1799448800002210
129 138 -612.8206411339999704
130 138 -26219.9476452999988396
132 138 -26219.9476452999988396
135 138 -160188.2160389999917243
136 138 61148.8202779999992345
137 138 261549.6762150000140537
138 138 352746.2121310000075027
145 138 4019.6138664199997947
146 138 32843.1864694999967469
147 138 -33970.6391393000012613
148 138 -9329.7109304700006760
149 138 -76230.5649197000020649
150 138 -9329.7109304700006760
151 138 4019.6138664199997947
152 138 -3886.2067683999998735
153 138 -475.6253059829999756
118 139 -612.8206411339999704
119 139 5001.1799448800002210
120 139 7994.8439963999999236
124 139 -104300.5509880000026897
125 139 65245.2785912999970606
126 139 7994.8439963999999236
127 139 -17648.7014423000000534
128 139 144029.6324599999934435
129 139 17648.7014423000000534
133 139 -26219.9476452999988396
135 139 26219.9476452999988396
136 139 -160188.2160389999917243
139 139 352746.2121310000075027
140 139 -261549.6762150000140537
141 139 -61148.8202779999992345
142 139 -475.6253059829999756
143 139 3886.2067683999998735
144 139 -4019.6138664199997947
148 139 -33970.6391393000012613
149 139 -32843.1864694999967469
150 139 -4019.6138664199997947
151 139 -9329.7109304700006760
152 139 76230.5649197000020649
153 139 9329.7109304700006760
118 140 5001.1799448800002210
119 140 -40814.2271363999971072
120 140 -65245.2785912999970606
124 140 65245.2785912999970606
125 140 -40814.2271363999971072
126 140 -5001.1799448800002210
127 140 144029.6324599999934435
128 140 -1175414.2419199999421835
129 140 -144029.6324599999934435
139 140 -261549.6762150000140537
140 140 1943408.4957699999213219
141 140 261549.6762150000140537
142 140 3886.2067683999998735
143 140 -31753.1528637000010349
144 140 32843.1864694999967469
148 140 -32843.1864694999967469
149 140 -31753.1528637000010349
150 140 -3886.2067683999998735
151 140 76230.5649197000020649
152 140 -622859.4938560000155121
153 140 -76230.5649197000020649
118 141 7994.8439963999999236
119 141 -65245.2785912999970606
120 141 -104300.5509880000026897
124 141 7994.8439963999999236
125 141 -5001.1799448800002210
126 141 -612.8206411339999704
127 141 17648.7014423000000534
128 141 -144029.6324599999934435
129 141 -17648.7014423000000534
132 141 -160188.2160389999917243
133 141 26219.9476452999988396
135 141 -26219.9476452999988396
139 141 -61148.8202779999992345
140 141 261549.6762150000140537
141 141 352746.2121310000075027
142 141 -4019.6138664199997947
143 141 32843.1864694999967469
144 141 -33970.6391393000012613
148 141 -4019.6138664199997947
149 141 -3886.2067683999998735
150 141 -475.6253059829999756
151 141 9329.7109304700006760
152 141 -76230.5649197000020649
153 141 -9329.7109304700006760
127 142 -848.0464039400000047
128 142 6926.2754106700003831
129 142 -4388.8935407099997974
130 142 -9329.7109304700006760
131 142 76230.5649197000020649
132 142 -9329.7109304700006760
133 142 -33970.6391393000012613
134 142 32843.1864694999967469
135 142 -4019.6138664199997947
139 142 -475.6253059829999756
140 142 3886.2067683999998735
141 142 -4019.6138664199997947
142 142 242073.1057330000039656
143 142 -177397.5555630000017118
144 142 25079.7395703000001959
145 142 -155446.2365590000117663
127 143 6926.2754106700003831
128 143 -56569.1816409000020940
129 143 35845.5448544000028051
130 143 76230.5649197000020649
131 143 -622859.4938560000155121
132 143 76230.5649197000020649
133 143 32843.1864694999967469
134 143 -31753.1528637000010349
135 143 3886.2067683999998735
139 143 3886.2067683999998735
140 143 -31753.1528637000010349
141 143 32843.1864694999967469
142 143 -177397.5555630000017118
143 143 1462557.0720899999141693
144 143 -206316.8250070000067353
127 144 -4388.8935407099997974
128 144 35845.5448544000028051
129 144 -22713.8354954999995243
130 144 -9329.7109304700006760
131 144 76230.5649197000020649
132 144 -9329.7109304700006760
133 144 -4019.6138664199997947
134 144 3886.2067683999998735
135 144 -475.6253059829999756
139 144 -4019.6138664199997947
140 144 32843.1864694999967469
141 144 -33970.6391393000012613
142 144 25079.7395703000001959
143 144 -206316.8250070000067353
144 144 263938.8948240000172518
153 144 -155446.2365590000117663
130 145 -33970.6391393000012613
131 145 -32843.1864694999967469
132 145 4019.6138664199997947
133 145 -9329.7109304700006760
134 145 -76230.5649197000020649
135 145 9329.7109304700006760
136 145 -475.6253059829999756
137 145 -3886.2067683999998735
138 145 4019.6138664199997947
142 145 -155446.2365590000117663
145 145 241225.0593290000106208
146 145 170471.2801519999920856
147 145 -20690.8460296000012022
130 146 -32843.1864694999967469
131 146 -31753.1528637000010349
132 146 3886.2067683999998735
133 146 -76230.5649197000020649
134 146 -622859.4938560000155121
135 146 76230.5649197000020649
136 146 -3886.2067683999998735
137 146 -31753.1528637000010349
138 146 32843.1864694999967469
145 146 170471.2801519999920856
146 146 1405987.8904500000644475
147 146 -170471.2801519999920856
130 147 4019.6138664199997947
131 147 3886.2067683999998735
132 147 -475.6253059829999756
133 147 9329.7109304700006760
134 147 76230.5649197000020649
135 147 -9329.7109304700006760
136 147 4019.6138664199997947
137 147 32843.1864694999967469
138 147 -33970.6391393000012613
145 147 -20690.8460296000012022
146 147 -170471.2801519999920856
147 147 241225.0593290000106208
150 147 -155446.2365590000117663
133 148 -475.6253059829999756
134 148 -3886.2067683999998735
135 148 -4019.6138664199997947
136 148 -9329.7109304700006760
137 148 -76230.5649197000020649
138 148 -9329.7109304700006760
139 148 -33970.6391393000012613
140 148 -32843.1864694999967469
141 148 -4019.6138664199997947
148 148 241225.0593290000106208
149 148 170471.2801519999920856
150 148 20690.8460296000012022
151 148 -155446.2365590000117663
133 149 -3886.2067683999998735
134 149 -31753.1528637000010349
135 149 -32843.1864694999967469
136 149 -76230.5649197000020649
137 149 -622859.4938560000155121
138 149 -76230.5649197000020649
139 149 -32843.1864694999967469
140 149 -31753.1528637000010349
141 149 -3886.2067683999998735
148 149 170471.2801519999920856
149 149 1405987.8904500000644475
150 149 170471.2801519999920856
133 150 -4019.6138664199997947
134 150 -32843.1864694999967469
135 150 -33970.6391393000012613
136 150 -9329.7109304700006760
137 150 -76230.5649197000020649
138 150 -9329.7109304700006760
139 150 -4019.6138664199997947
140 150 -3886.2067683999998735
141 150 -475.6253059829999756
147 150 -155446.2365590000117663
148 150 20690.8460296000012022
149 150 170471.2801519999920856
150 150 241225.0593290000106208
130 151 -475.6253059829999756
131 151 3886.2067683999998735
132 151 4019.6138664199997947
136 151 -33970.6391393000012613
137 151 32843.1864694999967469
138 151 4019.6138664199997947
139 151 -9329.7109304700006760
140 151 76230.5649197000020649
141 151 9329.7109304700006760
148 151 -155446.2365590000117663
151 151 241225.0593290000106208
152 151 -170471.2801519999920856
153 151 -20690.8460296000012022
130 152 3886.2067683999998735
131 152 -31753.1528637000010349
132 152 -32843.1864694999967469
136 152 32843.1864694999967469
137 152 -31753.1528637000010349
138 152 -3886.2067683999998735
139 152 76230.5649197000020649
140 152 -622859.4938560000155121
141 152 -76230.5649197000020649
151 152 -170471.2801519999920856
152 152 1405987.8904500000644475
153 152 170471.2801519999920856
130 153 4019.6138664199997947
131 153 -32843.1864694999967469
132 153 -33970.6391393000012613
136 153 4019.6138664199997947
137 153 -3886.2067683999998735
138 153 -475.6253059829999756
139 153 9329.7109304700006760
140 153 -76230.5649197000020649
141 153 -9329.7109304700006760
144 153 -155446.2365590000117663
151 153 -20690.8460296000012022
152 153 170471.2801519999920856
153 153 241225.0593290000106208
