685 685 3249
1 1 26185.5000000000000000
4 1 -120.4818999999999960
5 1 -92.5925900000000013
10 1 -48.7804900000000004
2 2 539.2912999999999784
3 2 -303.0303000000000111
7 2 -151.5151999999999930
161 2 -84.7457600000000042
2 3 -303.0303000000000111
3 3 515.9850000000000136
6 3 -144.9275000000000091
9 3 -68.0272099999999966
1 4 -120.4818999999999960
4 4 512.6387999999999465
12 4 -294.1175999999999817
185 4 -98.0392200000000003
1 5 -92.5925900000000013
5 5 92.5925900000000013
3 6 -144.9275000000000091
6 6 144.9275000000000091
2 7 -151.5151999999999930
7 7 514.3781000000000176
10 7 -270.2703000000000202
217 7 -92.5925900000000013
8 8 229.5913999999999930
9 8 -52.0833299999999966
217 8 -42.3728800000000021
229 8 -135.1350999999999942
3 9 -68.0272099999999966
8 9 -52.0833299999999966
9 9 120.1105000000000018
1 10 -48.7804900000000004
7 10 -270.2703000000000202
10 10 389.9726999999999748
11 10 -70.9219800000000049
10 11 -70.9219800000000049
11 11 220.1757000000000062
186 11 -149.2537000000000091
4 12 -294.1175999999999817
12 12 549.8528999999999769
13 12 -28.8184499999999986
17 12 -40.3225800000000021
53 12 -144.9275000000000091
176 12 -41.6666700000000034
12 13 -28.8184499999999986
13 13 128.8281000000000063
15 13 -40.4858300000000000
176 13 -59.5238099999999974
14 14 197.1545000000000130
17 14 -100.0000000000000000
19 14 -30.4878000000000000
160 14 -66.6666699999999963
13 15 -40.4858300000000000
15 15 75.0879099999999937
22 15 -34.6020800000000008
16 16 70.6680099999999953
162 16 -27.9329600000000013
178 16 -42.7350399999999979
12 17 -40.3225800000000021
14 17 -100.0000000000000000
17 17 189.2190999999999974
18 17 -6.1614290000000000
19 17 -42.7350399999999979
17 18 -6.1614290000000000
18 18 58.7930100000000024
19 18 -52.6315799999999996
14 19 -30.4878000000000000
17 19 -42.7350399999999979
18 19 -52.6315799999999996
19 19 2284.5839999999998327
53 19 -2000.0000000000000000
55 19 -158.7301999999999964
20 20 226.2244000000000028
22 20 -97.0873799999999960
124 20 -81.9672199999999975
178 20 -47.1698099999999982
21 21 254.8509999999999991
22 21 -97.0873799999999960
23 21 -41.6666700000000034
137 21 -34.1296899999999965
178 21 -81.9672199999999975
15 22 -34.6020800000000008
20 22 -97.0873799999999960
21 22 -97.0873799999999960
22 22 228.7768000000000086
21 23 -41.6666700000000034
23 23 171.5367999999999995
125 23 -129.8701000000000079
24 24 251.9890000000000043
48 24 -70.4225299999999947
50 24 -25.3164499999999997
51 24 -156.2500000000000000
25 25 383.3956999999999766
27 25 -63.6942700000000031
28 25 -63.2911399999999986
163 25 -256.4103000000000065
26 26 234.9479000000000042
43 26 -44.2477900000000020
189 26 -75.7575800000000044
208 26 -114.9424999999999955
25 27 -63.6942700000000031
27 27 203.8850999999999942
43 27 -43.1034500000000023
182 27 -97.0873799999999960
25 28 -63.2911399999999986
28 28 196.5147000000000048
43 28 -22.6244399999999999
182 28 -95.2381000000000029
189 28 -15.3609799999999996
29 29 176.0921999999999912
30 29 -6.6006600000000004
46 29 -169.4915000000000020
29 30 -6.6006600000000004
30 30 207.8077000000000112
31 30 -112.3596000000000004
32 30 -4.1017229999999998
189 30 -84.7457600000000042
30 31 -112.3596000000000004
31 31 145.6929000000000087
35 31 -33.3333399999999997
30 32 -4.1017229999999998
32 32 116.4612999999999943
52 32 -112.3596000000000004
33 33 228.9727000000000032
35 33 -113.6363999999999947
47 33 -79.3650800000000061
183 33 -35.9712299999999985
34 34 232.7827000000000055
46 34 -63.2911399999999986
47 34 -169.4915000000000020
31 35 -33.3333399999999997
33 35 -113.6363999999999947
35 35 146.9696999999999889
36 36 377.5072999999999865
38 36 -32.6797400000000025
175 36 -344.8276000000000181
37 37 180.9992000000000019
38 37 -90.0901000000000067
211 37 -90.9090900000000062
36 38 -32.6797400000000025
37 38 -90.0901000000000067
38 38 334.5221999999999980
40 38 -15.6739800000000002
58 38 -196.0783999999999878
39 39 25.0000000000000000
40 39 -25.0000000000000000
38 40 -15.6739800000000002
39 40 -25.0000000000000000
40 40 157.3406999999999982
41 40 -16.6666699999999999
541 40 -100.0000000000000000
40 41 -16.6666699999999999
41 41 16.6666699999999999
42 42 2000.0000000000000000
173 42 -2000.0000000000000000
26 43 -44.2477900000000020
27 43 -43.1034500000000023
28 43 -22.6244399999999999
43 43 241.8562000000000012
46 43 -84.0336199999999991
189 43 -47.8468900000000019
44 44 326.2472999999999956
45 44 -20.2839799999999997
47 44 -39.0625000000000000
49 44 -149.2537000000000091
51 44 -117.6470000000000056
44 45 -20.2839799999999997
45 45 167.7597000000000094
46 45 -32.4675299999999964
47 45 -23.6406600000000005
52 45 -54.0540499999999966
182 45 -37.3134299999999968
29 46 -169.4915000000000020
34 46 -63.2911399999999986
43 46 -84.0336199999999991
45 46 -32.4675299999999964
46 46 503.1299999999999955
157 46 -153.8461000000000070
33 47 -79.3650800000000061
34 47 -169.4915000000000020
44 47 -39.0625000000000000
45 47 -23.6406600000000005
47 47 311.5597999999999956
24 48 -70.4225299999999947
48 48 158.8660000000000139
49 48 -51.8134700000000024
50 48 -36.6300400000000010
44 49 -149.2537000000000091
48 49 -51.8134700000000024
49 49 256.9026999999999816
50 49 -29.2397700000000000
182 49 -26.5957499999999989
24 50 -25.3164499999999997
48 50 -36.6300400000000010
49 50 -29.2397700000000000
50 50 91.1862600000000043
24 51 -156.2500000000000000
44 51 -117.6470000000000056
51 51 273.8971000000000231
32 52 -112.3596000000000004
45 52 -54.0540499999999966
52 52 166.4136000000000024
12 53 -144.9275000000000091
19 53 -2000.0000000000000000
53 53 2223.6680000000001201
54 53 -78.7401600000000030
53 54 -78.7401600000000030
54 54 246.5032999999999959
55 54 -105.2631999999999977
185 54 -62.5000000000000000
19 55 -158.7301999999999964
54 55 -105.2631999999999977
55 55 263.9932999999999765
56 56 222.4177999999999997
60 56 -93.4579399999999936
61 56 -105.2631999999999977
189 56 -23.6966800000000006
57 57 56.3754399999999976
61 57 -20.6611599999999989
190 57 -35.7142800000000022
38 58 -196.0783999999999878
58 58 446.0783999999999878
59 58 -250.0000000000000000
58 59 -250.0000000000000000
59 59 527.7777999999999565
61 59 -277.7778000000000134
56 60 -93.4579399999999936
60 60 166.4506000000000085
211 60 -72.9926999999999992
56 61 -105.2631999999999977
57 61 -20.6611599999999989
59 61 -277.7778000000000134
61 61 403.7020999999999731
62 62 206.5637000000000114
64 62 -71.4285699999999935
67 62 -135.1350999999999942
63 63 438.0452000000000226
64 63 -274.0240000000000009
65 63 -71.4285699999999935
66 63 -92.5925900000000013
62 64 -71.4285699999999935
63 64 -274.0240000000000009
64 64 468.5072999999999865
65 64 -57.8034699999999972
67 64 -20.4081599999999987
184 64 -44.8430499999999981
63 65 -71.4285699999999935
64 65 -57.8034699999999972
65 65 129.2319999999999993
63 66 -92.5925900000000013
66 66 268.0312000000000126
616 66 -175.4386000000000081
62 67 -135.1350999999999942
64 67 -20.4081599999999987
67 67 155.5432999999999879
68 68 9.2023560000000000
88 68 -1.8412820000000001
90 68 -4.5955880000000002
94 68 -2.7654869999999998
69 69 162.9088000000000136
70 69 -106.3829999999999956
71 69 -7.4019240000000002
74 69 -4.8685489999999998
91 69 -36.7647100000000009
103 69 -7.4906370000000004
69 70 -106.3829999999999956
70 70 406.0717999999999961
93 70 -81.9672199999999975
98 70 -35.2112699999999990
126 70 -27.5482100000000010
129 70 -28.1690100000000001
143 70 -85.4700899999999990
171 70 -24.8756200000000014
207 70 -16.4473699999999994
69 71 -7.4019240000000002
71 71 222.5799000000000092
91 71 -4.5248869999999997
96 71 -16.5562900000000006
97 71 -44.8430499999999981
106 71 -149.2537000000000091
72 72 30.1580300000000001
75 72 -10.7066400000000002
107 72 -15.4321000000000002
152 72 -4.0192930000000002
73 73 25.1699200000000012
81 73 -11.5874900000000007
83 73 -5.2002079999999999
89 73 -8.3822299999999998
69 74 -4.8685489999999998
74 74 32.7799499999999995
78 74 -21.5982699999999994
80 74 -6.3131310000000003
72 75 -10.7066400000000002
75 75 60.3702800000000011
103 75 -5.3648069999999999
107 75 -3.8211689999999998
123 75 -2.0161289999999998
127 75 -38.4615399999999994
76 76 41.6691999999999965
101 76 -3.8109760000000001
131 76 -4.5248869999999997
153 76 -33.3333399999999997
77 77 202.6738000000000000
95 77 -20.2020200000000010
117 77 -60.6060599999999994
132 77 -116.2790999999999997
158 77 -5.5865919999999996
74 78 -21.5982699999999994
78 78 58.1032399999999996
85 78 -8.9126560000000001
96 78 -5.8616650000000003
97 78 -12.2249400000000001
106 78 -9.5057030000000005
79 79 51.2815299999999965
81 79 -7.4349449999999999
84 79 -8.6805550000000000
88 79 -10.1729400000000005
117 79 -7.4183969999999997
151 79 -17.5746900000000004
74 80 -6.3131310000000003
80 80 29.3284899999999986
82 80 -6.4474530000000003
85 80 -6.9492700000000003
97 80 -6.8493149999999998
101 80 -2.7693159999999999
73 81 -11.5874900000000007
79 81 -7.4349449999999999
81 81 43.1901399999999995
83 81 -7.1787510000000001
148 81 -11.8764800000000008
151 81 -5.1124739999999997
80 82 -6.4474530000000003
82 82 15.5745100000000001
96 82 -5.5834729999999997
101 82 -3.5435859999999999
73 83 -5.2002079999999999
81 83 -7.1787510000000001
83 83 32.3242699999999985
103 83 -4.8756700000000004
127 83 -10.7066400000000002
149 83 -4.3630019999999998
79 84 -8.6805550000000000
84 84 158.4986000000000104
86 84 -39.2156900000000022
99 84 -90.0901000000000067
104 84 -5.9136610000000003
148 84 -14.5985399999999998
78 85 -8.9126560000000001
80 85 -6.9492700000000003
85 85 156.2605000000000075
97 85 -86.2068900000000014
106 85 -33.4448200000000000
146 85 -20.7468900000000005
84 86 -39.2156900000000022
86 86 66.7846100000000007
87 86 -20.2429099999999984
88 86 -7.3260069999999997
86 87 -20.2429099999999984
87 87 96.4745900000000063
99 87 -33.2225899999999967
102 87 -0.6786563000000000
105 87 -4.4247790000000000
110 87 -1.6204829999999999
111 87 -2.8677950000000001
148 87 -8.7260039999999996
149 87 -24.6913599999999995
68 88 -1.8412820000000001
79 88 -10.1729400000000005
86 88 -7.3260069999999997
88 88 54.8407699999999991
95 88 -18.0180199999999999
102 88 -17.4825200000000009
73 89 -8.3822299999999998
89 89 38.1398200000000003
92 89 -19.6463600000000014
96 89 -10.1112199999999994
68 90 -4.5955880000000002
90 90 18.2751100000000015
131 90 -5.7603679999999997
158 90 -4.2016809999999998
159 90 -3.7174719999999999
69 91 -36.7647100000000009
71 91 -4.5248869999999997
91 91 71.5926199999999966
144 91 -30.3030299999999997
89 92 -19.6463600000000014
92 92 39.2891600000000025
117 92 -2.8360750000000001
146 92 -16.8067199999999985
70 93 -81.9672199999999975
93 93 413.0360000000000014
98 93 -51.8134700000000024
177 93 -208.3333000000000084
193 93 -70.9219800000000049
68 94 -2.7654869999999998
94 94 49.0227900000000005
131 94 -5.9347180000000002
154 94 -40.3225800000000021
77 95 -20.2020200000000010
88 95 -18.0180199999999999
95 95 103.7443999999999988
104 95 -13.9860100000000003
105 95 -15.6985899999999994
117 95 -9.4966760000000008
151 95 -21.6919700000000013
159 95 -4.6511630000000004
71 96 -16.5562900000000006
78 96 -5.8616650000000003
82 96 -5.5834729999999997
89 96 -10.1112199999999994
96 96 94.6098300000000023
146 96 -56.4971800000000002
71 97 -44.8430499999999981
78 97 -12.2249400000000001
80 97 -6.8493149999999998
85 97 -86.2068900000000014
97 97 299.6361999999999739
98 97 -108.6955999999999989
106 97 -40.8163300000000007
70 98 -35.2112699999999990
93 98 -51.8134700000000024
97 98 -108.6955999999999989
98 98 390.8756000000000199
128 98 -54.3101800000000026
129 98 -140.8451000000000022
84 99 -90.0901000000000067
87 99 -33.2225899999999967
99 99 247.9766999999999939
100 99 -106.3829999999999956
102 99 -11.6143999999999998
105 99 -6.6666670000000003
99 100 -106.3829999999999956
100 100 333.7674000000000092
118 100 -53.9181499999999971
134 100 -36.1010800000000032
142 100 -74.0740700000000061
147 100 -63.2911399999999986
76 101 -3.8109760000000001
80 101 -2.7693159999999999
82 101 -3.5435859999999999
101 101 10.1238799999999998
87 102 -0.6786563000000000
88 102 -17.4825200000000009
99 102 -11.6143999999999998
102 102 32.1926899999999989
110 102 -0.8934954000000001
111 102 -1.0021040000000001
136 102 -0.5215124000000000
69 103 -7.4906370000000004
75 103 -5.3648069999999999
83 103 -4.8756700000000004
103 103 77.0207699999999988
144 103 -54.0540499999999966
152 103 -5.2356020000000001
84 104 -5.9136610000000003
95 104 -13.9860100000000003
104 104 31.4337000000000018
151 104 -11.5340299999999996
87 105 -4.4247790000000000
95 105 -15.6985899999999994
99 105 -6.6666670000000003
105 105 32.9819800000000001
132 105 -6.1919500000000003
71 106 -149.2537000000000091
78 106 -9.5057030000000005
85 106 -33.4448200000000000
97 106 -40.8163300000000007
106 106 233.0206000000000017
72 107 -15.4321000000000002
75 107 -3.8211689999999998
107 107 24.5906999999999982
108 107 -3.2320620000000000
115 107 -1.4654160000000001
123 107 -0.6399589999999999
107 108 -3.2320620000000000
108 108 481.7728000000000179
114 108 -47.3933699999999973
115 108 -202.4394000000000062
121 108 -112.3596000000000004
123 108 -3.9888309999999998
124 108 -112.3596000000000004
109 109 294.0638999999999896
111 109 -222.2221999999999866
115 109 -0.5909118000000000
116 109 -3.5945360000000002
123 109 -67.6561899999999952
87 110 -1.6204829999999999
102 110 -0.8934954000000001
110 110 20.4746699999999997
111 110 -5.1840330000000003
113 110 -5.6465269999999999
136 110 -3.9745629999999998
140 110 -3.1555689999999998
87 111 -2.8677950000000001
102 111 -1.0021040000000001
109 111 -222.2221999999999866
110 111 -5.1840330000000003
111 111 566.1874000000000251
112 111 -47.8468900000000019
113 111 -60.9255399999999980
116 111 -92.6577800000000025
120 111 -100.0000000000000000
138 111 -2.2487070000000000
140 111 -2.8232640000000000
141 111 -28.4090899999999991
111 112 -47.8468900000000019
112 112 312.8557999999999879
113 112 -45.2488699999999966
134 112 -141.0199000000000069
136 112 -78.7401600000000030
110 113 -5.6465269999999999
111 113 -60.9255399999999980
112 113 -45.2488699999999966
113 113 1123.8989999999998872
116 113 -2.6267399999999999
122 113 -555.5555000000000518
133 113 -250.0000000000000000
134 113 -119.0476000000000028
135 113 -68.4931500000000000
138 113 -10.7181099999999994
140 113 -5.6369790000000002
108 114 -47.3933699999999973
114 114 75.1050999999999931
115 114 -5.0403219999999997
122 114 -6.5616800000000000
135 114 -7.5700229999999999
139 114 -8.5397099999999995
107 115 -1.4654160000000001
108 115 -202.4394000000000062
109 115 -0.5909118000000000
114 115 -5.0403219999999997
115 115 514.6331999999999880
116 115 -107.6693000000000069
119 115 -66.2251700000000056
121 115 -57.4712600000000009
123 115 -16.2601599999999991
124 115 -57.4712600000000009
109 116 -3.5945360000000002
111 116 -92.6577800000000025
113 116 -2.6267399999999999
115 116 -107.6693000000000069
116 116 219.6227000000000089
123 116 -9.7943189999999998
138 116 -1.5271840000000001
140 116 -1.7528480000000000
77 117 -60.6060599999999994
79 117 -7.4183969999999997
92 117 -2.8360750000000001
95 117 -9.4966760000000008
117 117 427.1480999999999995
118 117 -108.6955999999999989
132 117 -238.0952000000000055
100 118 -53.9181499999999971
117 118 -108.6955999999999989
118 118 283.3249000000000137
145 118 -15.6739800000000002
150 118 -72.4637699999999967
155 118 -32.5732900000000001
115 119 -66.2251700000000056
119 119 500.0561999999999898
120 119 -33.5570499999999967
123 119 -103.0927999999999969
125 119 -41.4937699999999978
126 119 -46.2963000000000022
137 119 -61.3496900000000025
141 119 -125.0000000000000000
143 119 -23.0414700000000003
111 120 -100.0000000000000000
119 120 -33.5570499999999967
120 120 168.2793000000000063
150 120 -34.7222200000000001
108 121 -112.3596000000000004
115 121 -57.4712600000000009
121 121 328.5609999999999786
125 121 -158.7301999999999964
113 122 -555.5555000000000518
114 122 -6.5616800000000000
122 122 575.5208999999999833
135 122 -7.3260069999999997
139 122 -5.5772449999999996
140 122 -0.5004254000000000
75 123 -2.0161289999999998
107 123 -0.6399589999999999
108 123 -3.9888309999999998
109 123 -67.6561899999999952
115 123 -16.2601599999999991
116 123 -9.7943189999999998
119 123 -103.0927999999999969
123 123 203.4483999999999924
20 124 -81.9672199999999975
108 124 -112.3596000000000004
115 124 -57.4712600000000009
124 124 251.7980000000000018
23 125 -129.8701000000000079
119 125 -41.4937699999999978
121 125 -158.7301999999999964
125 125 330.0941000000000258
70 126 -27.5482100000000010
119 126 -46.2963000000000022
126 126 186.2041000000000111
127 126 -112.3596000000000004
75 127 -38.4615399999999994
83 127 -10.7066400000000002
126 127 -112.3596000000000004
127 127 176.3644999999999925
152 127 -14.8367900000000006
98 128 -54.3101800000000026
128 128 128.8266000000000133
129 128 -55.2486200000000025
153 128 -19.2678200000000004
70 129 -28.1690100000000001
98 129 -140.8451000000000022
128 129 -55.2486200000000025
129 129 290.2074999999999818
145 129 -51.2820499999999981
147 129 -14.6627600000000005
130 130 89.7574800000000010
131 130 -33.3333399999999997
153 130 -32.8947399999999988
155 130 -23.5294099999999986
76 131 -4.5248869999999997
90 131 -5.7603679999999997
94 131 -5.9347180000000002
130 131 -33.3333399999999997
131 131 59.8945700000000016
154 131 -10.3412600000000001
77 132 -116.2790999999999997
105 132 -6.1919500000000003
117 132 -238.0952000000000055
132 132 360.5663000000000125
113 133 -250.0000000000000000
133 133 528.0342000000000553
134 133 -227.2726999999999862
138 133 -50.7614200000000011
100 134 -36.1010800000000032
112 134 -141.0199000000000069
113 134 -119.0476000000000028
133 134 -227.2726999999999862
134 134 563.4412999999999556
140 134 -40.0000000000000000
113 135 -68.4931500000000000
114 135 -7.5700229999999999
122 135 -7.3260069999999997
135 135 301.2726999999999862
138 135 -144.9275000000000091
139 135 -72.9559799999999967
102 136 -0.5215124000000000
110 136 -3.9745629999999998
112 136 -78.7401600000000030
136 136 83.2362399999999951
21 137 -34.1296899999999965
119 137 -61.3496900000000025
137 137 95.4793899999999951
111 138 -2.2487070000000000
113 138 -10.7181099999999994
116 138 -1.5271840000000001
133 138 -50.7614200000000011
135 138 -144.9275000000000091
138 138 213.3757999999999981
140 138 -3.1928480000000001
114 139 -8.5397099999999995
122 139 -5.5772449999999996
135 139 -72.9559799999999967
139 139 87.5168900000000036
140 139 -0.4439512000000000
110 140 -3.1555689999999998
111 140 -2.8232640000000000
113 140 -5.6369790000000002
116 140 -1.7528480000000000
122 140 -0.5004254000000000
134 140 -40.0000000000000000
138 140 -3.1928480000000001
139 140 -0.4439512000000000
140 140 57.5058900000000008
111 141 -28.4090899999999991
119 141 -125.0000000000000000
141 141 153.4090999999999951
100 142 -74.0740700000000061
142 142 306.6322000000000116
150 142 -232.5580999999999960
70 143 -85.4700899999999990
119 143 -23.0414700000000003
143 143 162.5655999999999892
144 143 -54.0540499999999966
91 144 -30.3030299999999997
103 144 -54.0540499999999966
143 144 -54.0540499999999966
144 144 138.4111000000000047
118 145 -15.6739800000000002
129 145 -51.2820499999999981
145 145 121.0100999999999942
146 145 -54.0540499999999966
85 146 -20.7468900000000005
92 146 -16.8067199999999985
96 146 -56.4971800000000002
145 146 -54.0540499999999966
146 146 148.1048000000000116
100 147 -63.2911399999999986
129 147 -14.6627600000000005
147 147 133.5095000000000027
148 147 -55.5555599999999998
81 148 -11.8764800000000008
84 148 -14.5985399999999998
87 148 -8.7260039999999996
147 148 -55.5555599999999998
148 148 99.7332499999999982
149 148 -8.9766610000000000
83 149 -4.3630019999999998
87 149 -24.6913599999999995
148 149 -8.9766610000000000
149 149 38.0310199999999980
118 150 -72.4637699999999967
120 150 -34.7222200000000001
142 150 -232.5580999999999960
150 150 393.7982000000000085
151 150 -54.0540499999999966
79 151 -17.5746900000000004
81 151 -5.1124739999999997
95 151 -21.6919700000000013
104 151 -11.5340299999999996
150 151 -54.0540499999999966
151 151 109.9672000000000054
72 152 -4.0192930000000002
103 152 -5.2356020000000001
127 152 -14.8367900000000006
152 152 24.0916899999999998
76 153 -33.3333399999999997
128 153 -19.2678200000000004
130 153 -32.8947399999999988
153 153 85.4959000000000060
94 154 -40.3225800000000021
131 154 -10.3412600000000001
154 154 50.6638400000000004
118 155 -32.5732900000000001
130 155 -23.5294099999999986
155 155 91.8169900000000041
156 155 -35.7142800000000022
155 156 -35.7142800000000022
156 156 52.8250499999999974
158 156 -5.7471269999999999
159 156 -11.3636400000000002
46 157 -153.8461000000000070
157 157 153.8461000000000070
77 158 -5.5865919999999996
90 158 -4.2016809999999998
156 158 -5.7471269999999999
158 158 15.5353999999999992
90 159 -3.7174719999999999
95 159 -4.6511630000000004
156 159 -11.3636400000000002
159 159 19.7322699999999998
14 160 -66.6666699999999963
160 160 103.7036999999999978
185 160 -37.0370399999999975
2 161 -84.7457600000000042
161 161 312.0185000000000173
205 161 -227.2726999999999862
16 162 -27.9329600000000013
162 162 72.7760200000000026
188 162 -44.8430499999999981
25 163 -256.4103000000000065
163 163 372.1607000000000198
164 163 -25.5102000000000011
165 163 -23.9234399999999994
188 163 -62.5000000000000000
203 163 -3.8167939999999998
163 164 -25.5102000000000011
164 164 25.5102000000000011
163 165 -23.9234399999999994
165 165 107.9570999999999970
201 165 -84.0336199999999991
166 166 139.0723000000000127
167 166 -42.9184600000000032
219 166 -96.1538500000000056
166 167 -42.9184600000000032
167 167 217.0216000000000065
194 167 -93.4579399999999936
195 167 -80.6451600000000042
168 168 104.6854000000000013
178 168 -44.4444400000000002
183 168 -60.2409600000000012
169 169 190.7480999999999938
170 169 -61.6345999999999989
171 169 -22.4719100000000012
172 169 -19.6850400000000008
216 169 -86.9565199999999976
169 170 -61.6345999999999989
170 170 172.1156000000000006
189 170 -37.4883200000000016
211 170 -72.9926999999999992
70 171 -24.8756200000000014
169 171 -22.4719100000000012
171 171 408.8269000000000233
184 171 -194.1748000000000047
193 171 -54.9450500000000019
210 171 -112.3596000000000004
169 172 -19.6850400000000008
172 172 447.4173999999999864
173 172 -17.2117000000000004
174 172 -22.7790399999999984
184 172 -259.7402999999999906
193 172 -78.7401600000000030
628 172 -24.6305399999999999
631 172 -24.6305399999999999
42 173 -2000.0000000000000000
172 173 -17.2117000000000004
173 173 2141.6300000000001091
174 173 -70.4225299999999947
175 173 -37.7358499999999992
190 173 -16.2601599999999991
172 174 -22.7790399999999984
173 174 -70.4225299999999947
174 174 93.2015800000000070
36 175 -344.8276000000000181
173 175 -37.7358499999999992
175 175 577.8015000000000327
190 175 -28.5714299999999994
667 175 -166.6666999999999916
12 176 -41.6666700000000034
13 176 -59.5238099999999974
176 176 101.1905000000000001
93 177 -208.3333000000000084
177 177 310.3740999999999985
193 177 -102.0408000000000044
16 178 -42.7350399999999979
20 178 -47.1698099999999982
21 178 -81.9672199999999975
168 178 -44.4444400000000002
178 178 216.3164999999999907
179 179 219.5401999999999987
180 179 -133.3333000000000084
208 179 -86.2068900000000014
179 180 -133.3333000000000084
180 180 758.1422999999999774
184 180 -144.9275000000000091
192 180 -303.0303000000000111
212 180 -57.8034699999999972
626 180 -119.0476000000000028
181 181 66.3570799999999963
188 181 -32.5732900000000001
215 181 -33.7837800000000001
27 182 -97.0873799999999960
28 182 -95.2381000000000029
45 182 -37.3134299999999968
49 182 -26.5957499999999989
182 182 375.2823000000000206
204 182 -119.0476000000000028
33 183 -35.9712299999999985
168 183 -60.2409600000000012
183 183 122.4588999999999999
215 183 -26.2467199999999998
64 184 -44.8430499999999981
171 184 -194.1748000000000047
172 184 -259.7402999999999906
180 184 -144.9275000000000091
184 184 643.6856999999999971
4 185 -98.0392200000000003
54 185 -62.5000000000000000
160 185 -37.0370399999999975
185 185 323.0068999999999733
188 185 -19.0476199999999984
206 185 -106.3829999999999956
11 186 -149.2537000000000091
186 186 507.9839000000000055
205 186 -200.0000000000000000
213 186 -158.7301999999999964
187 187 28.0111999999999988
194 187 -28.0111999999999988
162 188 -44.8430499999999981
163 188 -62.5000000000000000
181 188 -32.5732900000000001
185 188 -19.0476199999999984
188 188 191.4314999999999998
191 188 -32.4675299999999964
26 189 -75.7575800000000044
28 189 -15.3609799999999996
30 189 -84.7457600000000042
43 189 -47.8468900000000019
56 189 -23.6966800000000006
170 189 -37.4883200000000016
189 189 284.8962000000000216
57 190 -35.7142800000000022
173 190 -16.2601599999999991
175 190 -28.5714299999999994
190 190 120.7065000000000055
518 190 -40.1606400000000008
188 191 -32.4675299999999964
191 191 216.8345999999999947
205 191 -93.4579399999999936
206 191 -90.9090900000000062
180 192 -303.0303000000000111
192 192 443.8754000000000133
193 192 -140.8451000000000022
93 193 -70.9219800000000049
171 193 -54.9450500000000019
172 193 -78.7401600000000030
177 193 -102.0408000000000044
192 193 -140.8451000000000022
193 193 550.0879999999999654
210 193 -55.8659200000000027
214 193 -46.7289699999999968
167 194 -93.4579399999999936
187 194 -28.0111999999999988
194 194 266.3967000000000098
196 194 -144.9275000000000091
167 195 -80.6451600000000042
195 195 93.3840100000000035
203 195 -12.7388499999999993
194 196 -144.9275000000000091
196 196 748.9007000000000289
197 196 -212.7659999999999911
198 196 -227.2726999999999862
685 196 -163.9344000000000108
196 197 -212.7659999999999911
197 197 251.9815999999999860
290 197 -39.2156900000000022
196 198 -227.2726999999999862
198 198 526.2455999999999676
199 198 -212.7659999999999911
200 198 -86.2068900000000014
198 199 -212.7659999999999911
199 199 299.7225000000000250
421 199 -86.9565199999999976
198 200 -86.2068900000000014
200 200 340.9551999999999907
201 200 -93.4579399999999936
204 200 -161.2903000000000020
165 201 -84.0336199999999991
200 201 -93.4579399999999936
201 201 177.4916000000000054
202 202 742.0828999999999951
203 202 -140.8451000000000022
209 202 -344.8276000000000181
213 202 -256.4103000000000065
163 203 -3.8167939999999998
195 203 -12.7388499999999993
202 203 -140.8451000000000022
203 203 157.4007000000000005
182 204 -119.0476000000000028
200 204 -161.2903000000000020
204 204 280.3380000000000223
161 205 -227.2726999999999862
186 205 -200.0000000000000000
191 205 -93.4579399999999936
205 205 592.1592000000000553
212 205 -71.4285699999999935
185 206 -106.3829999999999956
191 206 -90.9090900000000062
206 206 197.2921000000000049
70 207 -16.4473699999999994
207 207 120.8396999999999935
214 207 -31.2500000000000000
215 207 -14.6627600000000005
216 207 -58.4795299999999969
26 208 -114.9424999999999955
179 208 -86.2068900000000014
208 208 201.1494000000000142
202 209 -344.8276000000000181
209 209 344.8276000000000181
171 210 -112.3596000000000004
193 210 -55.8659200000000027
210 210 168.2255000000000109
37 211 -90.9090900000000062
60 211 -72.9926999999999992
170 211 -72.9926999999999992
211 211 236.8944999999999936
180 212 -57.8034699999999972
205 212 -71.4285699999999935
212 212 444.5871999999999957
213 212 -85.4700899999999990
215 212 -229.8850999999999942
186 213 -158.7301999999999964
202 213 -256.4103000000000065
212 213 -85.4700899999999990
213 213 500.6105000000000018
193 214 -46.7289699999999968
207 214 -31.2500000000000000
214 214 77.9789700000000039
181 215 -33.7837800000000001
183 215 -26.2467199999999998
207 215 -14.6627600000000005
212 215 -229.8850999999999942
215 215 304.5783000000000129
169 216 -86.9565199999999976
207 216 -58.4795299999999969
216 216 145.4361000000000104
7 217 -92.5925900000000013
8 217 -42.3728800000000021
217 217 223.6057000000000130
218 217 -50.7614200000000011
268 217 -37.8787900000000022
217 218 -50.7614200000000011
218 218 281.1906999999999925
219 218 -108.2599000000000018
220 218 -3.1585600000000000
237 218 -51.0204099999999983
671 218 -63.2911399999999986
672 218 -4.6992479999999999
166 219 -96.1538500000000056
218 219 -108.2599000000000018
219 219 205.9655999999999949
672 219 -1.5518310000000000
218 220 -3.1585600000000000
220 220 100.8221000000000060
267 220 -7.2516319999999999
670 220 -50.2512600000000020
671 220 -40.1606400000000008
221 221 395.8043999999999869
233 221 -112.3596000000000004
235 221 -250.0000000000000000
236 221 -33.4448200000000000
222 222 294.1175999999999817
256 222 -294.1175999999999817
223 223 325.3145999999999844
224 223 -133.3333000000000084
226 223 -184.7209000000000003
265 223 -0.5623664000000000
673 223 -6.6979240000000004
223 224 -133.3333000000000084
224 224 185.9649000000000001
225 224 -52.6315799999999996
224 225 -52.6315799999999996
225 225 162.4305999999999983
229 225 -43.8596500000000020
265 225 -24.5700199999999995
266 225 -8.4745760000000008
673 225 -32.8947399999999988
223 226 -184.7209000000000003
226 226 522.5289000000000215
227 226 -96.1538500000000056
228 226 -161.2903000000000020
230 226 -75.7575800000000044
673 226 -4.6061730000000001
226 227 -96.1538500000000056
227 227 821.5742999999999938
231 227 -312.5000000000000000
232 227 -303.0303000000000111
233 227 -109.8901000000000039
226 228 -161.2903000000000020
228 228 551.9901999999999589
236 228 -33.5570499999999967
266 228 -357.1428999999999974
8 229 -135.1350999999999942
225 229 -43.8596500000000020
229 229 579.7705999999999449
256 229 -227.2726999999999862
265 229 -33.6700299999999970
266 229 -11.6279100000000000
268 229 -128.2050999999999874
226 230 -75.7575800000000044
230 230 538.2549000000000206
231 230 -42.1940900000000028
232 230 -30.1204800000000006
234 230 -50.0000000000000000
235 230 -51.5463900000000024
236 230 -50.0000000000000000
256 230 -208.3333000000000084
265 230 -30.3030299999999997
227 231 -312.5000000000000000
230 231 -42.1940900000000028
231 231 354.6940999999999917
227 232 -303.0303000000000111
230 232 -30.1204800000000006
232 232 333.1508000000000038
221 233 -112.3596000000000004
227 233 -109.8901000000000039
233 233 287.6091000000000122
234 233 -65.3594700000000017
230 234 -50.0000000000000000
233 234 -65.3594700000000017
234 234 115.3594999999999970
221 235 -250.0000000000000000
230 235 -51.5463900000000024
235 235 301.5464000000000055
221 236 -33.4448200000000000
228 236 -33.5570499999999967
230 236 -50.0000000000000000
236 236 145.5382999999999925
253 236 -28.5363900000000008
218 237 -51.0204099999999983
237 237 450.8097999999999956
238 237 -73.5294099999999986
252 237 -172.4138000000000090
269 237 -153.8461000000000070
237 238 -73.5294099999999986
238 238 391.2250999999999976
239 238 -116.2790999999999997
240 238 -114.9424999999999955
253 238 -15.5520999999999994
261 238 -70.9219800000000049
238 239 -116.2790999999999997
239 239 195.6859000000000037
240 239 -4.9236829999999996
241 239 -2.4366469999999998
242 239 -67.5675700000000035
253 239 -1.3182179999999999
261 239 -2.5614759999999999
675 239 -0.5991971000000000
238 240 -114.9424999999999955
239 240 -4.9236829999999996
240 240 157.1426999999999907
241 240 -33.0033000000000030
261 240 -3.2552080000000001
262 240 -0.6923769000000000
675 240 -0.3256586000000000
239 241 -2.4366469999999998
240 241 -33.0033000000000030
241 241 339.5446999999999775
243 241 -120.4818999999999960
253 241 -0.4145078000000000
259 241 -52.3560200000000009
262 241 -71.4712899999999962
675 241 -43.8289199999999965
677 241 -15.5520999999999994
239 242 -67.5675700000000035
242 242 243.5206000000000017
264 242 -46.0829499999999967
674 242 -129.8701000000000079
241 243 -120.4818999999999960
243 243 161.1993999999999971
246 243 -25.1132099999999987
255 243 -5.5279160000000003
679 243 -4.0485829999999998
680 243 -6.0277269999999996
244 244 213.8204000000000065
245 244 -86.7446699999999993
676 244 -5.4141849999999998
678 244 -121.6615000000000038
244 245 -86.7446699999999993
245 245 180.2082000000000050
261 245 -13.8696300000000008
676 245 -57.5659199999999984
677 245 -19.6078399999999995
678 245 -2.4201350000000001
243 246 -25.1132099999999987
246 246 185.9855000000000018
247 246 -15.2671799999999998
254 246 -95.2381000000000029
255 246 -10.1419899999999998
676 246 -21.7391299999999994
679 246 -7.4239050000000004
680 246 -11.0619499999999995
246 247 -15.2671799999999998
247 247 296.2979000000000269
248 247 -68.4931500000000000
255 247 -66.6629899999999935
259 247 -0.7133176000000000
680 247 -80.6451600000000042
681 247 -64.5161300000000040
247 248 -68.4931500000000000
248 248 151.8265000000000100
254 248 -83.3333400000000069
249 249 56.7886600000000001
259 249 -5.5066079999999999
684 249 -51.2820499999999981
250 250 14.6526300000000003
251 250 -10.5374099999999995
255 250 -4.1152259999999998
250 251 -10.5374099999999995
251 251 15.7080400000000004
255 251 -5.1706310000000002
237 252 -172.4138000000000090
252 252 543.0117000000000189
256 252 -67.5675700000000035
260 252 -303.0303000000000111
236 253 -28.5363900000000008
238 253 -15.5520999999999994
239 253 -1.3182179999999999
241 253 -0.4145078000000000
253 253 46.5490500000000011
268 253 -0.3901373000000000
677 253 -0.3377009000000000
246 254 -95.2381000000000029
248 254 -83.3333400000000069
254 254 358.5552999999999884
258 254 -84.7457600000000042
269 254 -95.2381000000000029
243 255 -5.5279160000000003
246 255 -10.1419899999999998
247 255 -66.6629899999999935
250 255 -4.1152259999999998
251 255 -5.1706310000000002
255 255 139.9601000000000113
679 255 -11.6822400000000002
680 255 -17.3913000000000011
683 255 -19.2678200000000004
222 256 -294.1175999999999817
229 256 -227.2726999999999862
230 256 -208.3333000000000084
252 256 -67.5675700000000035
256 256 797.2912999999999784
257 257 86.2068900000000014
258 257 -86.2068900000000014
254 258 -84.7457600000000042
257 258 -86.2068900000000014
258 258 239.4457999999999913
259 258 -68.4931500000000000
241 259 -52.3560200000000009
247 259 -0.7133176000000000
249 259 -5.5066079999999999
258 259 -68.4931500000000000
259 259 136.2181999999999960
684 259 -9.1491310000000006
252 260 -303.0303000000000111
260 260 590.0445999999999458
263 260 -98.0392200000000003
268 260 -120.4818999999999960
669 260 -68.4931500000000000
238 261 -70.9219800000000049
239 261 -2.5614759999999999
240 261 -3.2552080000000001
245 261 -13.8696300000000008
261 261 193.7010999999999967
262 261 -103.0927999999999969
240 262 -0.6923769000000000
241 262 -71.4712899999999962
261 262 -103.0927999999999969
262 262 218.2516999999999996
264 262 -36.2318799999999968
675 262 -6.1690310000000004
677 262 -0.5943183000000000
260 263 -98.0392200000000003
263 263 166.5323999999999955
264 263 -68.4931500000000000
242 264 -46.0829499999999967
262 264 -36.2318799999999968
263 264 -68.4931500000000000
264 264 150.8079999999999927
223 265 -0.5623664000000000
225 265 -24.5700199999999995
229 265 -33.6700299999999970
230 265 -30.3030299999999997
265 265 95.6158700000000010
266 265 -6.5104170000000003
225 266 -8.4745760000000008
228 266 -357.1428999999999974
229 266 -11.6279100000000000
265 266 -6.5104170000000003
266 266 383.7558000000000220
220 267 -7.2516319999999999
267 267 7.2516319999999999
217 268 -37.8787900000000022
229 268 -128.2050999999999874
253 268 -0.3901373000000000
260 268 -120.4818999999999960
268 268 286.9560000000000173
237 269 -153.8461000000000070
254 269 -95.2381000000000029
269 269 249.0842000000000098
270 270 187.8910999999999945
271 270 -45.8715600000000023
273 270 -3.7965070000000001
276 270 -2.9129040000000002
277 270 -8.7873470000000005
278 270 -54.1701600000000028
280 270 -14.2045499999999993
283 270 -25.5102000000000011
287 270 -2.0500200000000000
297 270 -30.5877899999999983
270 271 -45.8715600000000023
271 271 231.6579999999999870
275 271 -56.8181799999999981
277 271 -59.5238099999999974
280 271 -69.4444400000000002
272 272 83.6339200000000034
274 272 -83.6339200000000034
270 273 -3.7965070000000001
273 273 25.3955799999999989
274 273 -3.6258159999999999
277 273 -10.2986599999999999
278 273 -3.5829450000000000
280 273 -4.0916530000000000
272 274 -83.6339200000000034
273 274 -3.6258159999999999
274 274 122.5317000000000007
277 274 -2.2988510000000000
278 274 -32.9731499999999969
271 275 -56.8181799999999981
275 275 356.1379000000000019
277 275 -204.0816000000000088
278 275 -95.2381000000000029
270 276 -2.9129040000000002
276 276 61.3467600000000033
280 276 -26.0971299999999999
281 276 -1.4602800000000000
283 276 -27.7008299999999998
284 276 -3.1756110000000000
270 277 -8.7873470000000005
271 277 -59.5238099999999974
273 277 -10.2986599999999999
274 277 -2.2988510000000000
275 277 -204.0816000000000088
277 277 292.2706000000000017
278 277 -4.9140050000000004
280 277 -2.3663040000000000
270 278 -54.1701600000000028
273 278 -3.5829450000000000
274 278 -32.9731499999999969
275 278 -95.2381000000000029
277 278 -4.9140050000000004
278 278 243.9134999999999991
279 278 -50.0000000000000000
287 278 -1.6249590000000000
297 278 -1.4102380000000001
278 279 -50.0000000000000000
279 279 98.7804900000000004
290 279 -48.7804900000000004
270 280 -14.2045499999999993
271 280 -69.4444400000000002
273 280 -4.0916530000000000
276 280 -26.0971299999999999
277 280 -2.3663040000000000
280 280 116.2040999999999968
276 281 -1.4602800000000000
281 281 239.1856999999999971
282 281 -45.9429999999999978
283 281 -53.8605900000000020
284 281 -87.6737399999999951
289 281 -5.4347830000000004
290 281 -8.1833069999999992
295 281 -36.6300400000000010
281 282 -45.9429999999999978
282 282 50.4488800000000026
296 282 -1.1107410000000000
301 282 -1.6603019999999999
310 282 -0.6181998000000000
311 282 -0.5330774000000000
312 282 -0.5835667000000000
270 283 -25.5102000000000011
276 283 -27.7008299999999998
281 283 -53.8605900000000020
283 283 253.9331999999999994
289 283 -9.7465890000000002
290 283 -15.4559499999999996
295 283 -64.5161300000000040
297 283 -57.1428599999999989
276 284 -3.1756110000000000
281 284 -87.6737399999999951
284 284 90.8493600000000043
285 285 110.4133999999999958
286 285 -38.4615399999999994
288 285 -4.8520139999999996
289 285 -6.9396250000000004
291 285 -14.0055999999999994
293 285 -1.4556039999999999
295 285 -10.1832999999999991
296 285 -6.9832409999999996
297 285 -2.9019149999999998
298 285 -24.6305399999999999
285 286 -38.4615399999999994
286 286 493.8455999999999904
295 286 -109.8901000000000039
297 286 -41.8410000000000011
298 286 -166.6666999999999916
315 286 -136.9863000000000000
270 287 -2.0500200000000000
278 287 -1.6249590000000000
287 287 16.0813799999999993
293 287 -9.5510990000000007
295 287 -0.3824970000000000
297 287 -2.4727990000000002
285 288 -4.8520139999999996
288 288 11.2532099999999993
291 288 -2.3674240000000002
293 288 -1.6775709999999999
298 288 -1.1846939999999999
307 288 -1.1715089999999999
281 289 -5.4347830000000004
283 289 -9.7465890000000002
285 289 -6.9396250000000004
289 289 153.7221999999999866
290 289 -10.5374099999999995
293 289 -58.1395300000000006
295 289 -46.9483600000000010
297 289 -5.4495909999999999
298 289 -10.5263200000000001
197 290 -39.2156900000000022
279 290 -48.7804900000000004
281 290 -8.1833069999999992
283 290 -15.4559499999999996
289 290 -10.5374099999999995
290 290 345.9012999999999920
292 290 -121.9512000000000000
295 290 -69.9300700000000006
309 290 -31.8471399999999996
285 291 -14.0055999999999994
288 291 -2.3674240000000002
291 291 363.7608999999999924
292 291 -50.0000000000000000
294 291 -23.9808100000000017
298 291 -3.1367630000000002
315 291 -270.2703000000000202
290 292 -121.9512000000000000
291 292 -50.0000000000000000
292 292 209.6870999999999867
309 292 -37.7358499999999992
285 293 -1.4556039999999999
287 293 -9.5510990000000007
288 293 -1.6775709999999999
289 293 -58.1395300000000006
293 293 98.7567700000000031
294 293 -27.9329600000000013
291 294 -23.9808100000000017
293 294 -27.9329600000000013
294 294 51.9137800000000027
281 295 -36.6300400000000010
283 295 -64.5161300000000040
285 295 -10.1832999999999991
286 295 -109.8901000000000039
287 295 -0.3824970000000000
289 295 -46.9483600000000010
290 295 -69.9300700000000006
295 295 398.5466000000000122
296 295 -34.1296899999999965
297 295 -7.8988940000000003
298 295 -6.7888659999999996
311 295 -11.2485900000000001
282 296 -1.1107410000000000
285 296 -6.9832409999999996
295 296 -34.1296899999999965
296 296 189.3610999999999933
301 296 -116.8059999999999974
310 296 -1.6361260000000000
311 296 -27.1739099999999993
312 296 -1.5213749999999999
270 297 -30.5877899999999983
278 297 -1.4102380000000001
283 297 -57.1428599999999989
285 297 -2.9019149999999998
286 297 -41.8410000000000011
287 297 -2.4727990000000002
289 297 -5.4495909999999999
295 297 -7.8988940000000003
297 297 152.0674999999999955
298 297 -2.3623910000000001
285 298 -24.6305399999999999
286 298 -166.6666999999999916
288 298 -1.1846939999999999
289 298 -10.5263200000000001
291 298 -3.1367630000000002
295 298 -6.7888659999999996
297 298 -2.3623910000000001
298 298 215.2961999999999989
299 299 216.4159999999999968
300 299 -53.7634400000000028
303 299 -26.8096500000000013
305 299 -15.3609799999999996
314 299 -120.4818999999999960
299 300 -53.7634400000000028
300 300 428.4356999999999971
305 300 -9.1659030000000001
306 300 -62.4760500000000008
308 300 -303.0303000000000111
282 301 -1.6603019999999999
296 301 -116.8059999999999974
301 301 181.1911000000000058
310 301 -58.3491599999999977
311 301 -2.1034920000000001
312 301 -2.2722110000000000
302 302 64.1025700000000001
313 302 -64.1025700000000001
299 303 -26.8096500000000013
303 303 32.1831099999999992
305 303 -5.3734549999999999
304 304 182.3387999999999920
308 304 -119.0476000000000028
313 304 -63.2911399999999986
299 305 -15.3609799999999996
300 305 -9.1659030000000001
303 305 -5.3734549999999999
305 305 48.6734200000000001
306 305 -12.6903600000000001
312 305 -6.0827249999999999
300 306 -62.4760500000000008
305 306 -12.6903600000000001
306 306 375.4868000000000166
308 306 -49.0196100000000001
312 306 -84.6341400000000021
313 306 -166.6666999999999916
288 307 -1.1715089999999999
307 307 1.9455030000000000
310 307 -0.7739938000000000
300 308 -303.0303000000000111
304 308 -119.0476000000000028
306 308 -49.0196100000000001
308 308 537.7641999999999598
309 308 -66.6666699999999963
290 309 -31.8471399999999996
292 309 -37.7358499999999992
308 309 -66.6666699999999963
309 309 136.2496999999999900
282 310 -0.6181998000000000
296 310 -1.6361260000000000
301 310 -58.3491599999999977
307 310 -0.7739938000000000
310 310 155.7786000000000115
311 310 -10.4166699999999999
312 310 -50.6511500000000012
315 310 -33.3333399999999997
282 311 -0.5330774000000000
295 311 -11.2485900000000001
296 311 -27.1739099999999993
301 311 -2.1034920000000001
310 311 -10.4166699999999999
311 311 168.7396999999999991
312 311 -117.2639000000000067
282 312 -0.5835667000000000
296 312 -1.5213749999999999
301 312 -2.2722110000000000
305 312 -6.0827249999999999
306 312 -84.6341400000000021
310 312 -50.6511500000000012
311 312 -117.2639000000000067
312 312 328.3684999999999832
313 312 -65.3594700000000017
302 313 -64.1025700000000001
304 313 -63.2911399999999986
306 313 -166.6666999999999916
312 313 -65.3594700000000017
313 313 359.4198999999999842
299 314 -120.4818999999999960
314 314 120.4818999999999960
286 315 -136.9863000000000000
291 315 -270.2703000000000202
310 315 -33.3333399999999997
315 315 440.5899000000000001
316 316 6.4226070000000002
408 316 -6.4226070000000002
317 317 120.6000999999999976
318 317 -11.7647099999999991
324 317 -10.9528999999999996
339 317 -64.9350699999999961
343 317 -4.7641730000000004
344 317 -2.6315789999999999
357 317 -4.3763680000000003
363 317 -1.9361079999999999
373 317 -2.6048450000000001
431 317 -0.8274720000000000
435 317 -4.9627790000000003
441 317 -5.5586430000000000
446 317 -5.2854120000000000
317 318 -11.7647099999999991
318 318 22.4751699999999985
435 318 -7.1377590000000000
446 318 -3.5727039999999999
319 319 192.4285999999999888
320 319 -182.3607000000000085
360 319 -1.6079749999999999
363 319 -7.1123760000000003
364 319 -1.3475269999999999
319 320 -182.3607000000000085
320 320 358.7774999999999750
321 320 -109.3027000000000015
322 320 -67.1140999999999934
320 321 -109.3027000000000015
321 321 379.3224999999999909
322 321 -185.1852000000000089
323 321 -6.3653719999999998
324 321 -13.5135100000000001
427 321 -41.4937699999999978
438 321 -8.3333340000000007
442 321 -15.1285900000000009
320 322 -67.1140999999999934
321 322 -185.1852000000000089
322 322 252.2992999999999881
321 323 -6.3653719999999998
323 323 47.8995400000000018
437 323 -16.8067199999999985
438 323 -0.4209640000000000
440 323 -17.2711599999999983
442 323 -0.7578629000000000
446 323 -6.2774640000000002
317 324 -10.9528999999999996
321 324 -13.5135100000000001
324 324 49.3820899999999980
427 324 -4.3591980000000001
442 324 -11.6279100000000000
446 324 -8.9285709999999998
325 325 270.7208999999999719
339 325 -77.5193799999999982
427 325 -79.3650800000000061
445 325 -47.1698099999999982
446 325 -66.6666699999999963
326 326 556.9252000000000180
328 326 -135.1350999999999942
339 326 -37.1747200000000007
445 326 -384.6154000000000224
327 327 18.0569400000000009
328 327 -10.4058299999999999
409 327 -7.6511089999999999
326 328 -135.1350999999999942
327 328 -10.4058299999999999
328 328 229.5733999999999924
330 328 -8.5397099999999995
409 328 -49.7512400000000028
430 328 -17.9533200000000015
436 328 -7.7881619999999998
329 329 5.3512779999999998
336 329 -0.4795243000000000
424 329 -2.2532670000000001
430 329 -2.6184859999999999
328 330 -8.5397099999999995
330 330 12.6649200000000004
331 330 -1.1176930000000000
336 330 -3.0075189999999998
330 331 -1.1176930000000000
331 331 25.1153399999999998
336 331 -10.5024599999999992
424 331 -0.6910849999999999
436 331 -12.8041000000000000
332 332 106.3448000000000064
333 332 -69.4444400000000002
347 332 -36.9003700000000023
332 333 -69.4444400000000002
333 333 109.5818000000000012
334 333 -32.0779799999999966
335 333 -1.3726840000000000
336 333 -4.3878890000000004
424 333 -2.2988510000000000
333 334 -32.0779799999999966
334 334 35.4804999999999993
336 334 -3.4025180000000002
333 335 -1.3726840000000000
335 335 17.3695799999999991
336 335 -13.1092300000000002
424 335 -2.8876700000000000
329 336 -0.4795243000000000
330 336 -3.0075189999999998
331 336 -10.5024599999999992
333 336 -4.3878890000000004
334 336 -3.4025180000000002
335 336 -13.1092300000000002
336 336 105.1349000000000018
337 336 -25.9067299999999996
338 336 -43.7746500000000012
344 336 -0.5643977999999999
336 337 -25.9067299999999996
337 337 277.2943000000000211
338 337 -223.6739000000000033
345 337 -20.1207199999999986
349 337 -7.5930150000000003
336 338 -43.7746500000000012
337 338 -223.6739000000000033
338 338 289.7201999999999771
345 338 -22.2717199999999984
317 339 -64.9350699999999961
325 339 -77.5193799999999982
326 339 -37.1747200000000007
339 339 388.1311999999999784
340 339 -131.5789000000000044
341 339 -76.9230699999999956
339 340 -131.5789000000000044
340 340 278.6677999999999997
341 340 -90.9090900000000062
427 340 -56.1797800000000009
339 341 -76.9230699999999956
340 341 -90.9090900000000062
341 341 515.3845000000000027
342 341 -156.2500000000000000
357 341 -21.5982699999999994
360 341 -17.0940200000000004
362 341 -46.7289699999999968
428 341 -101.0100999999999942
441 341 -4.8709210000000001
341 342 -156.2500000000000000
342 342 195.9325000000000045
347 342 -39.6825400000000030
317 343 -4.7641730000000004
343 343 16.4399499999999996
344 343 -0.6133088000000000
345 343 -6.6181340000000004
357 343 -2.3523879999999999
431 343 -0.8799719000000000
441 343 -1.2119740000000001
317 344 -2.6315789999999999
336 344 -0.5643977999999999
343 344 -0.6133088000000000
344 344 78.6656499999999994
345 344 -74.0740700000000061
373 344 -0.7822890000000000
337 345 -20.1207199999999986
338 345 -22.2717199999999984
343 345 -6.6181340000000004
344 345 -74.0740700000000061
345 345 181.4430999999999869
346 345 -50.2512600000000020
354 345 -6.9013109999999998
375 345 -1.2058359999999999
345 346 -50.2512600000000020
346 346 69.0836500000000058
348 346 -18.8323900000000002
332 347 -36.9003700000000023
342 347 -39.6825400000000030
347 347 1235.6739999999999782
352 347 -250.0000000000000000
443 347 -909.0909000000000333
346 348 -18.8323900000000002
348 348 180.1227000000000089
349 348 -161.2903000000000020
337 349 -7.5930150000000003
348 349 -161.2903000000000020
349 349 302.4780000000000086
353 349 -7.2463769999999998
354 349 -14.5560399999999994
433 349 -12.9870099999999997
434 349 -30.3120699999999985
443 349 -68.4931500000000000
350 350 79.3265200000000021
351 350 -19.8412700000000015
368 350 -10.9051200000000001
381 350 -13.3868799999999997
382 350 -15.0602400000000003
433 350 -16.0513599999999990
434 350 -4.0816330000000001
350 351 -19.8412700000000015
351 351 84.2527500000000060
353 351 -64.4114799999999974
347 352 -250.0000000000000000
352 352 411.4633000000000038
353 352 -66.2251700000000056
376 352 -95.2381000000000029
349 353 -7.2463769999999998
351 353 -64.4114799999999974
352 353 -66.2251700000000056
353 353 145.6469999999999914
381 353 -7.7639750000000003
345 354 -6.9013109999999998
349 354 -14.5560399999999994
354 354 25.4573500000000017
375 354 -4.0000000000000000
355 355 58.1985999999999990
356 355 -26.3157899999999998
366 355 -2.8481909999999999
367 355 -1.9135089999999999
370 355 -17.1526600000000009
373 355 -3.6390099999999999
429 355 -2.5813109999999999
431 355 -3.7481260000000001
355 356 -26.3157899999999998
356 356 42.5232499999999973
358 356 -16.2074500000000015
317 357 -4.3763680000000003
341 357 -21.5982699999999994
343 357 -2.3523879999999999
357 357 123.9107999999999947
358 357 -34.2465699999999984
360 357 -36.2318799999999968
429 357 -13.7931000000000008
441 357 -11.3122199999999999
356 358 -16.2074500000000015
357 358 -34.2465699999999984
358 358 152.5683999999999969
360 358 -43.1034500000000023
429 358 -59.0109300000000019
359 359 110.8640000000000043
360 359 -50.5050499999999971
361 359 -25.1889199999999995
363 359 -6.1842920000000001
366 359 -24.3646600000000007
429 359 -4.6210719999999998
319 360 -1.6079749999999999
341 360 -17.0940200000000004
357 360 -36.2318799999999968
358 360 -43.1034500000000023
359 360 -50.5050499999999971
360 360 156.9316000000000031
441 360 -8.3892620000000004
359 361 -25.1889199999999995
361 361 33.1128500000000017
363 361 -7.9239300000000004
341 362 -46.7289699999999968
362 362 46.7289699999999968
317 363 -1.9361079999999999
319 363 -7.1123760000000003
359 363 -6.1842920000000001
361 363 -7.9239300000000004
363 363 51.2379299999999986
364 363 -28.0812300000000015
319 364 -1.3475269999999999
363 364 -28.0812300000000015
364 364 77.7379300000000057
365 364 -48.3091799999999978
364 365 -48.3091799999999978
365 365 57.0734199999999987
399 365 -8.7642419999999994
355 366 -2.8481909999999999
359 366 -24.3646600000000007
366 366 63.1056999999999988
367 366 -13.5869599999999995
402 366 -3.9572620000000001
429 366 -18.3486300000000000
355 367 -1.9135089999999999
366 367 -13.5869599999999995
367 367 42.9687199999999976
369 367 -11.2612600000000000
402 367 -2.6574540000000000
404 367 -1.2342630000000001
429 367 -12.3152699999999999
350 368 -10.9051200000000001
368 368 10.9051200000000001
367 369 -11.2612600000000000
369 369 22.5862900000000018
372 369 -11.3250299999999999
355 370 -17.1526600000000009
370 370 29.2299499999999988
372 370 -12.0772899999999996
371 371 42.3502000000000010
372 371 -30.4878000000000000
431 371 -11.8623999999999992
369 372 -11.3250299999999999
370 372 -12.0772899999999996
371 372 -30.4878000000000000
372 372 61.7328400000000030
398 372 -7.0372969999999997
404 372 -0.8054124000000000
317 373 -2.6048450000000001
344 373 -0.7822890000000000
355 373 -3.6390099999999999
373 373 68.1061899999999980
375 373 -56.6572200000000024
431 373 -4.4228220000000000
374 374 81.9672199999999975
378 374 -81.9672199999999975
345 375 -1.2058359999999999
354 375 -4.0000000000000000
373 375 -56.6572200000000024
375 375 84.6136599999999959
377 375 -20.6611599999999989
398 375 -1.6345209999999999
411 375 -0.4549177000000000
352 376 -95.2381000000000029
376 376 426.9452999999999747
378 376 -65.3594700000000017
392 376 -90.9090900000000062
448 376 -175.4386000000000081
375 377 -20.6611599999999989
377 377 108.2426999999999992
380 377 -14.0449400000000004
381 377 -9.0415910000000004
384 377 -16.9204800000000013
385 377 -24.0384600000000006
390 377 -10.9890100000000004
447 377 -12.5470500000000005
374 378 -81.9672199999999975
376 378 -65.3594700000000017
378 378 291.4275999999999840
379 378 -84.7457600000000042
388 378 -9.3109870000000008
390 378 -22.8702800000000011
447 378 -27.1739099999999993
378 379 -84.7457600000000042
379 379 97.6323500000000024
387 379 -12.8865999999999996
377 380 -14.0449400000000004
380 380 57.3349899999999977
381 380 -43.2900399999999976
350 381 -13.3868799999999997
353 381 -7.7639750000000003
377 381 -9.0415910000000004
380 381 -43.2900399999999976
381 381 88.5427300000000059
383 381 -15.0602400000000003
350 382 -15.0602400000000003
382 382 24.6204700000000010
383 382 -9.5602289999999996
381 383 -15.0602400000000003
382 383 -9.5602289999999996
383 383 52.3213000000000008
384 383 -27.7008299999999998
377 384 -16.9204800000000013
383 384 -27.7008299999999998
384 384 44.6213100000000011
377 385 -24.0384600000000006
385 385 48.8348200000000006
390 385 -11.7924500000000005
447 385 -13.0038999999999998
386 386 16.0513599999999990
388 386 -16.0513599999999990
379 387 -12.8865999999999996
387 387 589.2920000000000300
388 387 -74.2453799999999973
393 387 -16.2601599999999991
447 387 -485.8998000000000275
378 388 -9.3109870000000008
386 388 -16.0513599999999990
387 388 -74.2453799999999973
388 388 167.8505999999999858
389 388 -33.0033000000000030
393 388 -35.2396200000000022
388 389 -33.0033000000000030
389 389 101.7857999999999947
390 389 -49.0196100000000001
393 389 -19.7628500000000003
377 390 -10.9890100000000004
378 390 -22.8702800000000011
385 390 -11.7924500000000005
389 390 -49.0196100000000001
390 390 151.4894999999999925
391 390 -56.8181799999999981
390 391 -56.8181799999999981
391 391 68.1303999999999945
394 391 -11.3122199999999999
376 392 -90.9090900000000062
392 392 212.2205999999999904
393 392 -66.6666699999999963
406 392 -54.6448099999999997
387 393 -16.2601599999999991
388 393 -35.2396200000000022
389 393 -19.7628500000000003
392 393 -66.6666699999999963
393 393 203.8993000000000109
394 393 -18.2481699999999982
395 393 -33.9448599999999985
398 393 -3.7537539999999998
403 393 -0.8305648000000000
404 393 -1.1743980000000001
411 393 -1.0447139999999999
431 393 -6.9735009999999997
391 394 -11.3122199999999999
393 394 -18.2481699999999982
394 394 91.0614900000000063
395 394 -34.6020800000000008
396 394 -26.8990200000000002
393 395 -33.9448599999999985
394 395 -34.6020800000000008
395 395 76.5903899999999993
398 395 -2.8320590000000001
404 395 -0.8861321000000000
411 395 -4.3252600000000001
394 396 -26.8990200000000002
396 396 43.7624300000000019
397 396 -16.8634099999999982
396 397 -16.8634099999999982
397 397 23.1408699999999996
410 397 -6.2774640000000002
372 398 -7.0372969999999997
375 398 -1.6345209999999999
393 398 -3.7537539999999998
395 398 -2.8320590000000001
398 398 30.6052999999999997
403 398 -4.1771089999999997
404 398 -5.9101650000000001
411 398 -5.2603890000000000
365 399 -8.7642419999999994
399 399 42.2376700000000014
401 399 -22.1483899999999991
402 399 -11.3250299999999999
400 400 16.7809099999999987
401 400 -6.2656640000000001
403 400 -10.5152500000000000
399 401 -22.1483899999999991
400 401 -6.2656640000000001
401 401 32.3126900000000035
408 401 -3.8986350000000001
366 402 -3.9572620000000001
367 402 -2.6574540000000000
399 402 -11.3250299999999999
402 402 21.5265400000000007
429 402 -3.5868000000000002
393 403 -0.8305648000000000
398 403 -4.1771089999999997
400 403 -10.5152500000000000
403 403 213.0257000000000005
404 403 -38.0713799999999978
407 403 -81.3824400000000026
411 403 -78.0489699999999971
367 404 -1.2342630000000001
372 404 -0.8054124000000000
393 404 -1.1743980000000001
395 404 -0.8861321000000000
398 404 -5.9101650000000001
403 404 -38.0713799999999978
404 404 51.3950900000000033
411 404 -1.6452780000000000
429 404 -1.6680569999999999
405 405 72.3363599999999991
407 405 -54.9450500000000019
408 405 -17.3913000000000011
392 406 -54.6448099999999997
406 406 188.0289999999999964
407 406 -64.1025700000000001
421 406 -37.7358499999999992
428 406 -31.5457399999999986
403 407 -81.3824400000000026
405 407 -54.9450500000000019
406 407 -64.1025700000000001
407 407 364.7921999999999798
410 407 -13.9275800000000007
412 407 -64.5639599999999945
413 407 -85.8705700000000007
316 408 -6.4226070000000002
401 408 -3.8986350000000001
405 408 -17.3913000000000011
408 408 36.9037199999999999
416 408 -9.1911760000000005
327 409 -7.6511089999999999
328 409 -49.7512400000000028
409 409 57.4023499999999984
397 410 -6.2774640000000002
407 410 -13.9275800000000007
410 410 81.5877700000000061
411 410 -39.8404799999999994
414 410 -13.9664800000000007
417 410 -7.5757580000000004
375 411 -0.4549177000000000
393 411 -1.0447139999999999
395 411 -4.3252600000000001
398 411 -5.2603890000000000
403 411 -78.0489699999999971
404 411 -1.6452780000000000
410 411 -39.8404799999999994
411 411 130.6200000000000045
407 412 -64.5639599999999945
412 412 118.3273999999999972
413 412 -53.7634400000000028
407 413 -85.8705700000000007
412 413 -53.7634400000000028
413 413 214.0535999999999888
414 413 -69.4444400000000002
417 413 -4.9751240000000001
410 414 -13.9664800000000007
413 414 -69.4444400000000002
414 414 109.7817000000000007
415 414 -14.8367900000000006
417 414 -11.5340299999999996
414 415 -14.8367900000000006
415 415 47.5654200000000031
416 415 -6.4226070000000002
417 415 -6.3856960000000003
425 415 -19.9203200000000002
408 416 -9.1911760000000005
415 416 -6.4226070000000002
416 416 24.3857099999999996
417 416 -8.7719299999999993
410 417 -7.5757580000000004
413 417 -4.9751240000000001
414 417 -11.5340299999999996
415 417 -6.3856960000000003
416 417 -8.7719299999999993
417 417 54.8979799999999969
418 417 -7.3909830000000003
419 417 -8.2644620000000000
417 418 -7.3909830000000003
418 418 105.9063000000000017
422 418 -98.5153099999999995
417 419 -8.2644620000000000
419 419 71.5806000000000040
420 419 -35.4609900000000025
422 419 -27.8551499999999983
419 420 -35.4609900000000025
420 420 44.8949500000000015
423 420 -9.4339630000000003
199 421 -86.9565199999999976
406 421 -37.7358499999999992
421 421 190.0517999999999859
422 421 -65.3594700000000017
418 422 -98.5153099999999995
419 422 -27.8551499999999983
421 422 -65.3594700000000017
422 422 191.7298999999999864
420 423 -9.4339630000000003
423 423 9.4339630000000003
329 424 -2.2532670000000001
331 424 -0.6910849999999999
333 424 -2.2988510000000000
335 424 -2.8876700000000000
424 424 13.5304400000000005
430 424 -5.3995680000000004
415 425 -19.9203200000000002
425 425 19.9203200000000002
426 426 289.5833000000000084
427 426 -156.2500000000000000
524 426 -133.3333000000000084
321 427 -41.4937699999999978
324 427 -4.3591980000000001
325 427 -79.3650800000000061
340 427 -56.1797800000000009
426 427 -156.2500000000000000
427 427 342.5498000000000047
442 427 -4.9019610000000000
341 428 -101.0100999999999942
406 428 -31.5457399999999986
428 428 205.0195999999999970
429 428 -72.4637699999999967
355 429 -2.5813109999999999
357 429 -13.7931000000000008
358 429 -59.0109300000000019
359 429 -4.6210719999999998
366 429 -18.3486300000000000
367 429 -12.3152699999999999
402 429 -3.5868000000000002
404 429 -1.6680569999999999
428 429 -72.4637699999999967
429 429 188.3889000000000067
328 430 -17.9533200000000015
329 430 -2.6184859999999999
424 430 -5.3995680000000004
430 430 25.9713799999999999
317 431 -0.8274720000000000
343 431 -0.8799719000000000
355 431 -3.7481260000000001
371 431 -11.8623999999999992
373 431 -4.4228220000000000
393 431 -6.9735009999999997
431 431 28.7142899999999983
432 432 20.4792899999999989
444 432 -3.3411300000000002
446 432 -17.1381599999999992
349 433 -12.9870099999999997
350 433 -16.0513599999999990
433 433 29.0383800000000001
349 434 -30.3120699999999985
350 434 -4.0816330000000001
434 434 34.3937000000000026
317 435 -4.9627790000000003
318 435 -7.1377590000000000
435 435 20.4674599999999991
444 435 -1.6147260000000001
446 435 -6.7521940000000003
328 436 -7.7881619999999998
331 436 -12.8041000000000000
436 436 20.5922599999999996
323 437 -16.8067199999999985
437 437 56.8067199999999985
438 437 -40.0000000000000000
321 438 -8.3333340000000007
323 438 -0.4209640000000000
437 438 -40.0000000000000000
438 438 148.7543000000000006
504 438 -100.0000000000000000
439 439 121.6326999999999998
440 439 -40.0000000000000000
456 439 -81.6326499999999982
323 440 -17.2711599999999983
439 440 -40.0000000000000000
440 440 97.2711599999999947
456 440 -40.0000000000000000
317 441 -5.5586430000000000
341 441 -4.8709210000000001
343 441 -1.2119740000000001
357 441 -11.3122199999999999
360 441 -8.3892620000000004
441 441 31.3430199999999992
321 442 -15.1285900000000009
323 442 -0.7578629000000000
324 442 -11.6279100000000000
427 442 -4.9019610000000000
442 442 32.4163199999999989
347 443 -909.0909000000000333
349 443 -68.4931500000000000
443 443 977.5841000000000349
432 444 -3.3411300000000002
435 444 -1.6147260000000001
444 444 73.5714600000000019
445 444 -66.6666699999999963
446 444 -1.9489380000000001
325 445 -47.1698099999999982
326 445 -384.6154000000000224
444 445 -66.6666699999999963
445 445 498.4519000000000233
317 446 -5.2854120000000000
318 446 -3.5727039999999999
323 446 -6.2774640000000002
324 446 -8.9285709999999998
325 446 -66.6666699999999963
432 446 -17.1381599999999992
435 446 -6.7521940000000003
444 446 -1.9489380000000001
446 446 116.5700999999999965
377 447 -12.5470500000000005
378 447 -27.1739099999999993
385 447 -13.0038999999999998
387 447 -485.8998000000000275
447 447 607.1178999999999633
448 447 -68.4931500000000000
376 448 -175.4386000000000081
447 448 -68.4931500000000000
448 448 243.9317000000000064
449 449 198.1847999999999956
463 449 -70.4225299999999947
465 449 -97.0873799999999960
502 449 -30.6748499999999993
450 450 21.4701899999999988
466 450 -9.1996319999999994
467 450 -6.8446270000000000
482 450 -5.4259360000000001
451 451 20.0499599999999987
457 451 -8.0192460000000008
460 451 -5.1150890000000002
668 451 -6.9156290000000000
452 452 58.2381000000000029
453 452 -9.2827979999999997
454 452 -8.7642419999999994
455 452 -4.0899799999999997
534 452 -36.1010800000000032
452 453 -9.2827979999999997
453 453 76.7382400000000047
454 453 -3.2446459999999999
486 453 -2.4044240000000001
512 453 -11.8063699999999994
533 453 -50.0000000000000000
452 454 -8.7642419999999994
453 454 -3.2446459999999999
454 454 34.2907300000000035
471 454 -20.1546300000000009
475 454 -2.1272069999999998
452 455 -4.0899799999999997
455 455 47.6704900000000009
462 455 -7.4794320000000001
535 455 -36.1010800000000032
439 456 -81.6326499999999982
440 456 -40.0000000000000000
456 456 162.6111999999999966
466 456 -9.5238090000000000
484 456 -11.4547500000000007
504 456 -20.0000000000000000
451 457 -8.0192460000000008
457 457 18.6802300000000017
461 457 -10.6609800000000003
458 458 23.2723499999999994
466 458 -8.2101810000000004
467 458 -10.1214600000000008
542 458 -4.9407110000000003
459 459 32.2545799999999971
460 459 -4.5495910000000004
479 459 -15.2671799999999998
668 459 -12.4378100000000007
451 460 -5.1150890000000002
459 460 -4.5495910000000004
460 460 54.6322699999999983
461 460 -4.5269349999999999
462 460 -7.1073209999999998
518 460 -33.3333399999999997
457 461 -10.6609800000000003
460 461 -4.5269349999999999
461 461 27.1220700000000008
465 461 -1.3266119999999999
477 461 -1.8047290000000000
542 461 -8.8028160000000000
455 462 -7.4794320000000001
460 462 -7.1073209999999998
462 462 59.5688299999999984
463 462 -36.1010800000000032
465 462 -8.8809950000000004
449 463 -70.4225299999999947
462 463 -36.1010800000000032
463 463 164.3271000000000015
557 463 -57.8034699999999972
464 464 23.9583200000000005
473 464 -5.0150449999999998
479 464 -7.3691959999999996
665 464 -11.5740700000000007
449 465 -97.0873799999999960
461 465 -1.3266119999999999
462 465 -8.8809950000000004
465 465 178.7239999999999895
477 465 -1.9845210000000000
518 465 -69.4444400000000002
450 466 -9.1996319999999994
456 466 -9.5238090000000000
458 466 -8.2101810000000004
466 466 26.9336200000000012
450 467 -6.8446270000000000
458 467 -10.1214600000000008
467 467 85.7835199999999958
472 467 -6.8446270000000000
477 467 -7.2150069999999999
484 467 -18.6567200000000000
543 467 -36.1010800000000032
468 468 154.1996000000000038
476 468 -15.6494499999999999
481 468 -13.5501400000000007
501 468 -125.0000000000000000
469 469 29.5137099999999997
474 469 -9.0497739999999993
665 469 -11.3895199999999992
667 469 -9.0744089999999993
470 470 57.2843900000000019
478 470 -29.9725499999999982
485 470 -1.6636169999999999
546 470 -2.9403120000000000
597 470 -15.2060300000000002
598 470 -7.5018750000000001
454 471 -20.1546300000000009
471 471 34.8902700000000010
475 471 -3.1615560000000000
547 471 -11.5740700000000007
467 472 -6.8446270000000000
472 472 31.3767099999999992
477 472 -19.9600800000000014
482 472 -0.7719027000000001
489 472 -0.9364173000000000
523 472 -2.8636879999999998
464 473 -5.0150449999999998
473 473 70.3605299999999971
478 473 -4.0633889999999999
483 473 -8.6505189999999992
666 473 -52.6315799999999996
469 474 -9.0497739999999993
474 474 47.8885399999999990
479 474 -16.5289199999999994
525 474 -18.4842900000000014
666 474 -3.8255550000000000
454 475 -2.1272069999999998
471 475 -3.1615560000000000
475 475 12.9810700000000008
597 475 -7.6923079999999997
468 476 -15.6494499999999999
476 476 119.0493000000000023
481 476 -37.1747200000000007
488 476 -66.2251700000000056
461 477 -1.8047290000000000
465 477 -1.9845210000000000
467 477 -7.2150069999999999
472 477 -19.9600800000000014
477 477 70.9643400000000071
531 477 -40.0000000000000000
470 478 -29.9725499999999982
473 478 -4.0633889999999999
478 478 44.4125999999999976
577 478 -4.6948359999999996
597 478 -5.6818179999999998
459 479 -15.2671799999999998
464 479 -7.3691959999999996
474 479 -16.5289199999999994
479 479 66.6378299999999939
480 479 -27.4725299999999990
479 480 -27.4725299999999990
480 480 227.7651999999999930
525 480 -129.8701000000000079
667 480 -70.4225299999999947
468 481 -13.5501400000000007
476 481 -37.1747200000000007
481 481 108.0750000000000028
489 481 -1.8099550000000000
523 481 -5.5401660000000001
526 481 -50.0000000000000000
450 482 -5.4259360000000001
472 482 -0.7719027000000001
482 482 28.8832500000000003
489 482 -2.4813900000000002
519 482 -12.5470500000000005
523 482 -7.6569680000000000
473 483 -8.6505189999999992
483 483 27.2724900000000012
485 483 -18.6219700000000010
456 484 -11.4547500000000007
467 484 -18.6567200000000000
484 484 45.7609300000000019
519 484 -15.6494499999999999
470 485 -1.6636169999999999
483 485 -18.6219700000000010
485 485 187.9047999999999945
545 485 -159.5677000000000021
546 485 -8.0515299999999996
453 486 -2.4044240000000001
486 486 165.1535000000000082
487 486 -50.0000000000000000
495 486 -33.3341700000000003
497 486 -9.2336100000000005
499 486 -36.8324100000000030
500 486 -11.4547500000000007
501 486 -18.9753299999999996
512 486 -2.9188559999999999
486 487 -50.0000000000000000
487 487 359.1340000000000146
502 487 -149.2537000000000091
521 487 -100.0000000000000000
538 487 -59.8802400000000006
476 488 -66.2251700000000056
488 488 147.2974000000000103
489 488 -37.5939899999999980
499 488 -43.4782599999999988
472 489 -0.9364173000000000
481 489 -1.8099550000000000
482 489 -2.4813900000000002
488 489 -37.5939899999999980
489 489 283.3285999999999945
491 489 -153.8461000000000070
492 489 -28.1690100000000001
503 489 -30.9597499999999997
508 489 -5.2493439999999998
519 489 -10.1317100000000000
523 489 -9.3457950000000007
536 489 -2.8050489999999999
490 490 629.1516000000000304
514 490 -40.0000000000000000
521 490 -153.8461000000000070
527 490 -64.9350699999999961
529 490 -370.3704000000000178
489 491 -153.8461000000000070
491 491 335.6777999999999906
502 491 -120.4818999999999960
522 491 -61.3496900000000025
489 492 -28.1690100000000001
492 492 232.3557999999999879
498 492 -37.4531899999999993
503 492 -35.3356899999999996
508 492 -7.9744809999999999
520 492 -39.6039600000000007
536 492 -4.4543429999999997
540 492 -79.3650800000000061
493 493 13.2214299999999998
506 493 -2.4038460000000001
509 493 -4.6750819999999997
515 493 -6.1425060000000000
494 494 4.6296299999999997
511 494 -4.6296299999999997
486 495 -33.3341700000000003
495 495 59.4500799999999998
517 495 -2.3629490000000000
544 495 -23.7529700000000012
496 496 213.8461000000000070
497 496 -133.3333000000000084
509 496 -23.0414700000000003
520 496 -57.4712600000000009
486 497 -9.2336100000000005
496 497 -133.3333000000000084
497 497 403.8604000000000269
498 497 -54.0540499999999966
500 497 -107.2394000000000034
521 497 -100.0000000000000000
492 498 -37.4531899999999993
497 498 -54.0540499999999966
498 498 235.0996000000000095
520 498 -74.6268699999999967
540 498 -68.9655199999999979
486 499 -36.8324100000000030
488 499 -43.4782599999999988
499 499 113.7554999999999978
500 499 -33.4448200000000000
486 500 -11.4547500000000007
497 500 -107.2394000000000034
499 500 -33.4448200000000000
500 500 152.1389000000000067
468 501 -125.0000000000000000
486 501 -18.9753299999999996
501 501 193.9753000000000043
502 501 -50.0000000000000000
449 502 -30.6748499999999993
487 502 -149.2537000000000091
491 502 -120.4818999999999960
501 502 -50.0000000000000000
502 502 826.6009999999999991
526 502 -476.1904999999999859
489 503 -30.9597499999999997
492 503 -35.3356899999999996
503 503 162.4492999999999938
540 503 -96.1538500000000056
438 504 -100.0000000000000000
456 504 -20.0000000000000000
504 504 129.1158000000000072
505 504 -9.1157699999999995
504 505 -9.1157699999999995
505 505 13.1221800000000002
508 505 -4.0064109999999999
493 506 -2.4038460000000001
506 506 12.5561299999999996
508 506 -10.1522799999999993
507 507 10.1522799999999993
508 507 -10.1522799999999993
489 508 -5.2493439999999998
492 508 -7.9744809999999999
505 508 -4.0064109999999999
506 508 -10.1522799999999993
507 508 -10.1522799999999993
508 508 65.0073299999999961
536 508 -27.4725299999999990
493 509 -4.6750819999999997
496 509 -23.0414700000000003
509 509 77.7165499999999980
529 509 -50.0000000000000000
510 510 10.0711899999999996
515 510 -9.6153840000000006
517 510 -0.4558093000000000
494 511 -4.6296299999999997
511 511 27.2055399999999992
512 511 -1.7328020000000000
517 511 -15.5520999999999994
528 511 -5.2910060000000003
453 512 -11.8063699999999994
486 512 -2.9188559999999999
511 512 -1.7328020000000000
512 512 16.4580300000000008
513 513 14.1052499999999998
515 513 -5.0226020000000000
544 513 -9.0826519999999995
490 514 -40.0000000000000000
514 514 176.2376999999999896
516 514 -33.5570499999999967
532 514 -32.2580600000000004
538 514 -70.4225299999999947
493 515 -6.1425060000000000
510 515 -9.6153840000000006
513 515 -5.0226020000000000
515 515 46.4215200000000010
516 515 -25.6410300000000007
514 516 -33.5570499999999967
515 516 -25.6410300000000007
516 516 59.1980700000000013
495 517 -2.3629490000000000
510 517 -0.4558093000000000
511 517 -15.5520999999999994
517 517 22.8916499999999985
544 517 -4.5207949999999997
190 518 -40.1606400000000008
460 518 -33.3333399999999997
465 518 -69.4444400000000002
518 518 168.3190999999999917
531 518 -25.3807100000000005
482 519 -12.5470500000000005
484 519 -15.6494499999999999
489 519 -10.1317100000000000
519 519 38.3282200000000017
492 520 -39.6039600000000007
496 520 -57.4712600000000009
498 520 -74.6268699999999967
520 520 320.9558000000000106
527 520 -149.2537000000000091
487 521 -100.0000000000000000
490 521 -153.8461000000000070
497 521 -100.0000000000000000
521 521 353.8462000000000103
491 522 -61.3496900000000025
522 522 232.4971999999999923
523 522 -81.9672199999999975
526 522 -49.0196100000000001
531 522 -40.1606400000000008
472 523 -2.8636879999999998
481 523 -5.5401660000000001
482 523 -7.6569680000000000
489 523 -9.3457950000000007
522 523 -81.9672199999999975
523 523 107.3738000000000028
426 524 -133.3333000000000084
524 524 205.6153999999999940
537 524 -30.9597499999999997
543 524 -41.3223199999999977
474 525 -18.4842900000000014
480 525 -129.8701000000000079
525 525 188.3543999999999983
558 525 -40.0000000000000000
481 526 -50.0000000000000000
502 526 -476.1904999999999859
522 526 -49.0196100000000001
526 526 575.2101000000000113
490 527 -64.9350699999999961
520 527 -149.2537000000000091
527 527 418.4123999999999910
529 527 -80.0000000000000000
530 527 -124.2236000000000047
511 528 -5.2910060000000003
528 528 5.2910060000000003
490 529 -370.3704000000000178
509 529 -50.0000000000000000
527 529 -80.0000000000000000
529 529 500.3704000000000178
527 530 -124.2236000000000047
530 530 261.2099000000000046
536 530 -136.9863000000000000
477 531 -40.0000000000000000
518 531 -25.3807100000000005
522 531 -40.1606400000000008
531 531 160.7899999999999920
543 531 -55.2486200000000025
514 532 -32.2580600000000004
532 532 149.9051000000000045
533 532 -117.6470000000000056
453 533 -50.0000000000000000
532 533 -117.6470000000000056
533 533 214.1587000000000103
534 533 -46.5116299999999967
452 534 -36.1010800000000032
533 534 -46.5116299999999967
534 534 120.3486000000000047
535 534 -37.7358499999999992
455 535 -36.1010800000000032
534 535 -37.7358499999999992
535 535 444.2072999999999752
557 535 -370.3704000000000178
489 536 -2.8050489999999999
492 536 -4.4543429999999997
508 536 -27.4725299999999990
530 536 -136.9863000000000000
536 536 203.9763000000000090
537 536 -32.2580600000000004
524 537 -30.9597499999999997
536 537 -32.2580600000000004
537 537 63.2178200000000032
487 538 -59.8802400000000006
514 538 -70.4225299999999947
538 538 180.3027999999999906
544 538 -50.0000000000000000
539 539 19.8638300000000001
577 539 -7.6687120000000002
598 539 -12.1951199999999993
492 540 -79.3650800000000061
498 540 -68.9655199999999979
503 540 -96.1538500000000056
540 540 244.4844999999999970
40 541 -100.0000000000000000
541 541 136.1011000000000024
542 541 -36.1010800000000032
458 542 -4.9407110000000003
461 542 -8.8028160000000000
541 542 -36.1010800000000032
542 542 49.8446100000000030
467 543 -36.1010800000000032
524 543 -41.3223199999999977
531 543 -55.2486200000000025
543 543 132.6719999999999970
495 544 -23.7529700000000012
513 544 -9.0826519999999995
517 544 -4.5207949999999997
538 544 -50.0000000000000000
544 544 87.3564099999999968
485 545 -159.5677000000000021
545 545 507.7832000000000221
546 545 -11.8343200000000000
547 545 -3.0478510000000001
548 545 -166.6666999999999916
549 545 -166.6666999999999916
470 546 -2.9403120000000000
485 546 -8.0515299999999996
545 546 -11.8343200000000000
546 546 22.8261600000000016
471 547 -11.5740700000000007
545 547 -3.0478510000000001
547 547 14.6219300000000008
545 548 -166.6666999999999916
548 548 168.9498000000000104
597 548 -2.2831049999999999
545 549 -166.6666999999999916
549 549 168.9498000000000104
597 549 -2.2831049999999999
550 550 800.7373000000000047
551 550 -70.4225299999999947
555 550 -208.3333000000000084
563 550 -13.6986299999999996
612 550 -50.5050499999999971
636 550 -212.7659999999999911
643 550 -104.1667000000000058
654 550 -140.8451000000000022
550 551 -70.4225299999999947
551 551 189.4702000000000055
653 551 -119.0476000000000028
552 552 478.2239000000000146
553 552 -90.9090900000000062
554 552 -81.9672199999999975
579 552 -50.0000000000000000
630 552 -181.8181999999999903
641 552 -73.5294099999999986
552 553 -90.9090900000000062
553 553 1585.5219999999999345
583 553 -100.0000000000000000
584 553 -370.3704000000000178
591 553 -90.9090900000000062
605 553 -100.0000000000000000
649 553 -416.6666999999999916
650 553 -416.6666999999999916
552 554 -81.9672199999999975
554 554 818.2426000000000386
578 554 -50.0000000000000000
591 554 -81.9672199999999975
607 554 -27.5482100000000010
612 554 -102.0408000000000044
617 554 -50.0000000000000000
623 554 -112.3596000000000004
634 554 -200.0000000000000000
658 554 -112.3596000000000004
550 555 -208.3333000000000084
555 555 448.4990000000000236
614 555 -144.9275000000000091
627 555 -95.2381000000000029
556 556 199.6338000000000079
558 556 -31.3479600000000005
612 556 -42.3728800000000021
627 556 -30.6748499999999993
632 556 -66.6666699999999963
635 556 -28.5714299999999994
463 557 -57.8034699999999972
535 557 -370.3704000000000178
557 557 561.5072000000000116
558 557 -66.6666699999999963
639 557 -66.6666699999999963
525 558 -40.0000000000000000
556 558 -31.3479600000000005
557 558 -66.6666699999999963
558 558 138.0146000000000015
559 559 55.4281500000000023
561 559 -14.1643100000000004
577 559 -15.4798799999999996
601 559 -18.2481699999999982
617 559 -7.5357950000000002
560 560 63.8576800000000020
562 560 -17.9211500000000008
577 560 -15.4321000000000002
578 560 -9.4517959999999999
600 560 -21.0526300000000006
559 561 -14.1643100000000004
561 561 62.3587599999999966
566 561 -12.8534699999999997
567 561 -24.6913599999999995
579 561 -10.6496300000000002
560 562 -17.9211500000000008
562 562 75.6441399999999931
563 562 -24.1545899999999989
565 562 -13.2100399999999993
577 562 -9.7087380000000003
603 562 -10.6496300000000002
550 563 -13.6986299999999996
562 563 -24.1545899999999989
563 563 67.6295800000000042
564 563 -13.1926100000000002
648 563 -16.5837499999999984
563 564 -13.1926100000000002
564 564 193.6407000000000096
565 564 -51.5463900000000024
570 564 -28.9017300000000006
613 564 -50.0000000000000000
614 564 -50.0000000000000000
562 565 -13.2100399999999993
564 565 -51.5463900000000024
565 565 171.4647999999999968
570 565 -38.7596899999999991
624 565 -16.6666699999999999
643 565 -51.2820499999999981
561 566 -12.8534699999999997
566 566 227.0517999999999859
568 566 -109.8901000000000039
569 566 -37.0370399999999975
625 566 -17.2711599999999983
642 566 -50.0000000000000000
561 567 -24.6913599999999995
567 567 67.3550199999999961
569 567 -13.3155800000000006
576 567 -15.6494499999999999
645 567 -13.6986299999999996
566 568 -109.8901000000000039
568 568 198.3857000000000141
570 568 -88.4955700000000007
566 569 -37.0370399999999975
567 569 -13.3155800000000006
569 569 179.2543000000000006
570 569 -28.9017300000000006
613 569 -50.0000000000000000
614 569 -50.0000000000000000
564 570 -28.9017300000000006
565 570 -38.7596899999999991
568 570 -88.4955700000000007
569 570 -28.9017300000000006
570 570 538.0579000000000178
571 570 -152.9990999999999985
640 570 -100.0000000000000000
663 570 -100.0000000000000000
570 571 -152.9990999999999985
571 571 165.1904999999999859
593 571 -11.3507400000000001
652 571 -0.8406187000000001
572 572 138.8070999999999913
573 572 -34.7222200000000001
593 572 -0.9920635000000000
660 572 -103.0927999999999969
572 573 -34.7222200000000001
573 573 134.6584000000000003
616 573 -48.7804900000000004
647 573 -24.6305399999999999
648 573 -26.5252000000000017
574 574 90.1104200000000048
601 574 -15.4798799999999996
618 574 -24.6305399999999999
637 574 -50.0000000000000000
575 575 28.6429100000000005
577 575 -9.1743129999999997
600 575 -9.8716679999999997
601 575 -9.5969300000000004
567 576 -15.6494499999999999
576 576 141.6235000000000070
618 576 -25.9740299999999991
659 576 -100.0000000000000000
478 577 -4.6948359999999996
539 577 -7.6687120000000002
559 577 -15.4798799999999996
560 577 -15.4321000000000002
562 577 -9.7087380000000003
575 577 -9.1743129999999997
577 577 62.1585800000000006
554 578 -50.0000000000000000
560 578 -9.4517959999999999
578 578 83.2344599999999986
590 578 -15.6985899999999994
595 578 -8.0840739999999993
552 579 -50.0000000000000000
561 579 -10.6496300000000002
579 579 102.7450999999999937
605 579 -14.0055999999999994
625 579 -28.0898900000000005
580 580 85.4700899999999990
581 580 -50.5050499999999971
583 580 -34.9650299999999987
580 581 -50.5050499999999971
581 581 233.8831000000000131
582 581 -57.4712600000000009
586 581 -25.9067299999999996
611 581 -50.0000000000000000
619 581 -50.0000000000000000
581 582 -57.4712600000000009
582 582 208.3965000000000032
583 582 -105.2631999999999977
649 582 -45.6621000000000024
553 583 -100.0000000000000000
580 583 -34.9650299999999987
582 583 -105.2631999999999977
583 583 303.4168999999999983
603 583 -13.9275800000000007
606 583 -49.2610799999999998
553 584 -370.3704000000000178
584 584 474.3994999999999891
606 584 -48.7804900000000004
622 584 -55.2486200000000025
585 585 340.9200999999999908
619 585 -169.4915000000000020
622 585 -71.4285699999999935
646 585 -100.0000000000000000
581 586 -25.9067299999999996
586 586 91.3866100000000046
587 586 -15.4798799999999996
661 586 -50.0000000000000000
586 587 -15.4798799999999996
587 587 31.7279899999999984
589 587 -7.7519380000000000
606 587 -8.4961769999999994
588 588 28.8396299999999997
589 588 -7.9365079999999999
644 588 -8.4961769999999994
646 588 -12.4069500000000001
587 589 -7.7519380000000000
588 589 -7.9365079999999999
589 589 88.1427800000000019
590 589 -12.9032300000000006
592 589 -9.5510990000000007
609 589 -50.0000000000000000
578 590 -15.6985899999999994
589 590 -12.9032300000000006
590 590 144.2512999999999863
617 590 -15.6494499999999999
623 590 -50.0000000000000000
658 590 -50.0000000000000000
553 591 -90.9090900000000062
554 591 -81.9672199999999975
591 591 477.0043999999999755
603 591 -48.7804900000000004
629 591 -181.8181999999999903
653 591 -73.5294099999999986
589 592 -9.5510990000000007
592 592 123.2733999999999952
594 592 -7.7378729999999996
595 592 -5.9844400000000002
608 592 -100.0000000000000000
571 593 -11.3507400000000001
572 593 -0.9920635000000000
593 593 13.3844700000000003
652 593 -1.0416669999999999
592 594 -7.7378729999999996
594 594 76.6306799999999981
595 594 -6.1652279999999999
596 594 -18.8679300000000012
602 594 -43.8596500000000020
578 595 -8.0840739999999993
592 595 -5.9844400000000002
594 595 -6.1652279999999999
595 595 20.2337400000000009
594 596 -18.8679300000000012
596 596 104.9611000000000018
597 596 -5.6980060000000003
602 596 -30.3951400000000014
607 596 -50.0000000000000000
470 597 -15.2060300000000002
475 597 -7.6923079999999997
478 597 -5.6818179999999998
548 597 -2.2831049999999999
549 597 -2.2831049999999999
596 597 -5.6980060000000003
597 597 44.1409900000000022
602 597 -5.2966100000000003
470 598 -7.5018750000000001
539 598 -12.1951199999999993
598 598 19.6969999999999992
599 599 259.2753000000000156
604 599 -56.1797800000000009
611 599 -50.0000000000000000
619 599 -50.0000000000000000
646 599 -51.2820499999999981
651 599 -51.8134700000000024
560 600 -21.0526300000000006
575 600 -9.8716679999999997
600 600 43.5825299999999984
647 600 -12.6582299999999996
559 601 -18.2481699999999982
574 601 -15.4798799999999996
575 601 -9.5969300000000004
601 601 43.3249799999999965
594 602 -43.8596500000000020
596 602 -30.3951400000000014
597 602 -5.2966100000000003
602 602 79.5513899999999978
562 603 -10.6496300000000002
583 603 -13.9275800000000007
591 603 -48.7804900000000004
603 603 100.6055999999999955
624 603 -27.2479599999999991
599 604 -56.1797800000000009
604 604 188.1469999999999914
605 604 -81.9672199999999975
650 604 -50.0000000000000000
553 605 -100.0000000000000000
579 605 -14.0055999999999994
604 605 -81.9672199999999975
605 605 298.9972999999999956
644 605 -49.2610799999999998
651 605 -53.7634400000000028
583 606 -49.2610799999999998
584 606 -48.7804900000000004
587 606 -8.4961769999999994
606 606 106.5378000000000043
554 607 -27.5482100000000010
596 607 -50.0000000000000000
607 607 452.6779999999999973
608 607 -38.9105100000000022
621 607 -50.5050499999999971
655 607 -285.7142999999999802
592 608 -100.0000000000000000
607 608 -38.9105100000000022
608 608 186.5295999999999879
609 608 -47.6190500000000014
589 609 -50.0000000000000000
608 609 -47.6190500000000014
609 609 355.5009000000000015
610 609 -92.5925900000000013
623 609 -82.6446300000000065
658 609 -82.6446300000000065
609 610 -92.5925900000000013
610 610 295.8949999999999818
622 610 -98.0392200000000003
662 610 -105.2631999999999977
581 611 -50.0000000000000000
599 611 -50.0000000000000000
611 611 602.8248999999999569
649 611 -333.3333000000000084
661 611 -169.4915000000000020
550 612 -50.5050499999999971
554 612 -102.0408000000000044
556 612 -42.3728800000000021
612 612 293.5006999999999948
645 612 -50.5050499999999971
664 612 -48.0769200000000012
564 613 -50.0000000000000000
569 613 -50.0000000000000000
613 613 10185.4699999999993452
614 613 -10000.0000000000000000
645 613 -85.4700899999999990
555 614 -144.9275000000000091
564 614 -50.0000000000000000
569 614 -50.0000000000000000
613 614 -10000.0000000000000000
614 614 10244.9300000000002910
615 615 489.2667999999999893
616 615 -185.1852000000000089
636 615 -204.0816000000000088
648 615 -100.0000000000000000
66 616 -175.4386000000000081
573 616 -48.7804900000000004
615 616 -185.1852000000000089
616 616 1071.6820000000000164
618 616 -50.0000000000000000
620 616 -263.1578999999999837
637 616 -163.9344000000000108
659 616 -185.1852000000000089
554 617 -50.0000000000000000
559 617 -7.5357950000000002
590 617 -15.6494499999999999
617 617 73.1852499999999964
574 618 -24.6305399999999999
576 618 -25.9740299999999991
616 618 -50.0000000000000000
618 618 141.9268999999999892
652 618 -41.3223199999999977
581 619 -50.0000000000000000
585 619 -169.4915000000000020
599 619 -50.0000000000000000
619 619 602.8248999999999569
650 619 -333.3333000000000084
616 620 -263.1578999999999837
620 620 364.1680000000000064
652 620 -101.0100999999999942
607 621 -50.5050499999999971
621 621 111.8546999999999940
655 621 -61.3496900000000025
584 622 -55.2486200000000025
585 622 -71.4285699999999935
610 622 -98.0392200000000003
622 622 279.9649999999999750
661 622 -55.2486200000000025
554 623 -112.3596000000000004
590 623 -50.0000000000000000
609 623 -82.6446300000000065
623 623 245.0041999999999973
565 624 -16.6666699999999999
603 624 -27.2479599999999991
624 624 162.8802000000000021
625 624 -68.9655199999999979
629 624 -50.0000000000000000
566 625 -17.2711599999999983
579 625 -28.0898900000000005
624 625 -68.9655199999999979
625 625 214.3266000000000133
630 625 -100.0000000000000000
180 626 -119.0476000000000028
626 626 435.1155999999999722
627 626 -52.9100499999999982
633 626 -263.1578999999999837
555 627 -95.2381000000000029
556 627 -30.6748499999999993
626 627 -52.9100499999999982
627 627 274.0611000000000104
636 627 -95.2381000000000029
172 628 -24.6305399999999999
628 628 341.5631999999999948
637 628 -212.7659999999999911
654 628 -104.1667000000000058
591 629 -181.8181999999999903
624 629 -50.0000000000000000
629 629 10231.8199999999997090
630 629 -10000.0000000000000000
552 630 -181.8181999999999903
625 630 -100.0000000000000000
629 630 -10000.0000000000000000
630 630 10281.8199999999997090
172 631 -24.6305399999999999
631 631 96.5729900000000043
645 631 -71.9424499999999938
556 632 -66.6666699999999963
632 632 210.3699000000000012
638 632 -51.5463900000000024
639 632 -58.8235200000000020
666 632 -33.3333399999999997
626 633 -263.1578999999999837
633 633 448.9637999999999920
634 633 -111.7318000000000069
656 633 -74.0740700000000061
554 634 -200.0000000000000000
633 634 -111.7318000000000069
634 634 311.7318000000000211
556 635 -28.5714299999999994
635 635 28.5714299999999994
550 636 -212.7659999999999911
615 636 -204.0816000000000088
627 636 -95.2381000000000029
636 636 512.0856999999999744
574 637 -50.0000000000000000
616 637 -163.9344000000000108
628 637 -212.7659999999999911
637 637 476.7004000000000019
647 637 -50.0000000000000000
632 638 -51.5463900000000024
638 638 205.0548000000000002
657 638 -51.8134700000000024
664 638 -101.6949000000000041
557 639 -66.6666699999999963
632 639 -58.8235200000000020
639 639 125.4902000000000015
570 640 -100.0000000000000000
640 640 173.5294000000000096
645 640 -73.5294099999999986
552 641 -73.5294099999999986
641 641 343.0305999999999926
642 641 -97.0873799999999960
645 641 -172.4138000000000090
566 642 -50.0000000000000000
641 642 -97.0873799999999960
642 642 147.0874000000000024
550 643 -104.1667000000000058
565 643 -51.2820499999999981
643 643 155.4487000000000023
588 644 -8.4961769999999994
605 644 -49.2610799999999998
644 644 157.7572999999999865
662 644 -100.0000000000000000
567 645 -13.6986299999999996
612 645 -50.5050499999999971
613 645 -85.4700899999999990
631 645 -71.9424499999999938
640 645 -73.5294099999999986
641 645 -172.4138000000000090
645 645 587.4741000000000213
659 645 -104.1667000000000058
664 645 -15.7480300000000000
585 646 -100.0000000000000000
588 646 -12.4069500000000001
599 646 -51.2820499999999981
646 646 163.6889999999999930
573 647 -24.6305399999999999
600 647 -12.6582299999999996
637 647 -50.0000000000000000
647 647 87.2887699999999995
563 648 -16.5837499999999984
573 648 -26.5252000000000017
615 648 -100.0000000000000000
648 648 143.1089000000000055
553 649 -416.6666999999999916
582 649 -45.6621000000000024
611 649 -333.3333000000000084
649 649 795.6621000000000095
553 650 -416.6666999999999916
604 650 -50.0000000000000000
619 650 -333.3333000000000084
650 650 800.0000000000000000
599 651 -51.8134700000000024
605 651 -53.7634400000000028
651 651 105.5768999999999949
571 652 -0.8406187000000001
593 652 -1.0416669999999999
618 652 -41.3223199999999977
620 652 -101.0100999999999942
652 652 144.2146999999999935
551 653 -119.0476000000000028
591 653 -73.5294099999999986
653 653 294.5063000000000102
663 653 -74.0740700000000061
664 653 -27.8551499999999983
550 654 -140.8451000000000022
628 654 -104.1667000000000058
654 654 245.0116999999999905
607 655 -285.7142999999999802
621 655 -61.3496900000000025
655 655 347.0640000000000214
633 656 -74.0740700000000061
656 656 219.0015999999999963
657 656 -144.9275000000000091
638 657 -51.8134700000000024
656 657 -144.9275000000000091
657 657 196.7410000000000139
554 658 -112.3596000000000004
590 658 -50.0000000000000000
609 658 -82.6446300000000065
658 658 245.0041999999999973
576 659 -100.0000000000000000
616 659 -185.1852000000000089
645 659 -104.1667000000000058
659 659 389.3518000000000256
572 660 -103.0927999999999969
660 660 103.0927999999999969
586 661 -50.0000000000000000
611 661 -169.4915000000000020
622 661 -55.2486200000000025
661 661 274.7400999999999840
610 662 -105.2631999999999977
644 662 -100.0000000000000000
662 662 205.2632000000000119
570 663 -100.0000000000000000
653 663 -74.0740700000000061
663 663 174.0740999999999872
612 664 -48.0769200000000012
638 664 -101.6949000000000041
645 664 -15.7480300000000000
653 664 -27.8551499999999983
664 664 193.3750000000000000
464 665 -11.5740700000000007
469 665 -11.3895199999999992
665 665 22.9635999999999996
473 666 -52.6315799999999996
474 666 -3.8255550000000000
632 666 -33.3333399999999997
666 666 89.7904699999999991
175 667 -166.6666999999999916
469 667 -9.0744089999999993
480 667 -70.4225299999999947
667 667 246.1636000000000024
451 668 -6.9156290000000000
459 668 -12.4378100000000007
668 668 19.3534399999999991
260 669 -68.4931500000000000
669 669 100.7511999999999972
670 669 -32.2580600000000004
220 670 -50.2512600000000020
669 670 -32.2580600000000004
670 670 82.5093200000000024
218 671 -63.2911399999999986
220 671 -40.1606400000000008
671 671 198.1846999999999923
672 671 -94.7329100000000039
218 672 -4.6992479999999999
219 672 -1.5518310000000000
671 672 -94.7329100000000039
672 672 100.9839999999999947
223 673 -6.6979240000000004
225 673 -32.8947399999999988
226 673 -4.6061730000000001
673 673 44.1988399999999970
242 674 -129.8701000000000079
674 674 386.2803999999999860
675 674 -256.4103000000000065
239 675 -0.5991971000000000
240 675 -0.3256586000000000
241 675 -43.8289199999999965
262 675 -6.1690310000000004
674 675 -256.4103000000000065
675 675 307.3331000000000017
244 676 -5.4141849999999998
245 676 -57.5659199999999984
246 676 -21.7391299999999994
676 676 91.3725900000000024
678 676 -6.6533600000000002
241 677 -15.5520999999999994
245 677 -19.6078399999999995
253 677 -0.3377009000000000
262 677 -0.5943183000000000
677 677 36.0919600000000003
244 678 -121.6615000000000038
245 678 -2.4201350000000001
676 678 -6.6533600000000002
678 678 271.5801000000000158
679 678 -140.8451000000000022
243 679 -4.0485829999999998
246 679 -7.4239050000000004
255 679 -11.6822400000000002
678 679 -140.8451000000000022
679 679 176.7386999999999944
680 679 -12.7388499999999993
243 680 -6.0277269999999996
246 680 -11.0619499999999995
247 680 -80.6451600000000042
255 680 -17.3913000000000011
679 680 -12.7388499999999993
680 680 127.8649999999999949
247 681 -64.5161300000000040
681 681 100.2304000000000030
682 681 -35.7142800000000022
681 682 -35.7142800000000022
682 682 71.4285699999999935
683 682 -35.7142800000000022
255 683 -19.2678200000000004
682 683 -35.7142800000000022
683 683 54.9821099999999987
249 684 -51.2820499999999981
259 684 -9.1491310000000006
684 684 60.4311799999999977
196 685 -163.9344000000000108
685 685 163.9344000000000108
