66 66 66
1 1 0.0921385805100000
2 2 0.0921385805100000
3 3 0.0921385805100000
4 4 0.1379957379830000
5 5 0.1379957379830000
6 6 0.1379957379830000
7 7 0.1379957379830000
8 8 0.1379957379830000
9 9 0.1379957379830000
10 10 0.0921385805100000
11 11 0.0921385805100000
12 12 0.0921385805100000
13 13 0.1728285734550000
14 14 0.1728285734550000
15 15 0.1728285734550000
16 16 0.0852383576022000
17 17 0.0852383576022000
18 18 0.0852383576022000
19 19 0.0852383576022000
20 20 0.0852383576022000
21 21 0.0852383576022000
22 22 0.1728285734550000
23 23 0.1728285734550000
24 24 0.1728285734550000
25 25 0.0617332189107000
26 26 0.0617332189107000
27 27 0.0617332189107000
28 28 0.1413083414760000
29 29 0.1413083414760000
30 30 0.1413083414760000
31 31 0.1413083414760000
32 32 0.1413083414760000
33 33 0.1413083414760000
34 34 0.0617332189107000
35 35 0.0617332189107000
36 36 0.0617332189107000
37 37 0.1254266384520000
38 38 0.1254266384520000
39 39 0.1254266384520000
40 40 0.0533208927371000
41 41 0.0533208927371000
42 42 0.0533208927371000
43 43 0.0533208927371000
44 44 0.0533208927371000
45 45 0.0533208927371000
46 46 0.1254266384520000
47 47 0.1254266384520000
48 48 0.1254266384520000
49 49 0.0231706100487000
50 50 0.0231706100487000
51 51 0.0231706100487000
52 52 0.0305931884075000
53 53 0.0305931884075000
54 54 0.0305931884075000
55 55 0.0648568699369000
56 56 0.0648568699369000
57 57 0.0648568699369000
58 58 0.0648568699369000
59 59 0.0648568699369000
60 60 0.0648568699369000
61 61 0.0305931884075000
62 62 0.0305931884075000
63 63 0.0305931884075000
64 64 0.0197469386650000
65 65 0.0197469386650000
66 66 0.0197469386650000
