153 153 153
1 1 0.1621353792370000
2 2 0.1621353792370000
3 3 0.1621353792370000
4 4 0.0796894682136000
5 5 0.0796894682136000
6 6 0.0796894682136000
7 7 0.1453600506590000
8 8 0.1453600506590000
9 9 0.1453600506590000
10 10 0.1652327885440000
11 11 0.1652327885440000
12 12 0.1652327885440000
13 13 0.0796894682136000
14 14 0.0796894682136000
15 15 0.0796894682136000
16 16 0.1453600506590000
17 17 0.1453600506590000
18 18 0.1453600506590000
19 19 0.1652327885440000
20 20 0.1652327885440000
21 21 0.1652327885440000
22 22 0.1368838422700000
23 23 0.1368838422700000
24 24 0.1368838422700000
25 25 0.1368838422700000
26 26 0.1368838422700000
27 27 0.1368838422700000
28 28 0.1368838422700000
29 29 0.1368838422700000
30 30 0.1368838422700000
31 31 0.1368838422700000
32 32 0.1368838422700000
33 33 0.1368838422700000
34 34 0.0910701461554000
35 35 0.0910701461554000
36 36 0.0910701461554000
37 37 0.2023601489630000
38 38 0.2023601489630000
39 39 0.2023601489630000
40 40 0.2222328868470000
41 41 0.2222328868470000
42 42 0.2222328868470000
43 43 0.0910701461554000
44 44 0.0910701461554000
45 45 0.0910701461554000
46 46 0.2023601489630000
47 47 0.2023601489630000
48 48 0.2023601489630000
49 49 0.2222328868470000
50 50 0.2222328868470000
51 51 0.2222328868470000
52 52 0.1644010998330000
53 53 0.1644010998330000
54 54 0.1644010998330000
55 55 0.1644010998330000
56 56 0.1644010998330000
57 57 0.1644010998330000
58 58 0.1644010998330000
59 59 0.1644010998330000
60 60 0.1644010998330000
61 61 0.1644010998330000
62 62 0.1644010998330000
63 63 0.1644010998330000
64 64 0.0730779208608000
65 65 0.0730779208608000
66 66 0.0730779208608000
67 67 0.2824751689900000
68 68 0.2824751689900000
69 69 0.2824751689900000
70 70 0.3023479068740000
71 71 0.3023479068740000
72 72 0.3023479068740000
73 73 0.0730779208608000
74 74 0.0730779208608000
75 75 0.0730779208608000
76 76 0.2824751689900000
77 77 0.2824751689900000
78 78 0.2824751689900000
79 79 0.3023479068740000
80 80 0.3023479068740000
81 81 0.3023479068740000
82 82 0.2997982755970000
83 83 0.2997982755970000
84 84 0.2997982755970000
85 85 0.2997982755970000
86 86 0.2997982755970000
87 87 0.2997982755970000
88 88 0.2997982755970000
89 89 0.2997982755970000
90 90 0.2997982755970000
91 91 0.2997982755970000
92 92 0.2997982755970000
93 93 0.2997982755970000
94 94 0.3063053292590000
95 95 0.3063053292590000
96 96 0.3063053292590000
97 97 0.3063053292590000
98 98 0.3063053292590000
99 99 0.3063053292590000
100 100 0.3063053292590000
101 101 0.3063053292590000
102 102 0.3063053292590000
103 103 0.3063053292590000
104 104 0.3063053292590000
105 105 0.3063053292590000
106 106 0.3429877876550000
107 107 0.3429877876550000
108 108 0.3429877876550000
109 109 0.3429877876550000
110 110 0.3429877876550000
111 111 0.3429877876550000
112 112 0.3429877876550000
113 113 0.3429877876550000
114 114 0.3429877876550000
115 115 0.3429877876550000
116 116 0.3429877876550000
117 117 0.3429877876550000
118 118 0.3971924548210000
119 119 0.3971924548210000
120 120 0.3971924548210000
121 121 0.3971924548210000
122 122 0.3971924548210000
123 123 0.3971924548210000
124 124 0.3971924548210000
125 125 0.3971924548210000
126 126 0.3971924548210000
127 127 0.4362696895920000
128 128 0.4362696895920000
129 129 0.4362696895920000
130 130 0.5838384542880000
131 131 0.5838384542880000
132 132 0.5838384542880000
133 133 0.6315742130699999
134 134 0.6315742130699999
135 135 0.6315742130699999
136 136 0.6315742130699999
137 137 0.6315742130699999
138 138 0.6315742130699999
139 139 0.6315742130699999
140 140 0.6315742130699999
141 141 0.6315742130699999
142 142 0.9279542413570000
143 143 0.9279542413570000
144 144 0.9279542413570000
145 145 0.8411412478030000
146 146 0.8411412478030000
147 147 0.8411412478030000
148 148 0.8411412478030000
149 149 0.8411412478030000
150 150 0.8411412478030000
151 151 0.8411412478030000
152 152 0.8411412478030000
153 153 0.8411412478030000
