420 420 420
1 1 4123.2827814199999921
2 2 4123.2827814199999921
3 3 0.0021990841500900
4 4 2.8125539012099998
5 5 2.8125539012099998
6 6 2.8125539012099998
7 7 4215.8166945700004362
8 8 5862.8465585699996154
9 9 1832.0992759099999603
10 10 1.2014301260900000
11 11 1.2014301260900000
12 12 1.2014301260900000
13 13 185.0678007779999916
14 14 3356.6825488200001928
15 15 3541.7491481699998985
16 16 1.2014301260900000
17 17 1.2014301260900000
18 18 1.2014301260900000
19 19 185.0678007779999916
20 20 3356.6825488200001928
21 21 3541.7491481699998985
22 22 1.2014301260900000
23 23 1.2014301260900000
24 24 1.2014301260900000
25 25 185.0678007779999916
26 26 3356.6825488200001928
27 27 3541.7491481699998985
28 28 1.1769585071599999
29 29 1.1769585071599999
30 30 1.1769585071599999
31 31 160.5610350260000132
32 32 3356.6825243500002216
33 33 3517.2423824200000126
34 34 2.7880822822700000
35 35 2.7880822822700000
36 36 2.7880822822700000
37 37 4191.3099288100002013
38 38 5862.8465341000000990
39 39 1807.5925101600000744
40 40 4123.2827814199999921
41 41 4123.2827814199999921
42 42 0.0021990841500900
43 43 4123.2827814199999921
44 44 4123.2827814199999921
45 45 0.0021990841500900
46 46 3.3187744284399998
47 47 3.3187744284399998
48 48 3.3187744284399998
49 49 4268.8217122500000187
50 50 7602.4102284700002201
51 51 3624.6674572699998862
52 52 2.1883618044199999
53 53 2.1883618044199999
54 54 2.1883618044199999
55 55 291.0778106370000273
56 56 6713.3648831399996197
57 57 7004.4405054199996812
58 58 2.1883618044199999
59 59 2.1883618044199999
60 60 2.1883618044199999
61 61 291.0778106370000273
62 62 6713.3648831399996197
63 63 7004.4405054199996812
64 64 2.1883618044199999
65 65 2.1883618044199999
66 66 2.1883618044199999
67 67 291.0778106370000273
68 68 6713.3648831399996197
69 69 7004.4405054199996812
70 70 2.1498724620099998
71 71 2.1498724620099998
72 72 2.1498724620099998
73 73 252.5331887750000135
74 74 6713.3648446600000170
75 75 6965.8958835599996746
76 76 3.2802850860400001
77 77 3.2802850860400001
78 78 3.2802850860400001
79 79 4230.2770903900000121
80 80 7602.4101899799998137
81 81 3586.1228354099998796
82 82 4123.2827814199999921
83 83 4123.2827814199999921
84 84 0.0021990841500900
85 85 4123.2827814199999921
86 86 4123.2827814199999921
87 87 0.0021990841500900
88 88 3.3187744284399998
89 89 3.3187744284399998
90 90 3.3187744284399998
91 91 4268.8217122500000187
92 92 7602.4102284700002201
93 93 3624.6674572699998862
94 94 2.1883618044199999
95 95 2.1883618044199999
96 96 2.1883618044199999
97 97 291.0778106370000273
98 98 6713.3648831399996197
99 99 7004.4405054199996812
100 100 2.1883618044199999
101 101 2.1883618044199999
102 102 2.1883618044199999
103 103 291.0778106370000273
104 104 6713.3648831399996197
105 105 7004.4405054199996812
106 106 2.1883618044199999
107 107 2.1883618044199999
108 108 2.1883618044199999
109 109 291.0778106370000273
110 110 6713.3648831399996197
111 111 7004.4405054199996812
112 112 2.1498724620099998
113 113 2.1498724620099998
114 114 2.1498724620099998
115 115 252.5331887750000135
116 116 6713.3648446600000170
117 117 6965.8958835599996746
118 118 3.2802850860400001
119 119 3.2802850860400001
120 120 3.2802850860400001
121 121 4230.2770903900000121
122 122 7602.4101899799998137
123 123 3586.1228354099998796
124 124 4123.2827814199999921
125 125 4123.2827814199999921
126 126 0.0021990841500900
127 127 4123.2827814199999921
128 128 4123.2827814199999921
129 129 0.0021990841500900
130 130 3.2734732949500001
131 131 3.2734732949500001
132 132 3.2734732949500001
133 133 4268.8216669499997806
134 134 7028.2183614599998691
135 135 3050.4755902599999899
136 136 2.1009482094499998
137 137 2.1009482094499998
138 138 2.1009482094499998
139 139 291.0777232230000209
140 140 5605.3975669499996002
141 141 5896.4731892199997674
142 142 2.1009482094499998
143 143 2.1009482094499998
144 144 2.1009482094499998
145 145 291.0777232230000209
146 146 5605.3975669499996002
147 147 5896.4731892199997674
148 148 2.1009482094499998
149 149 2.1009482094499998
150 150 2.1009482094499998
151 151 291.0777232230000209
152 152 5605.3975669499996002
153 153 5896.4731892199997674
154 154 2.0624588670500001
155 155 2.0624588670500001
156 156 2.0624588670500001
157 157 252.5331013610000070
158 158 5605.3975284600001032
159 159 5857.9285673599997608
160 160 3.2349839525399999
161 161 3.2349839525399999
162 162 3.2349839525399999
163 163 4230.2770450899997741
164 164 7028.2183229700003722
165 165 3011.9309683999999834
166 166 4123.2827814199999921
167 167 4123.2827814199999921
168 168 0.0021990841500900
169 169 4123.2827814199999921
170 170 4123.2827814199999921
171 171 0.0021990841500900
172 172 3.2281721614599999
173 173 3.2281721614599999
174 174 3.2281721614599999
175 175 4268.8216216500004521
176 176 6454.0264944500004276
177 177 2476.2837232500000937
178 178 2.0135346144900002
179 179 2.0135346144900002
180 180 2.0135346144900002
181 181 291.0776358100000039
182 182 4497.4302507499996864
183 183 4788.5058730299997478
184 184 2.0135346144900002
185 185 2.0135346144900002
186 186 2.0135346144900002
187 187 291.0776358100000039
188 188 4497.4302507499996864
189 189 4788.5058730299997478
190 190 2.0135346144900002
191 191 2.0135346144900002
192 192 2.0135346144900002
193 193 291.0776358100000039
194 194 4497.4302507499996864
195 195 4788.5058730299997478
196 196 1.9750452720800000
197 197 1.9750452720800000
198 198 1.9750452720800000
199 199 252.5330139479999900
200 200 4497.4302122600001894
201 201 4749.9612511699997413
202 202 3.1896828190500002
203 203 3.1896828190500002
204 204 3.1896828190500002
205 205 4230.2769997900004455
206 206 6454.0264559600000212
207 207 2437.7391013900000871
208 208 4123.2827814199999921
209 209 4123.2827814199999921
210 210 0.0021990841500900
211 211 4123.2827814199999921
212 212 4123.2827814199999921
213 213 0.0021990841500900
214 214 3.1647505745700002
215 215 3.1647505745700002
216 216 3.1647505745700002
217 217 4268.8215582299999369
218 218 5885.3251248200003829
219 219 1907.5823536200000490
220 220 1.8911555815400001
221 221 1.8911555815400001
222 222 1.8911555815400001
223 223 291.0775134309999999
224 224 3400.0574622700000873
225 225 3691.1330845399997997
226 226 1.8911555815400001
227 227 1.8911555815400001
228 228 1.8911555815400001
229 229 291.0775134309999999
230 230 3400.0574622700000873
231 231 3691.1330845399997997
232 232 1.8911555815400001
233 233 1.8911555815400001
234 234 1.8911555815400001
235 235 291.0775134309999999
236 236 3400.0574622700000873
237 237 3691.1330845399997997
238 238 1.8526662391299999
239 239 1.8526662391299999
240 240 1.8526662391299999
241 241 252.5328915689999860
242 242 3400.0574237800001356
243 243 3652.5884626799997932
244 244 3.1262612321600001
245 245 3.1262612321600001
246 246 3.1262612321600001
247 247 4230.2769363600000361
248 248 5885.3250863299999764
249 249 1869.0377317600000424
250 250 4123.2827814199999921
251 251 4123.2827814199999921
252 252 0.0021990841500900
253 253 4123.2827814199999921
254 254 4123.2827814199999921
255 255 0.0021990841500900
256 256 3.2100517080600000
257 257 3.2100517080600000
258 258 3.2100517080600000
259 259 4268.8216035300001749
260 260 6459.5169918299998244
261 261 2481.7742206299999452
262 262 1.9785691765000000
263 263 1.9785691765000000
264 264 1.9785691765000000
265 265 291.0776008440000169
266 266 4508.0247784599996521
267 267 4799.1004007399997136
268 268 1.9785691765000000
269 269 1.9785691765000000
270 270 1.9785691765000000
271 271 291.0776008440000169
272 272 4508.0247784599996521
273 273 4799.1004007399997136
274 274 1.9785691765000000
275 275 1.9785691765000000
276 276 1.9785691765000000
277 277 291.0776008440000169
278 278 4508.0247784599996521
279 279 4799.1004007399997136
280 280 1.9400798341000001
281 281 1.9400798341000001
282 282 1.9400798341000001
283 283 252.5329789820000030
284 284 4508.0247399700001552
285 285 4760.5557788799997070
286 286 3.1715623656599998
287 287 3.1715623656599998
288 288 3.1715623656599998
289 289 4230.2769816600002741
290 290 6459.5169533400003274
291 291 2443.2295987699999387
292 292 4123.2827814199999921
293 293 4123.2827814199999921
294 294 0.0021990841500900
295 295 4123.2827814199999921
296 296 4123.2827814199999921
297 297 0.0021990841500900
298 298 3.3187744284399998
299 299 3.3187744284399998
300 300 3.3187744284399998
301 301 4268.8217122500000187
302 302 7602.4102284700002201
303 303 3624.6674572699998862
304 304 2.1883618044199999
305 305 2.1883618044199999
306 306 2.1883618044199999
307 307 291.0778106370000273
308 308 6713.3648831399996197
309 309 7004.4405054199996812
310 310 2.1883618044199999
311 311 2.1883618044199999
312 312 2.1883618044199999
313 313 291.0778106370000273
314 314 6713.3648831399996197
315 315 7004.4405054199996812
316 316 2.1883618044199999
317 317 2.1883618044199999
318 318 2.1883618044199999
319 319 291.0778106370000273
320 320 6713.3648831399996197
321 321 7004.4405054199996812
322 322 2.1498724620099998
323 323 2.1498724620099998
324 324 2.1498724620099998
325 325 252.5331887750000135
326 326 6713.3648446600000170
327 327 6965.8958835599996746
328 328 3.2802850860400001
329 329 3.2802850860400001
330 330 3.2802850860400001
331 331 4230.2770903900000121
332 332 7602.4101899799998137
333 333 3586.1228354099998796
334 334 4123.2827814199999921
335 335 4123.2827814199999921
336 336 0.0021990841500900
337 337 4123.2827814199999921
338 338 4123.2827814199999921
339 339 0.0021990841500900
340 340 3.3187744284399998
341 341 3.3187744284399998
342 342 3.3187744284399998
343 343 4268.8217122500000187
344 344 7602.4102284700002201
345 345 3624.6674572699998862
346 346 2.1883618044199999
347 347 2.1883618044199999
348 348 2.1883618044199999
349 349 291.0778106370000273
350 350 6713.3648831399996197
351 351 7004.4405054199996812
352 352 2.1883618044199999
353 353 2.1883618044199999
354 354 2.1883618044199999
355 355 291.0778106370000273
356 356 6713.3648831399996197
357 357 7004.4405054199996812
358 358 2.1883618044199999
359 359 2.1883618044199999
360 360 2.1883618044199999
361 361 291.0778106370000273
362 362 6713.3648831399996197
363 363 7004.4405054199996812
364 364 2.1498724620099998
365 365 2.1498724620099998
366 366 2.1498724620099998
367 367 252.5331887750000135
368 368 6713.3648446600000170
369 369 6965.8958835599996746
370 370 3.2802850860400001
371 371 3.2802850860400001
372 372 3.2802850860400001
373 373 4230.2770903900000121
374 374 7602.4101899799998137
375 375 3586.1228354099998796
376 376 4123.2827814199999921
377 377 4123.2827814199999921
378 378 0.0021990841500900
379 379 4123.2827814199999921
380 380 4123.2827814199999921
381 381 0.0021990841500900
382 382 2.8125539012099998
383 383 2.8125539012099998
384 384 2.8125539012099998
385 385 4215.8166945700004362
386 386 5862.8465585699996154
387 387 1832.0992759099999603
388 388 1.2014301260900000
389 389 1.2014301260900000
390 390 1.2014301260900000
391 391 185.0678007779999916
392 392 3356.6825488200001928
393 393 3541.7491481699998985
394 394 1.2014301260900000
395 395 1.2014301260900000
396 396 1.2014301260900000
397 397 185.0678007779999916
398 398 3356.6825488200001928
399 399 3541.7491481699998985
400 400 1.2014301260900000
401 401 1.2014301260900000
402 402 1.2014301260900000
403 403 185.0678007779999916
404 404 3356.6825488200001928
405 405 3541.7491481699998985
406 406 1.1769585071599999
407 407 1.1769585071599999
408 408 1.1769585071599999
409 409 160.5610350260000132
410 410 3356.6825243500002216
411 411 3517.2423824200000126
412 412 2.7880822822700000
413 413 2.7880822822700000
414 414 2.7880822822700000
415 415 4191.3099288100002013
416 416 5862.8465341000000990
417 417 1807.5925101600000744
418 418 4123.2827814199999921
419 419 4123.2827814199999921
420 420 0.0021990841500900
