1074 1074 1074
1 1 0.7990000000000000
2 2 1000.0000000000000000
3 3 1000.0000000000000000
4 4 166.7684243559999970
5 5 166.7684243559999970
6 6 1035383.9502899999497458
7 7 0.6560800500000000
8 8 1000.0000000000000000
9 9 1000.0000000000000000
10 10 1.0950835500000000
11 11 1000.0000000000000000
12 12 1000.0000000000000000
13 13 1.0950835500000000
14 14 1000.0000000000000000
15 15 1000.0000000000000000
16 16 1.0950835500000000
17 17 1000.0000000000000000
18 18 1000.0000000000000000
19 19 0.7990000000000000
20 20 1000.0000000000000000
21 21 1000.0000000000000000
22 22 1.0253614000000000
23 23 1000.0000000000000000
24 24 1000.0000000000000000
25 25 1.3394177500000000
26 26 1000.0000000000000000
27 27 1000.0000000000000000
28 28 1.3394177500000000
29 29 1000.0000000000000000
30 30 1000.0000000000000000
31 31 1.3394177500000000
32 32 1000.0000000000000000
33 33 1000.0000000000000000
34 34 1.0253614000000000
35 35 1000.0000000000000000
36 36 1000.0000000000000000
37 37 1.5738373000000001
38 38 1000.0000000000000000
39 39 1000.0000000000000000
40 40 2.0596821749999998
41 41 1000.0000000000000000
42 42 1000.0000000000000000
43 43 0.6924134000000000
44 44 1000.0000000000000000
45 45 1000.0000000000000000
46 46 2.7525455999999999
47 47 1000.0000000000000000
48 48 1000.0000000000000000
49 49 0.6516832000000000
50 50 1000.0000000000000000
51 51 1000.0000000000000000
52 52 2.0596821749999998
53 53 1000.0000000000000000
54 54 1000.0000000000000000
55 55 1.7076510000000000
56 56 1000.0000000000000000
57 57 1000.0000000000000000
58 58 1.8258042999999999
59 59 1000.0000000000000000
60 60 1000.0000000000000000
61 61 1.2485455999999999
62 62 1000.0000000000000000
63 63 1000.0000000000000000
64 64 2.3043301000000000
65 65 1000.0000000000000000
66 66 1000.0000000000000000
67 67 1.2485455999999999
68 68 1000.0000000000000000
69 69 1000.0000000000000000
70 70 1.8665345000000000
71 71 1000.0000000000000000
72 72 1000.0000000000000000
73 73 1.9315542999999999
74 74 1000.0000000000000000
75 75 1000.0000000000000000
76 76 1.2633719996499999
77 77 1000.0000000000000000
78 78 1000.0000000000000000
79 79 2.3184301000000000
80 80 1000.0000000000000000
81 81 1000.0000000000000000
82 82 1.2626455999999999
83 83 1000.0000000000000000
84 84 1000.0000000000000000
85 85 1.9722845000000000
86 86 1000.0000000000000000
87 87 1000.0000000000000000
88 88 1.9466930000000000
89 89 1000.0000000000000000
90 90 1000.0000000000000000
91 91 1.4720237996500001
92 92 1000.0000000000000000
93 93 1000.0000000000000000
94 94 0.9511484000000000
95 95 1000.0000000000000000
96 96 1000.0000000000000000
97 97 2.3430745499999999
98 98 1000.0000000000000000
99 99 1000.0000000000000000
100 100 0.6964671500000000
101 101 1000.0000000000000000
102 102 1000.0000000000000000
103 103 0.8555974000000000
104 104 1000.0000000000000000
105 105 1000.0000000000000000
106 106 2.2818735000000001
107 107 1000.0000000000000000
108 108 1000.0000000000000000
109 109 1.4303557000000000
110 110 1000.0000000000000000
111 111 1000.0000000000000000
112 112 0.5953114000000000
113 113 1000.0000000000000000
114 114 1000.0000000000000000
115 115 1.3080898999999999
116 116 1000.0000000000000000
117 117 1000.0000000000000000
118 118 1.4506456000000001
119 119 1000.0000000000000000
120 120 1000.0000000000000000
121 121 1.4506456000000001
122 122 1000.0000000000000000
123 123 1000.0000000000000000
124 124 1.1593114000000000
125 125 1000.0000000000000000
126 126 1000.0000000000000000
127 127 1.5361057000000000
128 128 1000.0000000000000000
129 129 1000.0000000000000000
130 130 0.6094114000000000
131 131 1000.0000000000000000
132 132 1000.0000000000000000
133 133 1.3221898999999999
134 134 1000.0000000000000000
135 135 1000.0000000000000000
136 136 1.4647456000000001
137 137 1000.0000000000000000
138 138 1000.0000000000000000
139 139 1.4647456000000001
140 140 1000.0000000000000000
141 141 1000.0000000000000000
142 142 1.6786614000000000
143 143 1000.0000000000000000
144 144 1000.0000000000000000
145 145 0.6611443000000000
146 146 1000.0000000000000000
147 147 1000.0000000000000000
148 148 0.5295114000000000
149 149 1000.0000000000000000
150 150 1000.0000000000000000
151 151 0.9571785000000000
152 152 1000.0000000000000000
153 153 1000.0000000000000000
154 154 1.0997342000000001
155 155 1000.0000000000000000
156 156 1000.0000000000000000
157 157 1.3848456000000000
158 158 1000.0000000000000000
159 159 1000.0000000000000000
160 160 0.8044614000000000
161 161 1000.0000000000000000
162 162 1000.0000000000000000
163 163 0.3963886000000000
164 164 1000.0000000000000000
165 165 1000.0000000000000000
166 166 1.1026288061900000
167 167 1000.0000000000000000
168 168 1000.0000000000000000
169 169 1.0794113999999999
170 170 1000.0000000000000000
171 171 1000.0000000000000000
172 172 0.6721000000000000
173 173 1000.0000000000000000
174 174 1000.0000000000000000
175 175 1.2364525000000000
176 176 1000.0000000000000000
177 177 1000.0000000000000000
178 178 1.8357025000000000
179 179 1000.0000000000000000
180 180 1000.0000000000000000
181 181 40.3079695999999998
182 182 40.3079695999999998
183 183 65161.7139454999996815
184 184 0.9384607500000000
185 185 1000.0000000000000000
186 186 1000.0000000000000000
187 187 0.9411914500000000
188 188 1000.0000000000000000
189 189 1000.0000000000000000
190 190 1000.0000000000000000
191 191 1000.0000000000000000
192 192 0.9384607500000000
193 193 1000.0000000000000000
194 194 1000.0000000000000000
195 195 1000.0000000000000000
196 196 0.9384607500000000
197 197 1000.0000000000000000
198 198 1000.0000000000000000
199 199 0.6560800500000000
200 200 1000.0000000000000000
201 201 1000.0000000000000000
202 202 1000.0000000000000000
203 203 1000.0000000000000000
204 204 1000.0000000000000000
205 205 1.2454177500000001
206 206 1000.0000000000000000
207 207 1000.0000000000000000
208 208 1000.0000000000000000
209 209 1000.0000000000000000
210 210 1.2454177500000001
211 211 1000.0000000000000000
212 212 1000.0000000000000000
213 213 1000.0000000000000000
214 214 1000.0000000000000000
215 215 1.2454177500000001
216 216 1000.0000000000000000
217 217 1000.0000000000000000
218 218 1000.0000000000000000
219 219 0.9411914500000000
220 220 1000.0000000000000000
221 221 1000.0000000000000000
222 222 1000.0000000000000000
223 223 1.0527729750000001
224 224 1.0527729750000001
225 225 1.0527729750000001
226 226 1000.0000000000000000
227 227 1000.0000000000000000
228 228 1000.0000000000000000
229 229 1000.0000000000000000
230 230 1000.0000000000000000
231 231 2.5178463999999998
232 232 1000.0000000000000000
233 233 1000.0000000000000000
234 234 1000.0000000000000000
235 235 1000.0000000000000000
236 236 1.9594864000000001
237 237 1.9594864000000001
238 238 1.9594864000000001
239 239 1000.0000000000000000
240 240 1000.0000000000000000
241 241 1000.0000000000000000
242 242 1000.0000000000000000
243 243 1000.0000000000000000
244 244 2.5178463999999998
245 245 1000.0000000000000000
246 246 1000.0000000000000000
247 247 1000.0000000000000000
248 248 1.1554386000000001
249 249 1.1554386000000001
250 250 1.1554386000000001
251 251 1000.0000000000000000
252 252 1000.0000000000000000
253 253 1000.0000000000000000
254 254 1000.0000000000000000
255 255 2.0521422000000000
256 256 2.0521422000000000
257 257 2.0521422000000000
258 258 1000.0000000000000000
259 259 1000.0000000000000000
260 260 1000.0000000000000000
261 261 1000.0000000000000000
262 262 1000.0000000000000000
263 263 1000.0000000000000000
264 264 1000.0000000000000000
265 265 2.0739877999999998
266 266 2.0739877999999998
267 267 2.0739877999999998
268 268 1000.0000000000000000
269 269 1000.0000000000000000
270 270 1000.0000000000000000
271 271 1000.0000000000000000
272 272 1000.0000000000000000
273 273 1000.0000000000000000
274 274 2.0521422000000000
275 275 2.0521422000000000
276 276 2.0521422000000000
277 277 1000.0000000000000000
278 278 1000.0000000000000000
279 279 1000.0000000000000000
280 280 1000.0000000000000000
281 281 2.0521422000000000
282 282 2.0521422000000000
283 283 2.0521422000000000
284 284 1000.0000000000000000
285 285 1000.0000000000000000
286 286 1000.0000000000000000
287 287 1000.0000000000000000
288 288 1000.0000000000000000
289 289 1000.0000000000000000
290 290 1000.0000000000000000
291 291 2.0739877999999998
292 292 2.0739877999999998
293 293 2.0739877999999998
294 294 1000.0000000000000000
295 295 1000.0000000000000000
296 296 1000.0000000000000000
297 297 1000.0000000000000000
298 298 1000.0000000000000000
299 299 1000.0000000000000000
300 300 2.0521422000000000
301 301 2.0521422000000000
302 302 2.0521422000000000
303 303 1000.0000000000000000
304 304 1000.0000000000000000
305 305 1000.0000000000000000
306 306 1000.0000000000000000
307 307 1.8189329000000001
308 308 1000.0000000000000000
309 309 1000.0000000000000000
310 310 1000.0000000000000000
311 311 1000.0000000000000000
312 312 1.1311114000000000
313 313 1000.0000000000000000
314 314 1000.0000000000000000
315 315 1000.0000000000000000
316 316 1000.0000000000000000
317 317 1000.0000000000000000
318 318 1000.0000000000000000
319 319 2.6773573499999999
320 320 1000.0000000000000000
321 321 1000.0000000000000000
322 322 1000.0000000000000000
323 323 1000.0000000000000000
324 324 1000.0000000000000000
325 325 2.3372535999999999
326 326 1000.0000000000000000
327 327 1000.0000000000000000
328 328 1000.0000000000000000
329 329 0.9729329000000000
330 330 1000.0000000000000000
331 331 1000.0000000000000000
332 332 1000.0000000000000000
333 333 1000.0000000000000000
334 334 0.8522227999999999
335 335 1000.0000000000000000
336 336 1000.0000000000000000
337 337 1000.0000000000000000
338 338 1000.0000000000000000
339 339 1.2798898999999999
340 340 1000.0000000000000000
341 341 1000.0000000000000000
342 342 1000.0000000000000000
343 343 1000.0000000000000000
344 344 1.4224456000000001
345 345 1000.0000000000000000
346 346 1000.0000000000000000
347 347 1000.0000000000000000
348 348 1000.0000000000000000
349 349 1.4224456000000001
350 350 1000.0000000000000000
351 351 1000.0000000000000000
352 352 1000.0000000000000000
353 353 1.1154885999999999
354 354 1000.0000000000000000
355 355 1000.0000000000000000
356 356 1000.0000000000000000
357 357 0.9729329000000000
358 358 1000.0000000000000000
359 359 1000.0000000000000000
360 360 1000.0000000000000000
361 361 1000.0000000000000000
362 362 1.1373342000000000
363 363 1000.0000000000000000
364 364 1000.0000000000000000
365 365 1000.0000000000000000
366 366 1000.0000000000000000
367 367 1.2798898999999999
368 368 1000.0000000000000000
369 369 1000.0000000000000000
370 370 1000.0000000000000000
371 371 1000.0000000000000000
372 372 1.4224456000000001
373 373 1000.0000000000000000
374 374 1000.0000000000000000
375 375 1000.0000000000000000
376 376 1000.0000000000000000
377 377 1.4224456000000001
378 378 1000.0000000000000000
379 379 1000.0000000000000000
380 380 1000.0000000000000000
381 381 1.1154885999999999
382 382 1000.0000000000000000
383 383 1000.0000000000000000
384 384 0.9321557000000000
385 385 1000.0000000000000000
386 386 1000.0000000000000000
387 387 0.5765443000000000
388 388 1000.0000000000000000
389 389 1000.0000000000000000
390 390 0.4637114000000000
391 391 1000.0000000000000000
392 392 1000.0000000000000000
393 393 1.1373342000000000
394 394 1000.0000000000000000
395 395 1000.0000000000000000
396 396 0.8913785000000000
397 397 1000.0000000000000000
398 398 1000.0000000000000000
399 399 1.2798898999999999
400 400 1000.0000000000000000
401 401 1000.0000000000000000
402 402 1.0339342000000000
403 403 1000.0000000000000000
404 404 1000.0000000000000000
405 405 1.4224456000000001
406 406 1000.0000000000000000
407 407 1000.0000000000000000
408 408 1.0339342000000000
409 409 1000.0000000000000000
410 410 1000.0000000000000000
411 411 1.4224456000000001
412 412 1000.0000000000000000
413 413 1000.0000000000000000
414 414 1.5376614000000000
415 415 1000.0000000000000000
416 416 1000.0000000000000000
417 417 1.1154885999999999
418 418 1000.0000000000000000
419 419 1000.0000000000000000
420 420 0.8718500000000000
421 421 1000.0000000000000000
422 422 1000.0000000000000000
423 423 0.1746943000000000
424 424 1000.0000000000000000
425 425 1000.0000000000000000
426 426 1.3877402061899999
427 427 1000.0000000000000000
428 428 1000.0000000000000000
429 429 1.3190455999999999
430 430 1000.0000000000000000
431 431 1000.0000000000000000
432 432 1.1373342000000000
433 433 1000.0000000000000000
434 434 1000.0000000000000000
435 435 1.3191113999999999
436 436 1000.0000000000000000
437 437 1000.0000000000000000
438 438 1.1154885999999999
439 439 1000.0000000000000000
440 440 1000.0000000000000000
441 441 1.6246114000000000
442 442 1000.0000000000000000
443 443 1000.0000000000000000
444 444 0.7191000000000000
445 445 1000.0000000000000000
446 446 1000.0000000000000000
447 447 1.4603463999999999
448 448 1000.0000000000000000
449 449 1000.0000000000000000
450 450 2.7291877750000002
451 451 1000.0000000000000000
452 452 1000.0000000000000000
453 453 0.9769279000000000
454 454 1000.0000000000000000
455 455 1000.0000000000000000
456 456 0.6924134000000000
457 457 1000.0000000000000000
458 458 1000.0000000000000000
459 459 2.0162342000000000
460 460 1000.0000000000000000
461 461 1000.0000000000000000
462 462 0.6516832000000000
463 463 1000.0000000000000000
464 464 1000.0000000000000000
465 465 1.0888396000000000
466 466 1000.0000000000000000
467 467 1000.0000000000000000
468 468 1.5078528250000001
469 469 1000.0000000000000000
470 470 1000.0000000000000000
471 471 1.5078528250000001
472 472 1000.0000000000000000
473 473 1000.0000000000000000
474 474 1.3222087000000000
475 475 1000.0000000000000000
476 476 1000.0000000000000000
477 477 1.3440543000000000
478 478 1000.0000000000000000
479 479 1000.0000000000000000
480 480 1.3222087000000000
481 481 1000.0000000000000000
482 482 1000.0000000000000000
483 483 1.3222087000000000
484 484 1000.0000000000000000
485 485 1000.0000000000000000
486 486 1.3440543000000000
487 487 1000.0000000000000000
488 488 1000.0000000000000000
489 489 1.3222087000000000
490 490 1000.0000000000000000
491 491 1000.0000000000000000
492 492 125.1473719499999930
493 493 125.1473719499999930
494 494 718517.0574710000073537
495 495 1.1797329000000001
496 496 1000.0000000000000000
497 497 1000.0000000000000000
498 498 0.5498577000000000
499 499 1000.0000000000000000
500 500 1000.0000000000000000
501 501 0.7739114000000000
502 502 1000.0000000000000000
503 503 1000.0000000000000000
504 504 1.7360824749999999
505 505 1000.0000000000000000
506 506 1000.0000000000000000
507 507 0.6262268250000000
508 508 1000.0000000000000000
509 509 1000.0000000000000000
510 510 1.6073200999999999
511 511 1000.0000000000000000
512 512 1000.0000000000000000
513 513 0.8131329000000000
514 514 1000.0000000000000000
515 515 1000.0000000000000000
516 516 0.8146228000000000
517 517 1000.0000000000000000
518 518 1000.0000000000000000
519 519 1.2422899000000001
520 520 1000.0000000000000000
521 521 1000.0000000000000000
522 522 1.3848456000000000
523 523 1000.0000000000000000
524 524 1000.0000000000000000
525 525 1.3848456000000000
526 526 1000.0000000000000000
527 527 1000.0000000000000000
528 528 1.0778886000000001
529 529 1000.0000000000000000
530 530 1000.0000000000000000
531 531 0.5334829000000000
532 532 1000.0000000000000000
533 533 1000.0000000000000000
534 534 1.0942727999999999
535 535 1000.0000000000000000
536 536 1000.0000000000000000
537 537 1.2422899000000001
538 538 1000.0000000000000000
539 539 1000.0000000000000000
540 540 1.3848456000000000
541 541 1000.0000000000000000
542 542 1000.0000000000000000
543 543 1.3848456000000000
544 544 1000.0000000000000000
545 545 1000.0000000000000000
546 546 1.0778886000000001
547 547 1000.0000000000000000
548 548 1000.0000000000000000
549 549 64.4642383999999993
550 550 64.4642383999999993
551 551 174743.8216550000070129
552 552 1000.0000000000000000
553 553 1000.0000000000000000
554 554 1000.0000000000000000
555 555 0.5498671000000001
556 556 1000.0000000000000000
557 557 1000.0000000000000000
558 558 0.5498671000000001
559 559 1000.0000000000000000
560 560 1000.0000000000000000
561 561 1.2140899000000001
562 562 1000.0000000000000000
563 563 1000.0000000000000000
564 564 1000.0000000000000000
565 565 1000.0000000000000000
566 566 1.2422899000000001
567 567 1000.0000000000000000
568 568 1000.0000000000000000
569 569 1.2422899000000001
570 570 1000.0000000000000000
571 571 1000.0000000000000000
572 572 1.3190455999999999
573 573 1000.0000000000000000
574 574 1000.0000000000000000
575 575 1000.0000000000000000
576 576 1000.0000000000000000
577 577 0.8522227999999999
578 578 1000.0000000000000000
579 579 1000.0000000000000000
580 580 1.3848456000000000
581 581 1000.0000000000000000
582 582 1000.0000000000000000
583 583 1000.0000000000000000
584 584 1000.0000000000000000
585 585 1.3848456000000000
586 586 1000.0000000000000000
587 587 1000.0000000000000000
588 588 1000.0000000000000000
589 589 1.0778886000000001
590 590 1000.0000000000000000
591 591 1000.0000000000000000
592 592 53.1799978061999994
593 593 53.1799978061999994
594 594 100068.4687189999967813
595 595 0.8091614000000000
596 596 1000.0000000000000000
597 597 1000.0000000000000000
598 598 1.0997342000000001
599 599 1000.0000000000000000
600 600 1000.0000000000000000
601 601 1.3848456000000000
602 602 1000.0000000000000000
603 603 1000.0000000000000000
604 604 1.3566456000000000
605 605 1000.0000000000000000
606 606 1000.0000000000000000
607 607 1.3848456000000000
608 608 1000.0000000000000000
609 609 1000.0000000000000000
610 610 1000.0000000000000000
611 611 1000.0000000000000000
612 612 1.0997342000000001
613 613 1000.0000000000000000
614 614 1000.0000000000000000
615 615 1000.0000000000000000
616 616 1.0778886000000001
617 617 1000.0000000000000000
618 618 1000.0000000000000000
619 619 1.0778886000000001
620 620 1000.0000000000000000
621 621 1000.0000000000000000
622 622 1000.0000000000000000
623 623 0.9932886000000000
624 624 1000.0000000000000000
625 625 1000.0000000000000000
626 626 0.9165799000000000
627 627 1000.0000000000000000
628 628 1000.0000000000000000
629 629 1.3748298999999999
630 630 1000.0000000000000000
631 631 1000.0000000000000000
632 632 1.0202184249999999
633 633 1000.0000000000000000
634 634 1000.0000000000000000
635 635 2.1561626000000000
636 636 1000.0000000000000000
637 637 1000.0000000000000000
638 638 1.1209876000000001
639 639 1000.0000000000000000
640 640 1000.0000000000000000
641 641 162.9049656749999997
642 642 162.9049656749999997
643 643 1444061.0286199999973178
644 644 0.6705772000000000
645 645 1000.0000000000000000
646 646 1000.0000000000000000
647 647 0.6705772000000000
648 648 1000.0000000000000000
649 649 1000.0000000000000000
650 650 0.6705772000000000
651 651 1000.0000000000000000
652 652 1000.0000000000000000
653 653 0.6924228000000000
654 654 1000.0000000000000000
655 655 1000.0000000000000000
656 656 0.6705772000000000
657 657 1000.0000000000000000
658 658 1000.0000000000000000
659 659 0.3963886000000000
660 660 1000.0000000000000000
661 661 1000.0000000000000000
662 662 0.6924228000000000
663 663 1000.0000000000000000
664 664 1000.0000000000000000
665 665 0.6705772000000000
666 666 1000.0000000000000000
667 667 1000.0000000000000000
668 668 1.0997342000000001
669 669 1000.0000000000000000
670 670 1000.0000000000000000
671 671 1.0997342000000001
672 672 1000.0000000000000000
673 673 1000.0000000000000000
674 674 0.5498671000000001
675 675 1000.0000000000000000
676 676 1000.0000000000000000
677 677 0.8146228000000000
678 678 1000.0000000000000000
679 679 1000.0000000000000000
680 680 1.2422899000000001
681 681 1000.0000000000000000
682 682 1000.0000000000000000
683 683 1.3848456000000000
684 684 1000.0000000000000000
685 685 1000.0000000000000000
686 686 1.0778886000000001
687 687 1000.0000000000000000
688 688 1000.0000000000000000
689 689 0.9571785000000000
690 690 1000.0000000000000000
691 691 1000.0000000000000000
692 692 1.2422899000000001
693 693 1000.0000000000000000
694 694 1000.0000000000000000
695 695 1.3848456000000000
696 696 1000.0000000000000000
697 697 1000.0000000000000000
698 698 1.0778886000000001
699 699 1000.0000000000000000
700 700 1000.0000000000000000
701 701 0.9407943000000000
702 702 1000.0000000000000000
703 703 1000.0000000000000000
704 704 1.0778886000000001
705 705 1000.0000000000000000
706 706 1000.0000000000000000
707 707 0.7927772000000000
708 708 1000.0000000000000000
709 709 1000.0000000000000000
710 710 0.5444057000000000
711 711 1000.0000000000000000
712 712 1000.0000000000000000
713 713 0.5498577000000000
714 714 1000.0000000000000000
715 715 1000.0000000000000000
716 716 0.5498671000000001
717 717 1000.0000000000000000
718 718 1000.0000000000000000
719 719 1.0844509750000000
720 720 1000.0000000000000000
721 721 1000.0000000000000000
722 722 0.6262268250000000
723 723 1000.0000000000000000
724 724 1000.0000000000000000
725 725 0.9556886000000000
726 726 1000.0000000000000000
727 727 1000.0000000000000000
728 728 0.8349785000000000
729 729 1000.0000000000000000
730 730 1000.0000000000000000
731 731 1.1200899000000000
732 732 1000.0000000000000000
733 733 1000.0000000000000000
734 734 1.2626455999999999
735 735 1000.0000000000000000
736 736 1000.0000000000000000
737 737 1.2626455999999999
738 738 1000.0000000000000000
739 739 1000.0000000000000000
740 740 0.9556886000000000
741 741 1000.0000000000000000
742 742 1000.0000000000000000
743 743 0.5498671000000001
744 744 1000.0000000000000000
745 745 1000.0000000000000000
746 746 1.1200899000000000
747 747 1000.0000000000000000
748 748 1000.0000000000000000
749 749 1.2626455999999999
750 750 1000.0000000000000000
751 751 1000.0000000000000000
752 752 1.2626455999999999
753 753 1000.0000000000000000
754 754 1000.0000000000000000
755 755 0.9556886000000000
756 756 1000.0000000000000000
757 757 1000.0000000000000000
758 758 0.8405057000000000
759 759 1000.0000000000000000
760 760 1000.0000000000000000
761 761 0.6399778500000000
762 762 1000.0000000000000000
763 763 1000.0000000000000000
764 764 0.5538057000000000
765 765 1000.0000000000000000
766 766 1000.0000000000000000
767 767 1.1428120500000001
768 768 1000.0000000000000000
769 769 1000.0000000000000000
770 770 1.3566456000000000
771 771 1000.0000000000000000
772 772 1000.0000000000000000
773 773 0.4112500000000000
774 774 1000.0000000000000000
775 775 1000.0000000000000000
776 776 0.9963671000000000
777 777 1000.0000000000000000
778 778 1000.0000000000000000
779 779 0.7864228000000000
780 780 1000.0000000000000000
781 781 1000.0000000000000000
782 782 1.2140899000000001
783 783 1000.0000000000000000
784 784 1000.0000000000000000
785 785 1.0919228000000001
786 786 1000.0000000000000000
787 787 1000.0000000000000000
788 788 0.6399778500000000
789 789 1000.0000000000000000
790 790 1000.0000000000000000
791 791 0.5538057000000000
792 792 1000.0000000000000000
793 793 1000.0000000000000000
794 794 1.0002563499999999
795 795 1000.0000000000000000
796 796 1000.0000000000000000
797 797 1.2140899000000001
798 798 1000.0000000000000000
799 799 1000.0000000000000000
800 800 1.1123114000000001
801 801 1000.0000000000000000
802 802 1000.0000000000000000
803 803 0.4112500000000000
804 804 1000.0000000000000000
805 805 1000.0000000000000000
806 806 0.7010613999999999
807 807 1000.0000000000000000
808 808 1000.0000000000000000
809 809 0.8420614000000000
810 810 1000.0000000000000000
811 811 1000.0000000000000000
812 812 0.7872500000000000
813 813 1000.0000000000000000
814 814 1000.0000000000000000
815 815 0.4512000000000000
816 816 1000.0000000000000000
817 817 1000.0000000000000000
818 818 1000.0000000000000000
819 819 1000.0000000000000000
820 820 0.6720671000000000
821 821 1000.0000000000000000
822 822 1000.0000000000000000
823 823 1.0997342000000001
824 824 1000.0000000000000000
825 825 1000.0000000000000000
826 826 0.9775342000000000
827 827 1000.0000000000000000
828 828 1000.0000000000000000
829 829 1000.0000000000000000
830 830 1000.0000000000000000
831 831 0.2444000000000000
832 832 0.2444000000000000
833 833 0.2444000000000000
834 834 1000.0000000000000000
835 835 1000.0000000000000000
836 836 1000.0000000000000000
837 837 0.8146228000000000
838 838 1000.0000000000000000
839 839 1000.0000000000000000
840 840 1.2626455999999999
841 841 1000.0000000000000000
842 842 1000.0000000000000000
843 843 1.2626455999999999
844 844 1000.0000000000000000
845 845 1000.0000000000000000
846 846 0.9556886000000000
847 847 1000.0000000000000000
848 848 1000.0000000000000000
849 849 0.5498671000000001
850 850 1000.0000000000000000
851 851 1000.0000000000000000
852 852 1.2422899000000001
853 853 1000.0000000000000000
854 854 1000.0000000000000000
855 855 0.9571785000000000
856 856 1000.0000000000000000
857 857 1000.0000000000000000
858 858 0.8146228000000000
859 859 1000.0000000000000000
860 860 1000.0000000000000000
861 861 1.2422899000000001
862 862 1000.0000000000000000
863 863 1000.0000000000000000
864 864 0.5498671000000001
865 865 1000.0000000000000000
866 866 1000.0000000000000000
867 867 1.0997342000000001
868 868 1000.0000000000000000
869 869 1000.0000000000000000
870 870 1.2422899000000001
871 871 1000.0000000000000000
872 872 1000.0000000000000000
873 873 1.3848456000000000
874 874 1000.0000000000000000
875 875 1000.0000000000000000
876 876 0.9932886000000000
877 877 1000.0000000000000000
878 878 1000.0000000000000000
879 879 0.8035684000000000
880 880 1000.0000000000000000
881 881 1000.0000000000000000
882 882 1.1755028999999999
883 883 1000.0000000000000000
884 884 1000.0000000000000000
885 885 1.1316048999999999
886 886 1000.0000000000000000
887 887 1000.0000000000000000
888 888 0.9821026000000000
889 889 1000.0000000000000000
890 890 1000.0000000000000000
891 891 0.6703140000000000
892 892 1000.0000000000000000
893 893 1000.0000000000000000
894 894 1000.0000000000000000
895 895 1000.0000000000000000
896 896 1.3848456000000000
897 897 1000.0000000000000000
898 898 1000.0000000000000000
899 899 1.2626455999999999
900 900 1000.0000000000000000
901 901 1000.0000000000000000
902 902 1.0778886000000001
903 903 1000.0000000000000000
904 904 1000.0000000000000000
905 905 0.9556886000000000
906 906 1000.0000000000000000
907 907 1000.0000000000000000
908 908 0.6721000000000000
909 909 0.6721000000000000
910 910 0.6721000000000000
911 911 1000.0000000000000000
912 912 1000.0000000000000000
913 913 1000.0000000000000000
914 914 0.4073114000000000
915 915 1000.0000000000000000
916 916 1000.0000000000000000
917 917 0.4073114000000000
918 918 1000.0000000000000000
919 919 1000.0000000000000000
920 920 0.5530678000000000
921 921 1000.0000000000000000
922 922 1000.0000000000000000
923 923 1.1515375999999999
924 924 1000.0000000000000000
925 925 1000.0000000000000000
926 926 0.5922376000000000
927 927 1000.0000000000000000
928 928 1000.0000000000000000
929 929 0.8146228000000000
930 930 1000.0000000000000000
931 931 1000.0000000000000000
932 932 1.0997342000000001
933 933 1000.0000000000000000
934 934 1000.0000000000000000
935 935 0.6720671000000000
936 936 1000.0000000000000000
937 937 1000.0000000000000000
938 938 1.2422899000000001
939 939 1000.0000000000000000
940 940 1000.0000000000000000
941 941 1.3848456000000000
942 942 1000.0000000000000000
943 943 1000.0000000000000000
944 944 1.0778886000000001
945 945 1000.0000000000000000
946 946 1000.0000000000000000
947 947 0.5498671000000001
948 948 1000.0000000000000000
949 949 1000.0000000000000000
950 950 1.2422899000000001
951 951 1000.0000000000000000
952 952 1000.0000000000000000
953 953 1.3848456000000000
954 954 1000.0000000000000000
955 955 1000.0000000000000000
956 956 1.0778886000000001
957 957 1000.0000000000000000
958 958 1000.0000000000000000
959 959 0.8037000000000000
960 960 1000.0000000000000000
961 961 1000.0000000000000000
962 962 1.0778886000000001
963 963 1000.0000000000000000
964 964 1000.0000000000000000
965 965 0.7927772000000000
966 966 1000.0000000000000000
967 967 1000.0000000000000000
968 968 144.2038383999999951
969 969 144.2038383999999951
970 970 1242137.9933100000489503
971 971 0.5498577000000000
972 972 1000.0000000000000000
973 973 1000.0000000000000000
974 974 0.6262268250000000
975 975 1000.0000000000000000
976 976 1000.0000000000000000
977 977 1000.0000000000000000
978 978 1000.0000000000000000
979 979 1000.0000000000000000
980 980 1000.0000000000000000
981 981 1000.0000000000000000
982 982 1000.0000000000000000
983 983 1000.0000000000000000
984 984 1000.0000000000000000
985 985 1000.0000000000000000
986 986 1000.0000000000000000
987 987 1000.0000000000000000
988 988 1000.0000000000000000
989 989 1000.0000000000000000
990 990 1000.0000000000000000
991 991 1000.0000000000000000
992 992 1000.0000000000000000
993 993 1000.0000000000000000
994 994 1000.0000000000000000
995 995 0.6924228000000000
996 996 1000.0000000000000000
997 997 1000.0000000000000000
998 998 1.2626455999999999
999 999 1000.0000000000000000
1000 1000 1000.0000000000000000
1001 1001 0.6721000000000000
1002 1002 0.6721000000000000
1003 1003 0.6721000000000000
1004 1004 1000.0000000000000000
1005 1005 1000.0000000000000000
1006 1006 1000.0000000000000000
1007 1007 0.3971500000000000
1008 1008 0.3971500000000000
1009 1009 0.3971500000000000
1010 1010 1000.0000000000000000
1011 1011 1000.0000000000000000
1012 1012 1000.0000000000000000
1013 1013 1.2626455999999999
1014 1014 1000.0000000000000000
1015 1015 1000.0000000000000000
1016 1016 0.9556886000000000
1017 1017 1000.0000000000000000
1018 1018 1000.0000000000000000
1019 1019 1.3394999999999999
1020 1020 1.3394999999999999
1021 1021 1.3394999999999999
1022 1022 1000.0000000000000000
1023 1023 1000.0000000000000000
1024 1024 1000.0000000000000000
1025 1025 0.3963886000000000
1026 1026 1000.0000000000000000
1027 1027 1000.0000000000000000
1028 1028 1.2517228000000000
1029 1029 1000.0000000000000000
1030 1030 1000.0000000000000000
1031 1031 0.2647557000000000
1032 1032 1000.0000000000000000
1033 1033 1000.0000000000000000
1034 1034 1.1200899000000000
1035 1035 1000.0000000000000000
1036 1036 1000.0000000000000000
1037 1037 1.2626455999999999
1038 1038 1000.0000000000000000
1039 1039 1000.0000000000000000
1040 1040 0.9556886000000000
1041 1041 1000.0000000000000000
1042 1042 1000.0000000000000000
1043 1043 0.9775342000000000
1044 1044 1000.0000000000000000
1045 1045 1000.0000000000000000
1046 1046 1.2626455999999999
1047 1047 1000.0000000000000000
1048 1048 1000.0000000000000000
1049 1049 0.9556886000000000
1050 1050 1000.0000000000000000
1051 1051 1000.0000000000000000
1052 1052 0.6815000000000000
1053 1053 1000.0000000000000000
1054 1054 1000.0000000000000000
1055 1055 0.9556886000000000
1056 1056 1000.0000000000000000
1057 1057 1000.0000000000000000
1058 1058 0.6705772000000000
1059 1059 1000.0000000000000000
1060 1060 1000.0000000000000000
1061 1061 1.3394999999999999
1062 1062 1.3394999999999999
1063 1063 1.3394999999999999
1064 1064 1000.0000000000000000
1065 1065 1000.0000000000000000
1066 1066 1000.0000000000000000
1067 1067 1.0410500000000000
1068 1068 1.0410500000000000
1069 1069 1.0410500000000000
1070 1070 1000.0000000000000000
1071 1071 1000.0000000000000000
1072 1072 1000.0000000000000000
1073 1073 1000.0000000000000000
1074 1074 1000.0000000000000000
