1083 1083 1083
1 1 0.0002590203849040
2 2 0.0000000259020385
3 3 0.0000000259020385
4 4 0.0002590203849040
5 5 0.0000000259020385
6 6 0.0000000259020385
7 7 0.0002590203849040
8 8 0.0000000259020385
9 9 0.0000000259020385
10 10 0.0002590203849040
11 11 0.0000000259020385
12 12 0.0000000259020385
13 13 0.0002590203849040
14 14 0.0000000259020385
15 15 0.0000000259020385
16 16 0.0002590203849040
17 17 0.0000000259020385
18 18 0.0000000259020385
19 19 0.0002590203849040
20 20 0.0000000259020385
21 21 0.0000000259020385
22 22 0.0002590203849040
23 23 0.0000000259020385
24 24 0.0000000259020385
25 25 0.0002590203849040
26 26 0.0000000259020385
27 27 0.0000000259020385
28 28 0.0002590203849040
29 29 0.0000000259020385
30 30 0.0000000259020385
31 31 0.0002590203849040
32 32 0.0000000259020385
33 33 0.0000000259020385
34 34 0.0002590203849040
35 35 0.0000000259020385
36 36 0.0000000259020385
37 37 0.0002590203849040
38 38 0.0000000259020385
39 39 0.0000000259020385
40 40 0.0002590203849040
41 41 0.0000000259020385
42 42 0.0000000259020385
43 43 0.0002590203849040
44 44 0.0000000259020385
45 45 0.0000000259020385
46 46 0.0002590203849040
47 47 0.0000000259020385
48 48 0.0000000259020385
49 49 0.0002590203849040
50 50 0.0000000259020385
51 51 0.0000000259020385
52 52 0.0002590203849040
53 53 0.0000000259020385
54 54 0.0000000259020385
55 55 0.0002590203849040
56 56 0.0000000259020385
57 57 0.0000000259020385
58 58 0.0002590203849040
59 59 0.0000000259020385
60 60 0.0000000259020385
61 61 0.0002590203849040
62 62 0.0000000259020385
63 63 0.0000000259020385
64 64 0.0002590203849040
65 65 0.0000000259020385
66 66 0.0000000259020385
67 67 0.0002590203849040
68 68 0.0000000259020385
69 69 0.0000000259020385
70 70 0.0002590203849040
71 71 0.0000000259020385
72 72 0.0000000259020385
73 73 0.0002590203849040
74 74 0.0000000259020385
75 75 0.0000000259020385
76 76 0.0002590203849040
77 77 0.0000000259020385
78 78 0.0000000259020385
79 79 0.0002590203849040
80 80 0.0000000259020385
81 81 0.0000000259020385
82 82 0.0002590203849040
83 83 0.0000000259020385
84 84 0.0000000259020385
85 85 0.0002590203849040
86 86 0.0000000259020385
87 87 0.0000000259020385
88 88 0.0002590203849040
89 89 0.0000000259020385
90 90 0.0000000259020385
91 91 0.0002590203849040
92 92 0.0000000259020385
93 93 0.0000000259020385
94 94 0.0002590203849040
95 95 0.0000000259020385
96 96 0.0000000259020385
97 97 0.0002590203849040
98 98 0.0000000259020385
99 99 0.0000000259020385
100 100 0.0002590203849040
101 101 0.0000000259020385
102 102 0.0000000259020385
103 103 0.0002590203849040
104 104 0.0000000259020385
105 105 0.0000000259020385
106 106 0.0002590203849040
107 107 0.0000000259020385
108 108 0.0000000259020385
109 109 0.0002590203849040
110 110 0.0000000259020385
111 111 0.0000000259020385
112 112 0.0002590203849040
113 113 0.0000000259020385
114 114 0.0000000259020385
115 115 0.0002590203849040
116 116 0.0000000259020385
117 117 0.0000000259020385
118 118 0.0002590203849040
119 119 0.0000000259020385
120 120 0.0000000259020385
121 121 0.0002590203849040
122 122 0.0000000259020385
123 123 0.0000000259020385
124 124 0.0002590203849040
125 125 0.0000000259020385
126 126 0.0000000259020385
127 127 0.0002590203849040
128 128 0.0000000259020385
129 129 0.0000000259020385
130 130 0.0002590203849040
131 131 0.0000000259020385
132 132 0.0000000259020385
133 133 0.0002590203849040
134 134 0.0000000259020385
135 135 0.0000000259020385
136 136 0.0002590203849040
137 137 0.0000000259020385
138 138 0.0000000259020385
139 139 0.0002590203849040
140 140 0.0000000259020385
141 141 0.0000000259020385
142 142 0.0002590203849040
143 143 0.0000000259020385
144 144 0.0000000259020385
145 145 0.0002590203849040
146 146 0.0000000259020385
147 147 0.0000000259020385
148 148 0.0002590203849040
149 149 0.0000000259020385
150 150 0.0000000259020385
151 151 0.0002590203849040
152 152 0.0000000259020385
153 153 0.0000000259020385
154 154 0.0002590203849040
155 155 0.0000000259020385
156 156 0.0000000259020385
157 157 0.0002590203849040
158 158 0.0000000259020385
159 159 0.0000000259020385
160 160 0.0002590203849040
161 161 0.0000000259020385
162 162 0.0000000259020385
163 163 0.0002590203849040
164 164 0.0000000259020385
165 165 0.0000000259020385
166 166 0.0002590203849040
167 167 0.0000000259020385
168 168 0.0000000259020385
169 169 0.0002590203849040
170 170 0.0000000259020385
171 171 0.0000000259020385
172 172 0.0002590203849040
173 173 0.0000000259020385
174 174 0.0000000259020385
175 175 0.0002590203849040
176 176 0.0000000259020385
177 177 0.0000000259020385
178 178 0.0002590203849040
179 179 0.0000000259020385
180 180 0.0000000259020385
181 181 0.0002590203849040
182 182 0.0000000259020385
183 183 0.0000000259020385
184 184 0.0002590203849040
185 185 0.0000000259020385
186 186 0.0000000259020385
187 187 0.0002590203849040
188 188 0.0000000259020385
189 189 0.0000000259020385
190 190 0.0002590203849040
191 191 0.0000000259020385
192 192 0.0000000259020385
193 193 0.0002590203849040
194 194 0.0000000259020385
195 195 0.0000000259020385
196 196 0.0002590203849040
197 197 0.0000000259020385
198 198 0.0000000259020385
199 199 0.0002590203849040
200 200 0.0000000259020385
201 201 0.0000000259020385
202 202 0.0002590203849040
203 203 0.0000000259020385
204 204 0.0000000259020385
205 205 0.0002590203849040
206 206 0.0000000259020385
207 207 0.0000000259020385
208 208 0.0002590203849040
209 209 0.0000000259020385
210 210 0.0000000259020385
211 211 0.0002590203849040
212 212 0.0000000259020385
213 213 0.0000000259020385
214 214 0.0002590203849040
215 215 0.0000000259020385
216 216 0.0000000259020385
217 217 0.0002590203849040
218 218 0.0000000259020385
219 219 0.0000000259020385
220 220 0.0002590203849040
221 221 0.0000000259020385
222 222 0.0000000259020385
223 223 0.0002590203849040
224 224 0.0000000259020385
225 225 0.0000000259020385
226 226 0.0002590203849040
227 227 0.0000000259020385
228 228 0.0000000259020385
229 229 0.0002590203849040
230 230 0.0000000259020385
231 231 0.0000000259020385
232 232 0.0002590203849040
233 233 0.0000000259020385
234 234 0.0000000259020385
235 235 0.0002590203849040
236 236 0.0000000259020385
237 237 0.0000000259020385
238 238 0.0002590203849040
239 239 0.0000000259020385
240 240 0.0000000259020385
241 241 0.0002590203849040
242 242 0.0000000259020385
243 243 0.0000000259020385
244 244 0.0002590203849040
245 245 0.0000000259020385
246 246 0.0000000259020385
247 247 0.0002590203849040
248 248 0.0000000259020385
249 249 0.0000000259020385
250 250 0.0002590203849040
251 251 0.0000000259020385
252 252 0.0000000259020385
253 253 0.0002590203849040
254 254 0.0000000259020385
255 255 0.0000000259020385
256 256 0.0002590203849040
257 257 0.0000000259020385
258 258 0.0000000259020385
259 259 0.0002590203849040
260 260 0.0000000259020385
261 261 0.0000000259020385
262 262 0.0002590203849040
263 263 0.0000000259020385
264 264 0.0000000259020385
265 265 0.0002590203849040
266 266 0.0000000259020385
267 267 0.0000000259020385
268 268 0.0002590203849040
269 269 0.0000000259020385
270 270 0.0000000259020385
271 271 0.0002590203849040
272 272 0.0000000259020385
273 273 0.0000000259020385
274 274 0.0002590203849040
275 275 0.0000000259020385
276 276 0.0000000259020385
277 277 0.0002590203849040
278 278 0.0000000259020385
279 279 0.0000000259020385
280 280 0.0002590203849040
281 281 0.0000000259020385
282 282 0.0000000259020385
283 283 0.0002590203849040
284 284 0.0000000259020385
285 285 0.0000000259020385
286 286 0.0002590203849040
287 287 0.0000000259020385
288 288 0.0000000259020385
289 289 0.0002590203849040
290 290 0.0000000259020385
291 291 0.0000000259020385
292 292 0.0002590203849040
293 293 0.0000000259020385
294 294 0.0000000259020385
295 295 0.0002590203849040
296 296 0.0000000259020385
297 297 0.0000000259020385
298 298 0.0002590203849040
299 299 0.0000000259020385
300 300 0.0000000259020385
301 301 0.0002590203849040
302 302 0.0000000259020385
303 303 0.0000000259020385
304 304 0.0002590203849040
305 305 0.0000000259020385
306 306 0.0000000259020385
307 307 0.0002590203849040
308 308 0.0000000259020385
309 309 0.0000000259020385
310 310 0.0002590203849040
311 311 0.0000000259020385
312 312 0.0000000259020385
313 313 0.0002590203849040
314 314 0.0000000259020385
315 315 0.0000000259020385
316 316 0.0002590203849040
317 317 0.0000000259020385
318 318 0.0000000259020385
319 319 0.0002590203849040
320 320 0.0000000259020385
321 321 0.0000000259020385
322 322 0.0002590203849040
323 323 0.0000000259020385
324 324 0.0000000259020385
325 325 0.0002590203849040
326 326 0.0000000259020385
327 327 0.0000000259020385
328 328 0.0002590203849040
329 329 0.0000000259020385
330 330 0.0000000259020385
331 331 0.0002590203849040
332 332 0.0000000259020385
333 333 0.0000000259020385
334 334 0.0002590203849040
335 335 0.0000000259020385
336 336 0.0000000259020385
337 337 0.0002590203849040
338 338 0.0000000259020385
339 339 0.0000000259020385
340 340 0.0002590203849040
341 341 0.0000000259020385
342 342 0.0000000259020385
343 343 0.0002590203849040
344 344 0.0000000259020385
345 345 0.0000000259020385
346 346 0.0002590203849040
347 347 0.0000000259020385
348 348 0.0000000259020385
349 349 0.0002590203849040
350 350 0.0000000259020385
351 351 0.0000000259020385
352 352 0.0002590203849040
353 353 0.0000000259020385
354 354 0.0000000259020385
355 355 0.0002590203849040
356 356 0.0000000259020385
357 357 0.0000000259020385
358 358 0.0002590203849040
359 359 0.0000000259020385
360 360 0.0000000259020385
361 361 0.0002590203849040
362 362 0.0000000259020385
363 363 0.0000000259020385
364 364 0.0002590203849040
365 365 0.0000000259020385
366 366 0.0000000259020385
367 367 0.0002590203849040
368 368 0.0000000259020385
369 369 0.0000000259020385
370 370 0.0002590203849040
371 371 0.0000000259020385
372 372 0.0000000259020385
373 373 0.0002590203849040
374 374 0.0000000259020385
375 375 0.0000000259020385
376 376 0.0002590203849040
377 377 0.0000000259020385
378 378 0.0000000259020385
379 379 0.0002590203849040
380 380 0.0000000259020385
381 381 0.0000000259020385
382 382 0.0002590203849040
383 383 0.0000000259020385
384 384 0.0000000259020385
385 385 0.0002590203849040
386 386 0.0000000259020385
387 387 0.0000000259020385
388 388 0.0002590203849040
389 389 0.0000000259020385
390 390 0.0000000259020385
391 391 0.0002590203849040
392 392 0.0000000259020385
393 393 0.0000000259020385
394 394 0.0002590203849040
395 395 0.0000000259020385
396 396 0.0000000259020385
397 397 0.0002590203849040
398 398 0.0000000259020385
399 399 0.0000000259020385
400 400 0.0002590203849040
401 401 0.0000000259020385
402 402 0.0000000259020385
403 403 0.0002590203849040
404 404 0.0000000259020385
405 405 0.0000000259020385
406 406 0.0002590203849040
407 407 0.0000000259020385
408 408 0.0000000259020385
409 409 0.0002590203849040
410 410 0.0000000259020385
411 411 0.0000000259020385
412 412 0.0002590203849040
413 413 0.0000000259020385
414 414 0.0000000259020385
415 415 0.0002590203849040
416 416 0.0000000259020385
417 417 0.0000000259020385
418 418 0.0002590203849040
419 419 0.0000000259020385
420 420 0.0000000259020385
421 421 0.0002590203849040
422 422 0.0000000259020385
423 423 0.0000000259020385
424 424 0.0002590203849040
425 425 0.0000000259020385
426 426 0.0000000259020385
427 427 0.0002590203849040
428 428 0.0000000259020385
429 429 0.0000000259020385
430 430 0.0002590203849040
431 431 0.0000000259020385
432 432 0.0000000259020385
433 433 0.0002590203849040
434 434 0.0000000259020385
435 435 0.0000000259020385
436 436 0.0002590203849040
437 437 0.0000000259020385
438 438 0.0000000259020385
439 439 0.0002590203849040
440 440 0.0000000259020385
441 441 0.0000000259020385
442 442 0.0002590203849040
443 443 0.0000000259020385
444 444 0.0000000259020385
445 445 0.0002590203849040
446 446 0.0000000259020385
447 447 0.0000000259020385
448 448 0.0002590203849040
449 449 0.0000000259020385
450 450 0.0000000259020385
451 451 0.0002590203849040
452 452 0.0000000259020385
453 453 0.0000000259020385
454 454 0.0002590203849040
455 455 0.0000000259020385
456 456 0.0000000259020385
457 457 0.0002590203849040
458 458 0.0000000259020385
459 459 0.0000000259020385
460 460 0.0002590203849040
461 461 0.0000000259020385
462 462 0.0000000259020385
463 463 0.0002590203849040
464 464 0.0000000259020385
465 465 0.0000000259020385
466 466 0.0002590203849040
467 467 0.0000000259020385
468 468 0.0000000259020385
469 469 0.0002590203849040
470 470 0.0000000259020385
471 471 0.0000000259020385
472 472 0.0002590203849040
473 473 0.0000000259020385
474 474 0.0000000259020385
475 475 0.0002590203849040
476 476 0.0000000259020385
477 477 0.0000000259020385
478 478 0.0002590203849040
479 479 0.0000000259020385
480 480 0.0000000259020385
481 481 0.0002590203849040
482 482 0.0000000259020385
483 483 0.0000000259020385
484 484 0.0002590203849040
485 485 0.0000000259020385
486 486 0.0000000259020385
487 487 0.0002590203849040
488 488 0.0000000259020385
489 489 0.0000000259020385
490 490 0.0002590203849040
491 491 0.0000000259020385
492 492 0.0000000259020385
493 493 0.0002590203849040
494 494 0.0000000259020385
495 495 0.0000000259020385
496 496 0.0002590203849040
497 497 0.0000000259020385
498 498 0.0000000259020385
499 499 0.0002590203849040
500 500 0.0000000259020385
501 501 0.0000000259020385
502 502 0.0002590203849040
503 503 0.0000000259020385
504 504 0.0000000259020385
505 505 0.0002590203849040
506 506 0.0000000259020385
507 507 0.0000000259020385
508 508 0.0002590203849040
509 509 0.0000000259020385
510 510 0.0000000259020385
511 511 0.0002590203849040
512 512 0.0000000259020385
513 513 0.0000000259020385
514 514 0.0002590203849040
515 515 0.0000000259020385
516 516 0.0000000259020385
517 517 0.0002590203849040
518 518 0.0000000259020385
519 519 0.0000000259020385
520 520 0.0002590203849040
521 521 0.0000000259020385
522 522 0.0000000259020385
523 523 0.0002590203849040
524 524 0.0000000259020385
525 525 0.0000000259020385
526 526 0.0002590203849040
527 527 0.0000000259020385
528 528 0.0000000259020385
529 529 0.0002590203849040
530 530 0.0000000259020385
531 531 0.0000000259020385
532 532 0.0002590203849040
533 533 0.0000000259020385
534 534 0.0000000259020385
535 535 0.0002590203849040
536 536 0.0000000259020385
537 537 0.0000000259020385
538 538 0.0002590203849040
539 539 0.0000000259020385
540 540 0.0000000259020385
541 541 0.0002590203849040
542 542 0.0000000259020385
543 543 0.0000000259020385
544 544 0.0002590203849040
545 545 0.0000000259020385
546 546 0.0000000259020385
547 547 0.0002590203849040
548 548 0.0000000259020385
549 549 0.0000000259020385
550 550 0.0002590203849040
551 551 0.0000000259020385
552 552 0.0000000259020385
553 553 0.0002590203849040
554 554 0.0000000259020385
555 555 0.0000000259020385
556 556 0.0002590203849040
557 557 0.0000000259020385
558 558 0.0000000259020385
559 559 0.0002590203849040
560 560 0.0000000259020385
561 561 0.0000000259020385
562 562 0.0002590203849040
563 563 0.0000000259020385
564 564 0.0000000259020385
565 565 0.0002590203849040
566 566 0.0000000259020385
567 567 0.0000000259020385
568 568 0.0002590203849040
569 569 0.0000000259020385
570 570 0.0000000259020385
571 571 0.0002590203849040
572 572 0.0000000259020385
573 573 0.0000000259020385
574 574 0.0002590203849040
575 575 0.0000000259020385
576 576 0.0000000259020385
577 577 0.0002590203849040
578 578 0.0000000259020385
579 579 0.0000000259020385
580 580 0.0002590203849040
581 581 0.0000000259020385
582 582 0.0000000259020385
583 583 0.0002590203849040
584 584 0.0000000259020385
585 585 0.0000000259020385
586 586 0.0002590203849040
587 587 0.0000000259020385
588 588 0.0000000259020385
589 589 0.0002590203849040
590 590 0.0000000259020385
591 591 0.0000000259020385
592 592 0.0002590203849040
593 593 0.0000000259020385
594 594 0.0000000259020385
595 595 0.0002590203849040
596 596 0.0000000259020385
597 597 0.0000000259020385
598 598 0.0002590203849040
599 599 0.0000000259020385
600 600 0.0000000259020385
601 601 0.0002590203849040
602 602 0.0000000259020385
603 603 0.0000000259020385
604 604 0.0002590203849040
605 605 0.0000000259020385
606 606 0.0000000259020385
607 607 0.0002590203849040
608 608 0.0000000259020385
609 609 0.0000000259020385
610 610 0.0002590203849040
611 611 0.0000000259020385
612 612 0.0000000259020385
613 613 0.0002590203849040
614 614 0.0000000259020385
615 615 0.0000000259020385
616 616 0.0002590203849040
617 617 0.0000000259020385
618 618 0.0000000259020385
619 619 0.0002590203849040
620 620 0.0000000259020385
621 621 0.0000000259020385
622 622 0.0002590203849040
623 623 0.0000000259020385
624 624 0.0000000259020385
625 625 0.0002590203849040
626 626 0.0000000259020385
627 627 0.0000000259020385
628 628 0.0002590203849040
629 629 0.0000000259020385
630 630 0.0000000259020385
631 631 0.0002590203849040
632 632 0.0000000259020385
633 633 0.0000000259020385
634 634 0.0002590203849040
635 635 0.0000000259020385
636 636 0.0000000259020385
637 637 0.0002590203849040
638 638 0.0000000259020385
639 639 0.0000000259020385
640 640 0.0002590203849040
641 641 0.0000000259020385
642 642 0.0000000259020385
643 643 0.0002590203849040
644 644 0.0000000259020385
645 645 0.0000000259020385
646 646 0.0002590203849040
647 647 0.0000000259020385
648 648 0.0000000259020385
649 649 0.0002590203849040
650 650 0.0000000259020385
651 651 0.0000000259020385
652 652 0.0002590203849040
653 653 0.0000000259020385
654 654 0.0000000259020385
655 655 0.0002590203849040
656 656 0.0000000259020385
657 657 0.0000000259020385
658 658 0.0002590203849040
659 659 0.0000000259020385
660 660 0.0000000259020385
661 661 0.0002590203849040
662 662 0.0000000259020385
663 663 0.0000000259020385
664 664 0.0002590203849040
665 665 0.0000000259020385
666 666 0.0000000259020385
667 667 0.0002590203849040
668 668 0.0000000259020385
669 669 0.0000000259020385
670 670 0.0002590203849040
671 671 0.0000000259020385
672 672 0.0000000259020385
673 673 0.0002590203849040
674 674 0.0000000259020385
675 675 0.0000000259020385
676 676 0.0002590203849040
677 677 0.0000000259020385
678 678 0.0000000259020385
679 679 0.0002590203849040
680 680 0.0000000259020385
681 681 0.0000000259020385
682 682 0.0002590203849040
683 683 0.0000000259020385
684 684 0.0000000259020385
685 685 0.0002590203849040
686 686 0.0000000259020385
687 687 0.0000000259020385
688 688 0.0002590203849040
689 689 0.0000000259020385
690 690 0.0000000259020385
691 691 0.0002590203849040
692 692 0.0000000259020385
693 693 0.0000000259020385
694 694 0.0002590203849040
695 695 0.0000000259020385
696 696 0.0000000259020385
697 697 0.0002590203849040
698 698 0.0000000259020385
699 699 0.0000000259020385
700 700 0.0002590203849040
701 701 0.0000000259020385
702 702 0.0000000259020385
703 703 0.0002590203849040
704 704 0.0000000259020385
705 705 0.0000000259020385
706 706 0.0002590203849040
707 707 0.0000000259020385
708 708 0.0000000259020385
709 709 0.0002590203849040
710 710 0.0000000259020385
711 711 0.0000000259020385
712 712 0.0002590203849040
713 713 0.0000000259020385
714 714 0.0000000259020385
715 715 0.0002590203849040
716 716 0.0000000259020385
717 717 0.0000000259020385
718 718 0.0002590203849040
719 719 0.0000000259020385
720 720 0.0000000259020385
721 721 0.0002590203849040
722 722 0.0000000259020385
723 723 0.0000000259020385
724 724 0.0002590203849040
725 725 0.0000000259020385
726 726 0.0000000259020385
727 727 0.0002590203849040
728 728 0.0000000259020385
729 729 0.0000000259020385
730 730 0.0002590203849040
731 731 0.0000000259020385
732 732 0.0000000259020385
733 733 0.0002590203849040
734 734 0.0000000259020385
735 735 0.0000000259020385
736 736 0.0002590203849040
737 737 0.0000000259020385
738 738 0.0000000259020385
739 739 0.0002590203849040
740 740 0.0000000259020385
741 741 0.0000000259020385
742 742 0.0002590203849040
743 743 0.0000000259020385
744 744 0.0000000259020385
745 745 0.0002590203849040
746 746 0.0000000259020385
747 747 0.0000000259020385
748 748 0.0002590203849040
749 749 0.0000000259020385
750 750 0.0000000259020385
751 751 0.0002590203849040
752 752 0.0000000259020385
753 753 0.0000000259020385
754 754 0.0002590203849040
755 755 0.0000000259020385
756 756 0.0000000259020385
757 757 0.0002590203849040
758 758 0.0000000259020385
759 759 0.0000000259020385
760 760 0.0002590203849040
761 761 0.0000000259020385
762 762 0.0000000259020385
763 763 0.0002590203849040
764 764 0.0000000259020385
765 765 0.0000000259020385
766 766 0.0002590203849040
767 767 0.0000000259020385
768 768 0.0000000259020385
769 769 0.0002590203849040
770 770 0.0000000259020385
771 771 0.0000000259020385
772 772 0.0002590203849040
773 773 0.0000000259020385
774 774 0.0000000259020385
775 775 0.0002590203849040
776 776 0.0000000259020385
777 777 0.0000000259020385
778 778 0.0002590203849040
779 779 0.0000000259020385
780 780 0.0000000259020385
781 781 0.0002590203849040
782 782 0.0000000259020385
783 783 0.0000000259020385
784 784 0.0002590203849040
785 785 0.0000000259020385
786 786 0.0000000259020385
787 787 0.0002590203849040
788 788 0.0000000259020385
789 789 0.0000000259020385
790 790 0.0002590203849040
791 791 0.0000000259020385
792 792 0.0000000259020385
793 793 0.0002590203849040
794 794 0.0000000259020385
795 795 0.0000000259020385
796 796 0.0002590203849040
797 797 0.0000000259020385
798 798 0.0000000259020385
799 799 0.0002590203849040
800 800 0.0000000259020385
801 801 0.0000000259020385
802 802 0.0002590203849040
803 803 0.0000000259020385
804 804 0.0000000259020385
805 805 0.0002590203849040
806 806 0.0000000259020385
807 807 0.0000000259020385
808 808 0.0002590203849040
809 809 0.0000000259020385
810 810 0.0000000259020385
811 811 0.0002590203849040
812 812 0.0000000259020385
813 813 0.0000000259020385
814 814 0.0002590203849040
815 815 0.0000000259020385
816 816 0.0000000259020385
817 817 0.0002590203849040
818 818 0.0000000259020385
819 819 0.0000000259020385
820 820 0.0002590203849040
821 821 0.0000000259020385
822 822 0.0000000259020385
823 823 0.0002590203849040
824 824 0.0000000259020385
825 825 0.0000000259020385
826 826 0.0002590203849040
827 827 0.0000000259020385
828 828 0.0000000259020385
829 829 0.0002590203849040
830 830 0.0000000259020385
831 831 0.0000000259020385
832 832 0.0002590203849040
833 833 0.0000000259020385
834 834 0.0000000259020385
835 835 0.0002590203849040
836 836 0.0000000259020385
837 837 0.0000000259020385
838 838 0.0002590203849040
839 839 0.0000000259020385
840 840 0.0000000259020385
841 841 0.0002590203849040
842 842 0.0000000259020385
843 843 0.0000000259020385
844 844 0.0002590203849040
845 845 0.0000000259020385
846 846 0.0000000259020385
847 847 0.0002590203849040
848 848 0.0000000259020385
849 849 0.0000000259020385
850 850 0.0002590203849040
851 851 0.0000000259020385
852 852 0.0000000259020385
853 853 0.0002590203849040
854 854 0.0000000259020385
855 855 0.0000000259020385
856 856 0.0002590203849040
857 857 0.0000000259020385
858 858 0.0000000259020385
859 859 0.0002590203849040
860 860 0.0000000259020385
861 861 0.0000000259020385
862 862 0.0002590203849040
863 863 0.0000000259020385
864 864 0.0000000259020385
865 865 0.0002590203849040
866 866 0.0000000259020385
867 867 0.0000000259020385
868 868 0.0002590203849040
869 869 0.0000000259020385
870 870 0.0000000259020385
871 871 0.0002590203849040
872 872 0.0000000259020385
873 873 0.0000000259020385
874 874 0.0002590203849040
875 875 0.0000000259020385
876 876 0.0000000259020385
877 877 0.0002590203849040
878 878 0.0000000259020385
879 879 0.0000000259020385
880 880 0.0002590203849040
881 881 0.0000000259020385
882 882 0.0000000259020385
883 883 0.0002590203849040
884 884 0.0000000259020385
885 885 0.0000000259020385
886 886 0.0002590203849040
887 887 0.0000000259020385
888 888 0.0000000259020385
889 889 0.0002590203849040
890 890 0.0000000259020385
891 891 0.0000000259020385
892 892 0.0002590203849040
893 893 0.0000000259020385
894 894 0.0000000259020385
895 895 0.0002590203849040
896 896 0.0000000259020385
897 897 0.0000000259020385
898 898 0.0002590203849040
899 899 0.0000000259020385
900 900 0.0000000259020385
901 901 0.0002590203849040
902 902 0.0000000259020385
903 903 0.0000000259020385
904 904 0.0002590203849040
905 905 0.0000000259020385
906 906 0.0000000259020385
907 907 0.0002590203849040
908 908 0.0000000259020385
909 909 0.0000000259020385
910 910 0.0002590203849040
911 911 0.0000000259020385
912 912 0.0000000259020385
913 913 0.0002590203849040
914 914 0.0000000259020385
915 915 0.0000000259020385
916 916 0.0002590203849040
917 917 0.0000000259020385
918 918 0.0000000259020385
919 919 0.0002590203849040
920 920 0.0000000259020385
921 921 0.0000000259020385
922 922 0.0002590203849040
923 923 0.0000000259020385
924 924 0.0000000259020385
925 925 0.0002590203849040
926 926 0.0000000259020385
927 927 0.0000000259020385
928 928 0.0002590203849040
929 929 0.0000000259020385
930 930 0.0000000259020385
931 931 0.0002590203849040
932 932 0.0000000259020385
933 933 0.0000000259020385
934 934 0.0002590203849040
935 935 0.0000000259020385
936 936 0.0000000259020385
937 937 0.0002590203849040
938 938 0.0000000259020385
939 939 0.0000000259020385
940 940 0.0002590203849040
941 941 0.0000000259020385
942 942 0.0000000259020385
943 943 0.0002590203849040
944 944 0.0000000259020385
945 945 0.0000000259020385
946 946 0.0002590203849040
947 947 0.0000000259020385
948 948 0.0000000259020385
949 949 0.0002590203849040
950 950 0.0000000259020385
951 951 0.0000000259020385
952 952 0.0002590203849040
953 953 0.0000000259020385
954 954 0.0000000259020385
955 955 0.0002590203849040
956 956 0.0000000259020385
957 957 0.0000000259020385
958 958 0.0002590203849040
959 959 0.0000000259020385
960 960 0.0000000259020385
961 961 0.0002590203849040
962 962 0.0000000259020385
963 963 0.0000000259020385
964 964 0.0002590203849040
965 965 0.0000000259020385
966 966 0.0000000259020385
967 967 0.0002590203849040
968 968 0.0000000259020385
969 969 0.0000000259020385
970 970 0.0002590203849040
971 971 0.0000000259020385
972 972 0.0000000259020385
973 973 0.0002590203849040
974 974 0.0000000259020385
975 975 0.0000000259020385
976 976 0.0002590203849040
977 977 0.0000000259020385
978 978 0.0000000259020385
979 979 0.0002590203849040
980 980 0.0000000259020385
981 981 0.0000000259020385
982 982 0.0002590203849040
983 983 0.0000000259020385
984 984 0.0000000259020385
985 985 0.0002590203849040
986 986 0.0000000259020385
987 987 0.0000000259020385
988 988 0.0002590203849040
989 989 0.0000000259020385
990 990 0.0000000259020385
991 991 0.0002590203849040
992 992 0.0000000259020385
993 993 0.0000000259020385
994 994 0.0002590203849040
995 995 0.0000000259020385
996 996 0.0000000259020385
997 997 0.0002590203849040
998 998 0.0000000259020385
999 999 0.0000000259020385
1000 1000 0.0002590203849040
1001 1001 0.0000000259020385
1002 1002 0.0000000259020385
1003 1003 0.0002590203849040
1004 1004 0.0000000259020385
1005 1005 0.0000000259020385
1006 1006 0.0002590203849040
1007 1007 0.0000000259020385
1008 1008 0.0000000259020385
1009 1009 0.0002590203849040
1010 1010 0.0000000259020385
1011 1011 0.0000000259020385
1012 1012 0.0002590203849040
1013 1013 0.0000000259020385
1014 1014 0.0000000259020385
1015 1015 0.0002590203849040
1016 1016 0.0000000259020385
1017 1017 0.0000000259020385
1018 1018 0.0002590203849040
1019 1019 0.0000000259020385
1020 1020 0.0000000259020385
1021 1021 0.0002590203849040
1022 1022 0.0000000259020385
1023 1023 0.0000000259020385
1024 1024 0.0002590203849040
1025 1025 0.0000000259020385
1026 1026 0.0000000259020385
1027 1027 0.0002590203849040
1028 1028 0.0000000259020385
1029 1029 0.0000000259020385
1030 1030 0.0002590203849040
1031 1031 0.0000000259020385
1032 1032 0.0000000259020385
1033 1033 0.0002590203849040
1034 1034 0.0000000259020385
1035 1035 0.0000000259020385
1036 1036 0.0002590203849040
1037 1037 0.0000000259020385
1038 1038 0.0000000259020385
1039 1039 0.0002590203849040
1040 1040 0.0000000259020385
1041 1041 0.0000000259020385
1042 1042 0.0002590203849040
1043 1043 0.0000000259020385
1044 1044 0.0000000259020385
1045 1045 0.0002590203849040
1046 1046 0.0000000259020385
1047 1047 0.0000000259020385
1048 1048 0.0002590203849040
1049 1049 0.0000000259020385
1050 1050 0.0000000259020385
1051 1051 0.0002590203849040
1052 1052 0.0000000259020385
1053 1053 0.0000000259020385
1054 1054 0.0002590203849040
1055 1055 0.0000000259020385
1056 1056 0.0000000259020385
1057 1057 0.0002590203849040
1058 1058 0.0000000259020385
1059 1059 0.0000000259020385
1060 1060 0.0002590203849040
1061 1061 0.0000000259020385
1062 1062 0.0000000259020385
1063 1063 0.0002590203849040
1064 1064 0.0000000259020385
1065 1065 0.0000000259020385
1066 1066 0.0002590203849040
1067 1067 0.0000000259020385
1068 1068 0.0000000259020385
1069 1069 0.0002590203849040
1070 1070 0.0000000259020385
1071 1071 0.0000000259020385
1072 1072 0.0002590203849040
1073 1073 0.0000000259020385
1074 1074 0.0000000259020385
1075 1075 0.0002590203849040
1076 1076 0.0000000259020385
1077 1077 0.0000000259020385
1078 1078 0.0002590203849040
1079 1079 0.0000000259020385
1080 1080 0.0000000259020385
1081 1081 0.0002590203849040
1082 1082 0.0000000259020385
1083 1083 0.0000000259020385
