1473 1473 1473
1 1 0.3057020861550000
2 2 0.3057020861550000
3 3 0.3057020861550000
4 4 0.6012957281940000
5 5 0.6012957281940000
6 6 0.6012957281940000
7 7 31.5781446883999983
8 8 31.5781446883999983
9 9 0.0002923902285960
10 10 0.3135088474170000
11 11 0.3135088474170000
12 12 0.3135088474170000
13 13 0.3214917133290000
14 14 0.3214917133290000
15 15 0.3214917133290000
16 16 0.3380428986030000
17 17 0.3380428986030000
18 18 0.3380428986030000
19 19 0.3064726382320000
20 20 0.3064726382320000
21 21 0.3064726382320000
22 22 0.3913977028550000
23 23 0.3913977028550000
24 24 0.3913977028550000
25 25 0.5191562522340000
26 26 0.5191562522340000
27 27 0.5191562522340000
28 28 0.3913977028550000
29 29 0.3913977028550000
30 30 0.3913977028550000
31 31 0.3064726382320000
32 32 0.3064726382320000
33 33 0.3064726382320000
34 34 0.3380428986030000
35 35 0.3380428986030000
36 36 0.3380428986030000
37 37 0.3214917133290000
38 38 0.3214917133290000
39 39 0.3214917133290000
40 40 0.3135088474170000
41 41 0.3135088474170000
42 42 0.3135088474170000
43 43 0.6012957281940000
44 44 0.6012957281940000
45 45 0.6012957281940000
46 46 31.5781446883999983
47 47 31.5781446883999983
48 48 0.0002923902285960
49 49 0.3057020861550000
50 50 0.3057020861550000
51 51 0.3057020861550000
52 52 0.3057020861550000
53 53 0.3057020861550000
54 54 0.3057020861550000
55 55 0.6012957281940000
56 56 0.6012957281940000
57 57 0.6012957281940000
58 58 31.5781446883999983
59 59 31.5781446883999983
60 60 0.0002923902285960
61 61 0.3135088474180000
62 62 0.3135088474180000
63 63 0.3135088474180000
64 64 0.3214917133290000
65 65 0.3214917133290000
66 66 0.3214917133290000
67 67 0.3380428986030000
68 68 0.3380428986030000
69 69 0.3380428986030000
70 70 0.3064726382320000
71 71 0.3064726382320000
72 72 0.3064726382320000
73 73 0.3913977028550000
74 74 0.3913977028550000
75 75 0.3913977028550000
76 76 0.5191562522340000
77 77 0.5191562522340000
78 78 0.5191562522340000
79 79 0.3913977028550000
80 80 0.3913977028550000
81 81 0.3913977028550000
82 82 0.3064726382320000
83 83 0.3064726382320000
84 84 0.3064726382320000
85 85 0.3380428986030000
86 86 0.3380428986030000
87 87 0.3380428986030000
88 88 0.3214917133290000
89 89 0.3214917133290000
90 90 0.3214917133290000
91 91 0.3135088474170000
92 92 0.3135088474170000
93 93 0.3135088474170000
94 94 0.6012957281940000
95 95 0.6012957281940000
96 96 0.6012957281940000
97 97 31.5781446883999983
98 98 31.5781446883999983
99 99 0.0002923902285960
100 100 0.3057020861550000
101 101 0.3057020861550000
102 102 0.3057020861550000
103 103 0.3057020861550000
104 104 0.3057020861550000
105 105 0.3057020861550000
106 106 0.6012957281940000
107 107 0.6012957281940000
108 108 0.6012957281940000
109 109 31.5781446883999983
110 110 31.5781446883999983
111 111 0.0002923902285960
112 112 0.3135088474180000
113 113 0.3135088474180000
114 114 0.3135088474180000
115 115 0.3214917133290000
116 116 0.3214917133290000
117 117 0.3214917133290000
118 118 0.3380428986030000
119 119 0.3380428986030000
120 120 0.3380428986030000
121 121 0.3064726382320000
122 122 0.3064726382320000
123 123 0.3064726382320000
124 124 0.3913977028550000
125 125 0.3913977028550000
126 126 0.3913977028550000
127 127 0.5191562522340000
128 128 0.5191562522340000
129 129 0.5191562522340000
130 130 0.3913977028550000
131 131 0.3913977028550000
132 132 0.3913977028550000
133 133 0.3064726382320000
134 134 0.3064726382320000
135 135 0.3064726382320000
136 136 0.3380428986030000
137 137 0.3380428986030000
138 138 0.3380428986030000
139 139 0.3214917133290000
140 140 0.3214917133290000
141 141 0.3214917133290000
142 142 0.3135088474170000
143 143 0.3135088474170000
144 144 0.3135088474170000
145 145 0.6012957281940000
146 146 0.6012957281940000
147 147 0.6012957281940000
148 148 31.5781446883999983
149 149 31.5781446883999983
150 150 0.0002923902285960
151 151 0.3057020861550000
152 152 0.3057020861550000
153 153 0.3057020861550000
154 154 0.3057020861550000
155 155 0.3057020861550000
156 156 0.3057020861550000
157 157 0.6012957281940000
158 158 0.6012957281940000
159 159 0.6012957281940000
160 160 31.5781446883999983
161 161 31.5781446883999983
162 162 0.0002923902285960
163 163 0.3135088474180000
164 164 0.3135088474180000
165 165 0.3135088474180000
166 166 0.3214917133290000
167 167 0.3214917133290000
168 168 0.3214917133290000
169 169 0.3380428986030000
170 170 0.3380428986030000
171 171 0.3380428986030000
172 172 0.3064726382320000
173 173 0.3064726382320000
174 174 0.3064726382320000
175 175 0.3913977028550000
176 176 0.3913977028550000
177 177 0.3913977028550000
178 178 0.5191562522340000
179 179 0.5191562522340000
180 180 0.5191562522340000
181 181 0.3913977028550000
182 182 0.3913977028550000
183 183 0.3913977028550000
184 184 0.3064726382320000
185 185 0.3064726382320000
186 186 0.3064726382320000
187 187 0.3380428986030000
188 188 0.3380428986030000
189 189 0.3380428986030000
190 190 0.3214917133290000
191 191 0.3214917133290000
192 192 0.3214917133290000
193 193 0.3135088474170000
194 194 0.3135088474170000
195 195 0.3135088474170000
196 196 0.6012957281940000
197 197 0.6012957281940000
198 198 0.6012957281940000
199 199 31.5781446883999983
200 200 31.5781446883999983
201 201 0.0002923902285960
202 202 0.3057020861550000
203 203 0.3057020861550000
204 204 0.3057020861550000
205 205 0.3057020861550000
206 206 0.3057020861550000
207 207 0.3057020861550000
208 208 0.6012957281940000
209 209 0.6012957281940000
210 210 0.6012957281940000
211 211 31.5781446883999983
212 212 31.5781446883999983
213 213 0.0002923902285960
214 214 0.3135088474180000
215 215 0.3135088474180000
216 216 0.3135088474180000
217 217 0.3214917133290000
218 218 0.3214917133290000
219 219 0.3214917133290000
220 220 0.3380428986030000
221 221 0.3380428986030000
222 222 0.3380428986030000
223 223 0.3064726382320000
224 224 0.3064726382320000
225 225 0.3064726382320000
226 226 0.3913977028550000
227 227 0.3913977028550000
228 228 0.3913977028550000
229 229 0.5191562522340000
230 230 0.5191562522340000
231 231 0.5191562522340000
232 232 0.3913977028550000
233 233 0.3913977028550000
234 234 0.3913977028550000
235 235 0.3064726382320000
236 236 0.3064726382320000
237 237 0.3064726382320000
238 238 0.3380428986030000
239 239 0.3380428986030000
240 240 0.3380428986030000
241 241 0.3214917133290000
242 242 0.3214917133290000
243 243 0.3214917133290000
244 244 0.3135088474180000
245 245 0.3135088474180000
246 246 0.3135088474180000
247 247 0.6012957281940000
248 248 0.6012957281940000
249 249 0.6012957281940000
250 250 31.5781446883999983
251 251 31.5781446883999983
252 252 0.0002923902285960
253 253 0.3057020861550000
254 254 0.3057020861550000
255 255 0.3057020861550000
256 256 0.2792079053550000
257 257 0.2792079053550000
258 258 0.2792079053550000
259 259 0.5491834317500000
260 260 0.5491834317500000
261 261 0.5491834317500000
262 262 24.7087239795000002
263 263 24.7087239795000002
264 264 0.0002670497421180
265 265 0.2863380806410000
266 266 0.2863380806410000
267 267 0.2863380806410000
268 268 0.2936290981740000
269 269 0.2936290981740000
270 270 0.2936290981740000
271 271 0.3087458473910000
272 272 0.3087458473910000
273 273 0.3087458473910000
274 274 0.2799116762520000
275 275 0.2799116762520000
276 276 0.2799116762520000
277 277 0.3574765686080000
278 278 0.3574765686080000
279 279 0.3574765686080000
280 280 0.4741627103730000
281 281 0.4741627103730000
282 282 0.4741627103730000
283 283 0.3574765686080000
284 284 0.3574765686080000
285 285 0.3574765686080000
286 286 0.2799116762520000
287 287 0.2799116762520000
288 288 0.2799116762520000
289 289 0.3087458473910000
290 290 0.3087458473910000
291 291 0.3087458473910000
292 292 0.2936290981740000
293 293 0.2936290981740000
294 294 0.2936290981740000
295 295 0.2863380806410000
296 296 0.2863380806410000
297 297 0.2863380806410000
298 298 0.5491834317500000
299 299 0.5491834317500000
300 300 0.5491834317500000
301 301 24.7087239795000002
302 302 24.7087239795000002
303 303 0.0002670497421180
304 304 0.2792079053550000
305 305 0.2792079053550000
306 306 0.2792079053550000
307 307 0.1839251904850000
308 308 0.1839251904850000
309 309 0.1839251904850000
310 310 0.1886084718200000
311 311 0.1886084718200000
312 312 0.1886084718200000
313 313 0.1983185005140000
314 314 0.1983185005140000
315 315 0.1983185005140000
316 316 0.1797972810960000
317 317 0.1797972810960000
318 318 0.1797972810960000
319 319 0.2296199856750000
320 320 0.2296199856750000
321 321 0.2296199856750000
322 322 0.3045716679770000
323 323 0.3045716679770000
324 324 0.3045716679770000
325 325 0.2296199856750000
326 326 0.2296199856750000
327 327 0.2296199856750000
328 328 0.1797972810960000
329 329 0.1797972810960000
330 330 0.1797972810960000
331 331 0.1983185005140000
332 332 0.1983185005140000
333 333 0.1983185005140000
334 334 0.1886084718190000
335 335 0.1886084718190000
336 336 0.1886084718190000
337 337 0.1839251904850000
338 338 0.1839251904850000
339 339 0.1839251904850000
340 340 0.1839251904850000
341 341 0.1839251904850000
342 342 0.1839251904850000
343 343 0.1886084718200000
344 344 0.1886084718200000
345 345 0.1886084718200000
346 346 0.1983185005140000
347 347 0.1983185005140000
348 348 0.1983185005140000
349 349 0.1797972810960000
350 350 0.1797972810960000
351 351 0.1797972810960000
352 352 0.2296199856750000
353 353 0.2296199856750000
354 354 0.2296199856750000
355 355 0.3045716679770000
356 356 0.3045716679770000
357 357 0.3045716679770000
358 358 0.2296199856750000
359 359 0.2296199856750000
360 360 0.2296199856750000
361 361 0.1797972810960000
362 362 0.1797972810960000
363 363 0.1797972810960000
364 364 0.1983185005140000
365 365 0.1983185005140000
366 366 0.1983185005140000
367 367 0.1886084718200000
368 368 0.1886084718200000
369 369 0.1886084718200000
370 370 0.1839251904850000
371 371 0.1839251904850000
372 372 0.1839251904850000
373 373 0.2792079053550000
374 374 0.2792079053550000
375 375 0.2792079053550000
376 376 0.5491834317500000
377 377 0.5491834317500000
378 378 0.5491834317500000
379 379 24.7087239795000002
380 380 24.7087239795000002
381 381 0.0002670497421180
382 382 0.2863380806410000
383 383 0.2863380806410000
384 384 0.2863380806410000
385 385 0.2936290981740000
386 386 0.2936290981740000
387 387 0.2936290981740000
388 388 0.3087458473910000
389 389 0.3087458473910000
390 390 0.3087458473910000
391 391 0.2799116762520000
392 392 0.2799116762520000
393 393 0.2799116762520000
394 394 0.3574765686080000
395 395 0.3574765686080000
396 396 0.3574765686080000
397 397 0.4741627103730000
398 398 0.4741627103730000
399 399 0.4741627103730000
400 400 0.3574765686080000
401 401 0.3574765686080000
402 402 0.3574765686080000
403 403 0.2799116762520000
404 404 0.2799116762520000
405 405 0.2799116762520000
406 406 0.3087458473910000
407 407 0.3087458473910000
408 408 0.3087458473910000
409 409 0.2936290981740000
410 410 0.2936290981740000
411 411 0.2936290981740000
412 412 0.2863380806410000
413 413 0.2863380806410000
414 414 0.2863380806410000
415 415 0.5491834317500000
416 416 0.5491834317500000
417 417 0.5491834317500000
418 418 24.7087239795000002
419 419 24.7087239795000002
420 420 0.0002670497421180
421 421 0.2792079053550000
422 422 0.2792079053550000
423 423 0.2792079053550000
424 424 0.3057020861550000
425 425 0.3057020861550000
426 426 0.3057020861550000
427 427 0.6012957281940000
428 428 0.6012957281940000
429 429 0.6012957281940000
430 430 31.5781446883999983
431 431 31.5781446883999983
432 432 0.0002923902285960
433 433 0.3135088474180000
434 434 0.3135088474180000
435 435 0.3135088474180000
436 436 0.3214917133290000
437 437 0.3214917133290000
438 438 0.3214917133290000
439 439 0.3380428986030000
440 440 0.3380428986030000
441 441 0.3380428986030000
442 442 0.3064726382320000
443 443 0.3064726382320000
444 444 0.3064726382320000
445 445 0.3913977028550000
446 446 0.3913977028550000
447 447 0.3913977028550000
448 448 0.5191562522340000
449 449 0.5191562522340000
450 450 0.5191562522340000
451 451 0.3913977028550000
452 452 0.3913977028550000
453 453 0.3913977028550000
454 454 0.3064726382320000
455 455 0.3064726382320000
456 456 0.3064726382320000
457 457 0.3380428986030000
458 458 0.3380428986030000
459 459 0.3380428986030000
460 460 0.3214917133290000
461 461 0.3214917133290000
462 462 0.3214917133290000
463 463 0.3135088474180000
464 464 0.3135088474180000
465 465 0.3135088474180000
466 466 0.6012957281940000
467 467 0.6012957281940000
468 468 0.6012957281940000
469 469 31.5781446883999983
470 470 31.5781446883999983
471 471 0.0002923902285960
472 472 0.3057020861550000
473 473 0.3057020861550000
474 474 0.3057020861550000
475 475 0.3057020861550000
476 476 0.3057020861550000
477 477 0.3057020861550000
478 478 0.6012957281940000
479 479 0.6012957281940000
480 480 0.6012957281940000
481 481 31.5781446883999983
482 482 31.5781446883999983
483 483 0.0002923902285960
484 484 0.3135088474180000
485 485 0.3135088474180000
486 486 0.3135088474180000
487 487 0.3214917133290000
488 488 0.3214917133290000
489 489 0.3214917133290000
490 490 0.3380428986030000
491 491 0.3380428986030000
492 492 0.3380428986030000
493 493 0.3064726382320000
494 494 0.3064726382320000
495 495 0.3064726382320000
496 496 0.3913977028550000
497 497 0.3913977028550000
498 498 0.3913977028550000
499 499 0.5191562522340000
500 500 0.5191562522340000
501 501 0.5191562522340000
502 502 0.3913977028550000
503 503 0.3913977028550000
504 504 0.3913977028550000
505 505 0.3064726382320000
506 506 0.3064726382320000
507 507 0.3064726382320000
508 508 0.3380428986030000
509 509 0.3380428986030000
510 510 0.3380428986030000
511 511 0.3214917133290000
512 512 0.3214917133290000
513 513 0.3214917133290000
514 514 0.3135088474180000
515 515 0.3135088474180000
516 516 0.3135088474180000
517 517 0.6012957281940000
518 518 0.6012957281940000
519 519 0.6012957281940000
520 520 31.5781446883999983
521 521 31.5781446883999983
522 522 0.0002923902285960
523 523 0.3057020861550000
524 524 0.3057020861550000
525 525 0.3057020861550000
526 526 0.3057020861550000
527 527 0.3057020861550000
528 528 0.3057020861550000
529 529 0.6012957281940000
530 530 0.6012957281940000
531 531 0.6012957281940000
532 532 31.5781446883999983
533 533 31.5781446883999983
534 534 0.0002923902285960
535 535 0.3135088474180000
536 536 0.3135088474180000
537 537 0.3135088474180000
538 538 0.3214917133290000
539 539 0.3214917133290000
540 540 0.3214917133290000
541 541 0.3380428986030000
542 542 0.3380428986030000
543 543 0.3380428986030000
544 544 0.3064726382320000
545 545 0.3064726382320000
546 546 0.3064726382320000
547 547 0.3913977028550000
548 548 0.3913977028550000
549 549 0.3913977028550000
550 550 0.5191562522340000
551 551 0.5191562522340000
552 552 0.5191562522340000
553 553 0.3913977028550000
554 554 0.3913977028550000
555 555 0.3913977028550000
556 556 0.3064726382320000
557 557 0.3064726382320000
558 558 0.3064726382320000
559 559 0.3380428986030000
560 560 0.3380428986030000
561 561 0.3380428986030000
562 562 0.3214917133290000
563 563 0.3214917133290000
564 564 0.3214917133290000
565 565 0.3135088474180000
566 566 0.3135088474180000
567 567 0.3135088474180000
568 568 0.6012957281940000
569 569 0.6012957281940000
570 570 0.6012957281940000
571 571 31.5781446883999983
572 572 31.5781446883999983
573 573 0.0002923902285960
574 574 0.3057020861550000
575 575 0.3057020861550000
576 576 0.3057020861550000
577 577 0.3057020861550000
578 578 0.3057020861550000
579 579 0.3057020861550000
580 580 0.6012957281940000
581 581 0.6012957281940000
582 582 0.6012957281940000
583 583 31.5781446883999983
584 584 31.5781446883999983
585 585 0.0002923902285960
586 586 0.3135088474180000
587 587 0.3135088474180000
588 588 0.3135088474180000
589 589 0.3214917133290000
590 590 0.3214917133290000
591 591 0.3214917133290000
592 592 0.3380428986030000
593 593 0.3380428986030000
594 594 0.3380428986030000
595 595 0.3064726382320000
596 596 0.3064726382320000
597 597 0.3064726382320000
598 598 0.3913977028550000
599 599 0.3913977028550000
600 600 0.3913977028550000
601 601 0.5191562522340000
602 602 0.5191562522340000
603 603 0.5191562522340000
604 604 0.3913977028550000
605 605 0.3913977028550000
606 606 0.3913977028550000
607 607 0.3064726382320000
608 608 0.3064726382320000
609 609 0.3064726382320000
610 610 0.3380428986030000
611 611 0.3380428986030000
612 612 0.3380428986030000
613 613 0.3214917133290000
614 614 0.3214917133290000
615 615 0.3214917133290000
616 616 0.3135088474180000
617 617 0.3135088474180000
618 618 0.3135088474180000
619 619 0.6012957281940000
620 620 0.6012957281940000
621 621 0.6012957281940000
622 622 31.5781446883999983
623 623 31.5781446883999983
624 624 0.0002923902285960
625 625 0.3057020861550000
626 626 0.3057020861550000
627 627 0.3057020861550000
628 628 0.2792079053550000
629 629 0.2792079053550000
630 630 0.2792079053550000
631 631 0.5491834317500000
632 632 0.5491834317500000
633 633 0.5491834317500000
634 634 24.7087239795000002
635 635 24.7087239795000002
636 636 0.0002670497421180
637 637 0.2863380806410000
638 638 0.2863380806410000
639 639 0.2863380806410000
640 640 0.2936290981740000
641 641 0.2936290981740000
642 642 0.2936290981740000
643 643 0.3087458473910000
644 644 0.3087458473910000
645 645 0.3087458473910000
646 646 0.2799116762520000
647 647 0.2799116762520000
648 648 0.2799116762520000
649 649 0.3574765686080000
650 650 0.3574765686080000
651 651 0.3574765686080000
652 652 0.4741627103730000
653 653 0.4741627103730000
654 654 0.4741627103730000
655 655 0.3574765686080000
656 656 0.3574765686080000
657 657 0.3574765686080000
658 658 0.2799116762520000
659 659 0.2799116762520000
660 660 0.2799116762520000
661 661 0.3087458473910000
662 662 0.3087458473910000
663 663 0.3087458473910000
664 664 0.2936290981740000
665 665 0.2936290981740000
666 666 0.2936290981740000
667 667 0.2863380806410000
668 668 0.2863380806410000
669 669 0.2863380806410000
670 670 0.5491834317500000
671 671 0.5491834317500000
672 672 0.5491834317500000
673 673 24.7087239795000002
674 674 24.7087239795000002
675 675 0.0002670497421180
676 676 0.2792079053550000
677 677 0.2792079053550000
678 678 0.2792079053550000
679 679 0.1839251904850000
680 680 0.1839251904850000
681 681 0.1839251904850000
682 682 0.1886084718200000
683 683 0.1886084718200000
684 684 0.1886084718200000
685 685 0.1983185005140000
686 686 0.1983185005140000
687 687 0.1983185005140000
688 688 0.1797972810960000
689 689 0.1797972810960000
690 690 0.1797972810960000
691 691 0.2296199856750000
692 692 0.2296199856750000
693 693 0.2296199856750000
694 694 0.3045716679770000
695 695 0.3045716679770000
696 696 0.3045716679770000
697 697 0.2296199856750000
698 698 0.2296199856750000
699 699 0.2296199856750000
700 700 0.1797972810960000
701 701 0.1797972810960000
702 702 0.1797972810960000
703 703 0.1983185005140000
704 704 0.1983185005140000
705 705 0.1983185005140000
706 706 0.1886084718200000
707 707 0.1886084718200000
708 708 0.1886084718200000
709 709 0.1839251904850000
710 710 0.1839251904850000
711 711 0.1839251904850000
712 712 0.3057020861550000
713 713 0.3057020861550000
714 714 0.3057020861550000
715 715 0.6012957281940000
716 716 0.6012957281940000
717 717 0.6012957281940000
718 718 31.5781446883999983
719 719 31.5781446883999983
720 720 0.0002923902285960
721 721 0.3135088474180000
722 722 0.3135088474180000
723 723 0.3135088474180000
724 724 0.3214917133290000
725 725 0.3214917133290000
726 726 0.3214917133290000
727 727 0.3380428986030000
728 728 0.3380428986030000
729 729 0.3380428986030000
730 730 0.3064726382320000
731 731 0.3064726382320000
732 732 0.3064726382320000
733 733 0.3913977028550000
734 734 0.3913977028550000
735 735 0.3913977028550000
736 736 0.5191562522340000
737 737 0.5191562522340000
738 738 0.5191562522340000
739 739 0.3913977028550000
740 740 0.3913977028550000
741 741 0.3913977028550000
742 742 0.3064726382320000
743 743 0.3064726382320000
744 744 0.3064726382320000
745 745 0.3380428986030000
746 746 0.3380428986030000
747 747 0.3380428986030000
748 748 0.3214917133290000
749 749 0.3214917133290000
750 750 0.3214917133290000
751 751 0.3135088474180000
752 752 0.3135088474180000
753 753 0.3135088474180000
754 754 0.6012957281940000
755 755 0.6012957281940000
756 756 0.6012957281940000
757 757 31.5781446883999983
758 758 31.5781446883999983
759 759 0.0002923902285960
760 760 0.3057020861550000
761 761 0.3057020861550000
762 762 0.3057020861550000
763 763 0.3057020861550000
764 764 0.3057020861550000
765 765 0.3057020861550000
766 766 0.6012957281940000
767 767 0.6012957281940000
768 768 0.6012957281940000
769 769 31.5781446883999983
770 770 31.5781446883999983
771 771 0.0002923902285960
772 772 0.3135088474180000
773 773 0.3135088474180000
774 774 0.3135088474180000
775 775 0.3214917133290000
776 776 0.3214917133290000
777 777 0.3214917133290000
778 778 0.3380428986030000
779 779 0.3380428986030000
780 780 0.3380428986030000
781 781 0.3064726382320000
782 782 0.3064726382320000
783 783 0.3064726382320000
784 784 0.3913977028550000
785 785 0.3913977028550000
786 786 0.3913977028550000
787 787 0.5191562522340000
788 788 0.5191562522340000
789 789 0.5191562522340000
790 790 0.3913977028550000
791 791 0.3913977028550000
792 792 0.3913977028550000
793 793 0.3064726382320000
794 794 0.3064726382320000
795 795 0.3064726382320000
796 796 0.3380428986030000
797 797 0.3380428986030000
798 798 0.3380428986030000
799 799 0.3214917133290000
800 800 0.3214917133290000
801 801 0.3214917133290000
802 802 0.3135088474180000
803 803 0.3135088474180000
804 804 0.3135088474180000
805 805 0.6012957281940000
806 806 0.6012957281940000
807 807 0.6012957281940000
808 808 31.5781446883999983
809 809 31.5781446883999983
810 810 0.0002923902285960
811 811 0.3057020861550000
812 812 0.3057020861550000
813 813 0.3057020861550000
814 814 0.3057020861550000
815 815 0.3057020861550000
816 816 0.3057020861550000
817 817 0.6012957281940000
818 818 0.6012957281940000
819 819 0.6012957281940000
820 820 31.5781446883999983
821 821 31.5781446883999983
822 822 0.0002923902285960
823 823 0.3135088474180000
824 824 0.3135088474180000
825 825 0.3135088474180000
826 826 0.3214917133290000
827 827 0.3214917133290000
828 828 0.3214917133290000
829 829 0.3380428986030000
830 830 0.3380428986030000
831 831 0.3380428986030000
832 832 0.3064726382320000
833 833 0.3064726382320000
834 834 0.3064726382320000
835 835 0.3913977028550000
836 836 0.3913977028550000
837 837 0.3913977028550000
838 838 0.5191562522340000
839 839 0.5191562522340000
840 840 0.5191562522340000
841 841 0.3913977028550000
842 842 0.3913977028550000
843 843 0.3913977028550000
844 844 0.3064726382320000
845 845 0.3064726382320000
846 846 0.3064726382320000
847 847 0.3380428986030000
848 848 0.3380428986030000
849 849 0.3380428986030000
850 850 0.3214917133290000
851 851 0.3214917133290000
852 852 0.3214917133290000
853 853 0.3135088474180000
854 854 0.3135088474180000
855 855 0.3135088474180000
856 856 0.6012957281940000
857 857 0.6012957281940000
858 858 0.6012957281940000
859 859 31.5781446883999983
860 860 31.5781446883999983
861 861 0.0002923902285960
862 862 0.3057020861550000
863 863 0.3057020861550000
864 864 0.3057020861550000
865 865 0.3057020861550000
866 866 0.3057020861550000
867 867 0.3057020861550000
868 868 0.6012957281940000
869 869 0.6012957281940000
870 870 0.6012957281940000
871 871 31.5781446883999983
872 872 31.5781446883999983
873 873 0.0002923902285960
874 874 0.3135088474180000
875 875 0.3135088474180000
876 876 0.3135088474180000
877 877 0.3214917133290000
878 878 0.3214917133290000
879 879 0.3214917133290000
880 880 0.3380428986030000
881 881 0.3380428986030000
882 882 0.3380428986030000
883 883 0.3064726382320000
884 884 0.3064726382320000
885 885 0.3064726382320000
886 886 0.3913977028550000
887 887 0.3913977028550000
888 888 0.3913977028550000
889 889 0.5191562522340000
890 890 0.5191562522340000
891 891 0.5191562522340000
892 892 0.3913977028550000
893 893 0.3913977028550000
894 894 0.3913977028550000
895 895 0.3064726382320000
896 896 0.3064726382320000
897 897 0.3064726382320000
898 898 0.1839251904850000
899 899 0.1839251904850000
900 900 0.1839251904850000
901 901 0.1886084718200000
902 902 0.1886084718200000
903 903 0.1886084718200000
904 904 0.1983185005140000
905 905 0.1983185005140000
906 906 0.1983185005140000
907 907 0.1797972810960000
908 908 0.1797972810960000
909 909 0.1797972810960000
910 910 0.2296199856750000
911 911 0.2296199856750000
912 912 0.2296199856750000
913 913 0.3045716679770000
914 914 0.3045716679770000
915 915 0.3045716679770000
916 916 0.2296199856750000
917 917 0.2296199856750000
918 918 0.2296199856750000
919 919 0.1797972810960000
920 920 0.1797972810960000
921 921 0.1797972810960000
922 922 0.1983185005140000
923 923 0.1983185005140000
924 924 0.1983185005140000
925 925 0.1886084718200000
926 926 0.1886084718200000
927 927 0.1886084718200000
928 928 0.1839251904850000
929 929 0.1839251904850000
930 930 0.1839251904850000
931 931 0.2792079053550000
932 932 0.2792079053550000
933 933 0.2792079053550000
934 934 0.5491834317500000
935 935 0.5491834317500000
936 936 0.5491834317500000
937 937 24.7087239795000002
938 938 24.7087239795000002
939 939 0.0002670497421180
940 940 0.2863380806410000
941 941 0.2863380806410000
942 942 0.2863380806410000
943 943 0.2936290981740000
944 944 0.2936290981740000
945 945 0.2936290981740000
946 946 0.3087458473910000
947 947 0.3087458473910000
948 948 0.3087458473910000
949 949 0.2799116762520000
950 950 0.2799116762520000
951 951 0.2799116762520000
952 952 0.3574765686080000
953 953 0.3574765686080000
954 954 0.3574765686080000
955 955 0.4741627103730000
956 956 0.4741627103730000
957 957 0.4741627103730000
958 958 0.3574765686080000
959 959 0.3574765686080000
960 960 0.3574765686080000
961 961 0.2799116762520000
962 962 0.2799116762520000
963 963 0.2799116762520000
964 964 0.3087458473910000
965 965 0.3087458473910000
966 966 0.3087458473910000
967 967 0.2936290981740000
968 968 0.2936290981740000
969 969 0.2936290981740000
970 970 0.2863380806410000
971 971 0.2863380806410000
972 972 0.2863380806410000
973 973 0.5491834317500000
974 974 0.5491834317500000
975 975 0.5491834317500000
976 976 24.7087239795000002
977 977 24.7087239795000002
978 978 0.0002670497421180
979 979 0.2792079053550000
980 980 0.2792079053550000
981 981 0.2792079053550000
982 982 0.3057020861550000
983 983 0.3057020861550000
984 984 0.3057020861550000
985 985 0.6012957281940000
986 986 0.6012957281940000
987 987 0.6012957281940000
988 988 31.5781446883999983
989 989 31.5781446883999983
990 990 0.0002923902285960
991 991 0.3135088474180000
992 992 0.3135088474180000
993 993 0.3135088474180000
994 994 0.3214917133290000
995 995 0.3214917133290000
996 996 0.3214917133290000
997 997 0.3380428986030000
998 998 0.3380428986030000
999 999 0.3380428986030000
1000 1000 0.3064726382320000
1001 1001 0.3064726382320000
1002 1002 0.3064726382320000
1003 1003 0.3913977028550000
1004 1004 0.3913977028550000
1005 1005 0.3913977028550000
1006 1006 0.5191562522340000
1007 1007 0.5191562522340000
1008 1008 0.5191562522340000
1009 1009 0.3913977028550000
1010 1010 0.3913977028550000
1011 1011 0.3913977028550000
1012 1012 0.3064726382320000
1013 1013 0.3064726382320000
1014 1014 0.3064726382320000
1015 1015 0.3380428986030000
1016 1016 0.3380428986030000
1017 1017 0.3380428986030000
1018 1018 0.3214917133290000
1019 1019 0.3214917133290000
1020 1020 0.3214917133290000
1021 1021 0.3135088474180000
1022 1022 0.3135088474180000
1023 1023 0.3135088474180000
1024 1024 0.6012957281940000
1025 1025 0.6012957281940000
1026 1026 0.6012957281940000
1027 1027 31.5781446883999983
1028 1028 31.5781446883999983
1029 1029 0.0002923902285960
1030 1030 0.3057020861550000
1031 1031 0.3057020861550000
1032 1032 0.3057020861550000
1033 1033 0.3057020861550000
1034 1034 0.3057020861550000
1035 1035 0.3057020861550000
1036 1036 0.6012957281940000
1037 1037 0.6012957281940000
1038 1038 0.6012957281940000
1039 1039 31.5781446883999983
1040 1040 31.5781446883999983
1041 1041 0.0002923902285960
1042 1042 0.3135088474180000
1043 1043 0.3135088474180000
1044 1044 0.3135088474180000
1045 1045 0.3214917133290000
1046 1046 0.3214917133290000
1047 1047 0.3214917133290000
1048 1048 0.3380428986030000
1049 1049 0.3380428986030000
1050 1050 0.3380428986030000
1051 1051 0.3064726382320000
1052 1052 0.3064726382320000
1053 1053 0.3064726382320000
1054 1054 0.3913977028550000
1055 1055 0.3913977028550000
1056 1056 0.3913977028550000
1057 1057 0.5191562522340000
1058 1058 0.5191562522340000
1059 1059 0.5191562522340000
1060 1060 0.3913977028550000
1061 1061 0.3913977028550000
1062 1062 0.3913977028550000
1063 1063 0.3064726382320000
1064 1064 0.3064726382320000
1065 1065 0.3064726382320000
1066 1066 0.3380428986030000
1067 1067 0.3380428986030000
1068 1068 0.3380428986030000
1069 1069 0.3214917133290000
1070 1070 0.3214917133290000
1071 1071 0.3214917133290000
1072 1072 0.3135088474180000
1073 1073 0.3135088474180000
1074 1074 0.3135088474180000
1075 1075 0.6012957281940000
1076 1076 0.6012957281940000
1077 1077 0.6012957281940000
1078 1078 31.5781446883999983
1079 1079 31.5781446883999983
1080 1080 0.0002923902285960
1081 1081 0.3057020861550000
1082 1082 0.3057020861550000
1083 1083 0.3057020861550000
1084 1084 0.3057020861550000
1085 1085 0.3057020861550000
1086 1086 0.3057020861550000
1087 1087 0.6012957281940000
1088 1088 0.6012957281940000
1089 1089 0.6012957281940000
1090 1090 31.5781446883999983
1091 1091 31.5781446883999983
1092 1092 0.0002923902285960
1093 1093 0.3135088474180000
1094 1094 0.3135088474180000
1095 1095 0.3135088474180000
1096 1096 0.3214917133290000
1097 1097 0.3214917133290000
1098 1098 0.3214917133290000
1099 1099 0.3380428986030000
1100 1100 0.3380428986030000
1101 1101 0.3380428986030000
1102 1102 0.3064726382320000
1103 1103 0.3064726382320000
1104 1104 0.3064726382320000
1105 1105 0.3913977028550000
1106 1106 0.3913977028550000
1107 1107 0.3913977028550000
1108 1108 0.5191562522340000
1109 1109 0.5191562522340000
1110 1110 0.5191562522340000
1111 1111 0.3913977028550000
1112 1112 0.3913977028550000
1113 1113 0.3913977028550000
1114 1114 0.3064726382320000
1115 1115 0.3064726382320000
1116 1116 0.3064726382320000
1117 1117 0.3380428986030000
1118 1118 0.3380428986030000
1119 1119 0.3380428986030000
1120 1120 0.3214917133290000
1121 1121 0.3214917133290000
1122 1122 0.3214917133290000
1123 1123 0.3135088474180000
1124 1124 0.3135088474180000
1125 1125 0.3135088474180000
1126 1126 0.6012957281940000
1127 1127 0.6012957281940000
1128 1128 0.6012957281940000
1129 1129 31.5781446883999983
1130 1130 31.5781446883999983
1131 1131 0.0002923902285960
1132 1132 0.3057020861550000
1133 1133 0.3057020861550000
1134 1134 0.3057020861550000
1135 1135 0.3057020861550000
1136 1136 0.3057020861550000
1137 1137 0.3057020861550000
1138 1138 0.6012957281940000
1139 1139 0.6012957281940000
1140 1140 0.6012957281940000
1141 1141 31.5781446883999983
1142 1142 31.5781446883999983
1143 1143 0.0002923902285960
1144 1144 0.3135088474180000
1145 1145 0.3135088474180000
1146 1146 0.3135088474180000
1147 1147 0.3214917133290000
1148 1148 0.3214917133290000
1149 1149 0.3214917133290000
1150 1150 0.3380428986030000
1151 1151 0.3380428986030000
1152 1152 0.3380428986030000
1153 1153 0.3064726382320000
1154 1154 0.3064726382320000
1155 1155 0.3064726382320000
1156 1156 0.3913977028550000
1157 1157 0.3913977028550000
1158 1158 0.3913977028550000
1159 1159 0.5191562522340000
1160 1160 0.5191562522340000
1161 1161 0.5191562522340000
1162 1162 0.3913977028550000
1163 1163 0.3913977028550000
1164 1164 0.3913977028550000
1165 1165 0.3064726382320000
1166 1166 0.3064726382320000
1167 1167 0.3064726382320000
1168 1168 0.3380428986030000
1169 1169 0.3380428986030000
1170 1170 0.3380428986030000
1171 1171 0.3214917133290000
1172 1172 0.3214917133290000
1173 1173 0.3214917133290000
1174 1174 0.3135088474180000
1175 1175 0.3135088474180000
1176 1176 0.3135088474180000
1177 1177 0.6012957281940000
1178 1178 0.6012957281940000
1179 1179 0.6012957281940000
1180 1180 31.5781446883999983
1181 1181 31.5781446883999983
1182 1182 0.0002923902285960
1183 1183 0.3057020861550000
1184 1184 0.3057020861550000
1185 1185 0.3057020861550000
1186 1186 0.2792079053550000
1187 1187 0.2792079053550000
1188 1188 0.2792079053550000
1189 1189 0.5491834317500000
1190 1190 0.5491834317500000
1191 1191 0.5491834317500000
1192 1192 24.7087239795000002
1193 1193 24.7087239795000002
1194 1194 0.0002670497421180
1195 1195 0.2863380806410000
1196 1196 0.2863380806410000
1197 1197 0.2863380806410000
1198 1198 0.2936290981740000
1199 1199 0.2936290981740000
1200 1200 0.2936290981740000
1201 1201 0.3087458473910000
1202 1202 0.3087458473910000
1203 1203 0.3087458473910000
1204 1204 0.2799116762520000
1205 1205 0.2799116762520000
1206 1206 0.2799116762520000
1207 1207 0.3574765686080000
1208 1208 0.3574765686080000
1209 1209 0.3574765686080000
1210 1210 0.4741627103730000
1211 1211 0.4741627103730000
1212 1212 0.4741627103730000
1213 1213 0.3574765686080000
1214 1214 0.3574765686080000
1215 1215 0.3574765686080000
1216 1216 0.2799116762520000
1217 1217 0.2799116762520000
1218 1218 0.2799116762520000
1219 1219 0.3087458473910000
1220 1220 0.3087458473910000
1221 1221 0.3087458473910000
1222 1222 0.2936290981740000
1223 1223 0.2936290981740000
1224 1224 0.2936290981740000
1225 1225 0.2863380806410000
1226 1226 0.2863380806410000
1227 1227 0.2863380806410000
1228 1228 0.5491834317500000
1229 1229 0.5491834317500000
1230 1230 0.5491834317500000
1231 1231 24.7087239795000002
1232 1232 24.7087239795000002
1233 1233 0.0002670497421180
1234 1234 0.2792079053550000
1235 1235 0.2792079053550000
1236 1236 0.2792079053550000
1237 1237 0.1839251904850000
1238 1238 0.1839251904850000
1239 1239 0.1839251904850000
1240 1240 0.1886084718200000
1241 1241 0.1886084718200000
1242 1242 0.1886084718200000
1243 1243 0.1983185005140000
1244 1244 0.1983185005140000
1245 1245 0.1983185005140000
1246 1246 0.1797972810960000
1247 1247 0.1797972810960000
1248 1248 0.1797972810960000
1249 1249 0.2296199856750000
1250 1250 0.2296199856750000
1251 1251 0.2296199856750000
1252 1252 0.3045716679770000
1253 1253 0.3045716679770000
1254 1254 0.3045716679770000
1255 1255 0.2296199856750000
1256 1256 0.2296199856750000
1257 1257 0.2296199856750000
1258 1258 0.1797972810960000
1259 1259 0.1797972810960000
1260 1260 0.1797972810960000
1261 1261 0.1983185005140000
1262 1262 0.1983185005140000
1263 1263 0.1983185005140000
1264 1264 0.1886084718200000
1265 1265 0.1886084718200000
1266 1266 0.1886084718200000
1267 1267 0.1839251904850000
1268 1268 0.1839251904850000
1269 1269 0.1839251904850000
1270 1270 0.1839251904850000
1271 1271 0.1839251904850000
1272 1272 0.1839251904850000
1273 1273 0.1886084718200000
1274 1274 0.1886084718200000
1275 1275 0.1886084718200000
1276 1276 0.1983185005140000
1277 1277 0.1983185005140000
1278 1278 0.1983185005140000
1279 1279 0.1797972810960000
1280 1280 0.1797972810960000
1281 1281 0.1797972810960000
1282 1282 0.2296199856750000
1283 1283 0.2296199856750000
1284 1284 0.2296199856750000
1285 1285 0.3045716679770000
1286 1286 0.3045716679770000
1287 1287 0.3045716679770000
1288 1288 0.2296199856750000
1289 1289 0.2296199856750000
1290 1290 0.2296199856750000
1291 1291 0.1797972810960000
1292 1292 0.1797972810960000
1293 1293 0.1797972810960000
1294 1294 0.1983185005140000
1295 1295 0.1983185005140000
1296 1296 0.1983185005140000
1297 1297 0.1886084718200000
1298 1298 0.1886084718200000
1299 1299 0.1886084718200000
1300 1300 0.1839251904850000
1301 1301 0.1839251904850000
1302 1302 0.1839251904850000
1303 1303 0.2792079053550000
1304 1304 0.2792079053550000
1305 1305 0.2792079053550000
1306 1306 0.5491834317500000
1307 1307 0.5491834317500000
1308 1308 0.5491834317500000
1309 1309 24.7087239795000002
1310 1310 24.7087239795000002
1311 1311 0.0002670497421180
1312 1312 0.2863380806410000
1313 1313 0.2863380806410000
1314 1314 0.2863380806410000
1315 1315 0.2936290981740000
1316 1316 0.2936290981740000
1317 1317 0.2936290981740000
1318 1318 0.3087458473910000
1319 1319 0.3087458473910000
1320 1320 0.3087458473910000
1321 1321 0.2799116762520000
1322 1322 0.2799116762520000
1323 1323 0.2799116762520000
1324 1324 0.3574765686080000
1325 1325 0.3574765686080000
1326 1326 0.3574765686080000
1327 1327 0.4741627103730000
1328 1328 0.4741627103730000
1329 1329 0.4741627103730000
1330 1330 0.3574765686080000
1331 1331 0.3574765686080000
1332 1332 0.3574765686080000
1333 1333 0.2799116762520000
1334 1334 0.2799116762520000
1335 1335 0.2799116762520000
1336 1336 0.3087458473910000
1337 1337 0.3087458473910000
1338 1338 0.3087458473910000
1339 1339 0.2936290981740000
1340 1340 0.2936290981740000
1341 1341 0.2936290981740000
1342 1342 0.2863380806410000
1343 1343 0.2863380806410000
1344 1344 0.2863380806410000
1345 1345 0.5491834317500000
1346 1346 0.5491834317500000
1347 1347 0.5491834317500000
1348 1348 24.7087239795000002
1349 1349 24.7087239795000002
1350 1350 0.0002670497421180
1351 1351 0.2792079053550000
1352 1352 0.2792079053550000
1353 1353 0.2792079053550000
1354 1354 0.3057020861550000
1355 1355 0.3057020861550000
1356 1356 0.3057020861550000
1357 1357 0.6012957281940000
1358 1358 0.6012957281940000
1359 1359 0.6012957281940000
1360 1360 31.5781446883999983
1361 1361 31.5781446883999983
1362 1362 0.0002923902285960
1363 1363 0.3135088474180000
1364 1364 0.3135088474180000
1365 1365 0.3135088474180000
1366 1366 0.3214917133290000
1367 1367 0.3214917133290000
1368 1368 0.3214917133290000
1369 1369 0.3380428986030000
1370 1370 0.3380428986030000
1371 1371 0.3380428986030000
1372 1372 0.3064726382320000
1373 1373 0.3064726382320000
1374 1374 0.3064726382320000
1375 1375 0.3913977028550000
1376 1376 0.3913977028550000
1377 1377 0.3913977028550000
1378 1378 0.5191562522340000
1379 1379 0.5191562522340000
1380 1380 0.5191562522340000
1381 1381 0.3913977028550000
1382 1382 0.3913977028550000
1383 1383 0.3913977028550000
1384 1384 0.3064726382320000
1385 1385 0.3064726382320000
1386 1386 0.3064726382320000
1387 1387 0.3380428986030000
1388 1388 0.3380428986030000
1389 1389 0.3380428986030000
1390 1390 0.3214917133290000
1391 1391 0.3214917133290000
1392 1392 0.3214917133290000
1393 1393 0.3135088474180000
1394 1394 0.3135088474180000
1395 1395 0.3135088474180000
1396 1396 0.6012957281940000
1397 1397 0.6012957281940000
1398 1398 0.6012957281940000
1399 1399 31.5781446883999983
1400 1400 31.5781446883999983
1401 1401 0.0002923902285960
1402 1402 0.3057020861550000
1403 1403 0.3057020861550000
1404 1404 0.3057020861550000
1405 1405 0.3380428986030000
1406 1406 0.3380428986030000
1407 1407 0.3380428986030000
1408 1408 0.3214917133290000
1409 1409 0.3214917133290000
1410 1410 0.3214917133290000
1411 1411 0.3135088474180000
1412 1412 0.3135088474180000
1413 1413 0.3135088474180000
1414 1414 0.6012957281940000
1415 1415 0.6012957281940000
1416 1416 0.6012957281940000
1417 1417 31.5781446883999983
1418 1418 31.5781446883999983
1419 1419 0.0002923902285960
1420 1420 0.3057020861550000
1421 1421 0.3057020861550000
1422 1422 0.3057020861550000
1423 1423 0.3057020861550000
1424 1424 0.3057020861550000
1425 1425 0.3057020861550000
1426 1426 0.6012957281940000
1427 1427 0.6012957281940000
1428 1428 0.6012957281940000
1429 1429 31.5781446883999983
1430 1430 31.5781446883999983
1431 1431 0.0002923902285960
1432 1432 0.3135088474170000
1433 1433 0.3135088474170000
1434 1434 0.3135088474170000
1435 1435 0.3214917133290000
1436 1436 0.3214917133290000
1437 1437 0.3214917133290000
1438 1438 0.3380428986030000
1439 1439 0.3380428986030000
1440 1440 0.3380428986030000
1441 1441 0.3064726382320000
1442 1442 0.3064726382320000
1443 1443 0.3064726382320000
1444 1444 0.3913977028550000
1445 1445 0.3913977028550000
1446 1446 0.3913977028550000
1447 1447 0.5191562522340000
1448 1448 0.5191562522340000
1449 1449 0.5191562522340000
1450 1450 0.3913977028550000
1451 1451 0.3913977028550000
1452 1452 0.3913977028550000
1453 1453 0.3064726382320000
1454 1454 0.3064726382320000
1455 1455 0.3064726382320000
1456 1456 0.3380428986030000
1457 1457 0.3380428986030000
1458 1458 0.3380428986030000
1459 1459 0.3214917133290000
1460 1460 0.3214917133290000
1461 1461 0.3214917133290000
1462 1462 0.3135088474170000
1463 1463 0.3135088474170000
1464 1464 0.3135088474170000
1465 1465 0.6012957281940000
1466 1466 0.6012957281940000
1467 1467 0.6012957281940000
1468 1468 31.5781446883999983
1469 1469 31.5781446883999983
1470 1470 0.0002923902285960
1471 1471 0.3057020861550000
1472 1472 0.3057020861550000
1473 1473 0.3057020861550000
