300 300 3072
1 1 1353.0000000000000000
7 1 501.0000000000000000
10 1 851.0000000000000000
19 1 30.0000000000000000
22 1 40.0000000000000000
31 1 -277.0000000000000000
32 1 -400.0000000000000000
34 1 -675.0000000000000000
37 1 -101.0000000000000000
40 1 -176.0000000000000000
2 2 2705.0000000000000000
8 2 851.0000000000000000
9 2 501.0000000000000000
11 2 851.0000000000000000
12 2 501.0000000000000000
20 2 40.0000000000000000
21 2 30.0000000000000000
23 2 40.0000000000000000
24 2 30.0000000000000000
31 2 -400.0000000000000000
32 2 -554.0000000000000000
33 2 -675.0000000000000000
34 2 -675.0000000000000000
35 2 -400.0000000000000000
38 2 -176.0000000000000000
39 2 -101.0000000000000000
41 2 -176.0000000000000000
42 2 -101.0000000000000000
3 3 502.0000000000000000
13 3 501.0000000000000000
25 3 30.0000000000000000
33 3 -101.0000000000000000
35 3 -400.0000000000000000
43 3 -101.0000000000000000
4 4 3003.0000000000000000
14 4 2501.0000000000000000
16 4 501.0000000000000000
26 4 70.0000000000000000
28 4 30.0000000000000000
34 4 -382.0000000000000000
35 4 -2220.0000000000000000
36 4 -400.0000000000000000
44 4 -281.0000000000000000
46 4 -101.0000000000000000
5 5 11403.0000000000000000
15 5 2501.0000000000000000
18 5 8901.0000000000000000
27 5 70.0000000000000000
30 5 130.0000000000000000
34 5 -2220.0000000000000000
35 5 -1482.0000000000000000
45 5 -281.0000000000000000
48 5 -1201.0000000000000000
6 6 852.0000000000000000
17 6 851.0000000000000000
29 6 40.0000000000000000
36 6 -176.0000000000000000
47 6 -176.0000000000000000
1 7 501.0000000000000000
7 7 502.0000000000000000
19 7 30.0000000000000000
31 7 -101.0000000000000000
32 7 -400.0000000000000000
37 7 -101.0000000000000000
2 8 851.0000000000000000
8 8 852.0000000000000000
20 8 40.0000000000000000
32 8 -176.0000000000000000
33 8 -675.0000000000000000
38 8 -176.0000000000000000
2 9 501.0000000000000000
9 9 502.0000000000000000
21 9 30.0000000000000000
31 9 -400.0000000000000000
32 9 -101.0000000000000000
39 9 -101.0000000000000000
1 10 851.0000000000000000
10 10 852.0000000000000000
22 10 40.0000000000000000
31 10 -176.0000000000000000
34 10 -675.0000000000000000
40 10 -176.0000000000000000
2 11 851.0000000000000000
11 11 852.0000000000000000
23 11 40.0000000000000000
32 11 -176.0000000000000000
34 11 -675.0000000000000000
41 11 -176.0000000000000000
2 12 501.0000000000000000
12 12 502.0000000000000000
24 12 30.0000000000000000
32 12 -101.0000000000000000
35 12 -400.0000000000000000
42 12 -101.0000000000000000
3 13 501.0000000000000000
13 13 502.0000000000000000
25 13 30.0000000000000000
33 13 -101.0000000000000000
35 13 -400.0000000000000000
43 13 -101.0000000000000000
4 14 2501.0000000000000000
14 14 2502.0000000000000000
26 14 70.0000000000000000
34 14 -281.0000000000000000
35 14 -2220.0000000000000000
44 14 -281.0000000000000000
5 15 2501.0000000000000000
15 15 2502.0000000000000000
27 15 70.0000000000000000
34 15 -2220.0000000000000000
35 15 -281.0000000000000000
45 15 -281.0000000000000000
4 16 501.0000000000000000
16 16 502.0000000000000000
28 16 30.0000000000000000
34 16 -101.0000000000000000
36 16 -400.0000000000000000
46 16 -101.0000000000000000
6 17 851.0000000000000000
17 17 852.0000000000000000
29 17 40.0000000000000000
36 17 -176.0000000000000000
47 17 -176.0000000000000000
5 18 8901.0000000000000000
18 18 8902.0000000000000000
30 18 130.0000000000000000
35 18 -1201.0000000000000000
48 18 -1201.0000000000000000
1 19 30.0000000000000000
7 19 30.0000000000000000
19 19 3.0000000000000000
31 19 -5.0000000000000000
32 19 -25.0000000000000000
37 19 -5.0000000000000000
2 20 40.0000000000000000
8 20 40.0000000000000000
20 20 3.0000000000000000
32 20 -7.0000000000000000
33 20 -33.0000000000000000
38 20 -7.0000000000000000
2 21 30.0000000000000000
9 21 30.0000000000000000
21 21 3.0000000000000000
31 21 -25.0000000000000000
32 21 -5.0000000000000000
39 21 -5.0000000000000000
1 22 40.0000000000000000
10 22 40.0000000000000000
22 22 3.0000000000000000
31 22 -7.0000000000000000
34 22 -33.0000000000000000
40 22 -7.0000000000000000
2 23 40.0000000000000000
11 23 40.0000000000000000
23 23 3.0000000000000000
32 23 -7.0000000000000000
34 23 -33.0000000000000000
41 23 -7.0000000000000000
2 24 30.0000000000000000
12 24 30.0000000000000000
24 24 3.0000000000000000
32 24 -5.0000000000000000
35 24 -25.0000000000000000
42 24 -5.0000000000000000
3 25 30.0000000000000000
13 25 30.0000000000000000
25 25 3.0000000000000000
33 25 -5.0000000000000000
35 25 -25.0000000000000000
43 25 -5.0000000000000000
4 26 70.0000000000000000
14 26 70.0000000000000000
26 26 3.0000000000000000
34 26 -7.0000000000000000
35 26 -63.0000000000000000
44 26 -7.0000000000000000
5 27 70.0000000000000000
15 27 70.0000000000000000
27 27 3.0000000000000000
34 27 -63.0000000000000000
35 27 -7.0000000000000000
45 27 -7.0000000000000000
4 28 30.0000000000000000
16 28 30.0000000000000000
28 28 3.0000000000000000
34 28 -5.0000000000000000
36 28 -25.0000000000000000
46 28 -5.0000000000000000
6 29 40.0000000000000000
17 29 40.0000000000000000
29 29 3.0000000000000000
36 29 -7.0000000000000000
47 29 -7.0000000000000000
5 30 130.0000000000000000
18 30 130.0000000000000000
30 30 3.0000000000000000
35 30 -15.0000000000000000
48 30 -15.0000000000000000
1 31 -277.0000000000000000
2 31 -400.0000000000000000
7 31 -101.0000000000000000
9 31 -400.0000000000000000
10 31 -176.0000000000000000
19 31 -5.0000000000000000
21 31 -25.0000000000000000
22 31 -7.0000000000000000
31 31 1754.0000000000000000
32 31 150.0000000000000000
34 31 126.0000000000000000
37 31 527.0000000000000000
39 31 75.0000000000000000
40 31 901.0000000000000000
49 31 30.0000000000000000
52 31 40.0000000000000000
61 31 -277.0000000000000000
62 31 -400.0000000000000000
64 31 -675.0000000000000000
67 31 -101.0000000000000000
70 31 -176.0000000000000000
1 32 -400.0000000000000000
2 32 -554.0000000000000000
7 32 -400.0000000000000000
8 32 -176.0000000000000000
9 32 -101.0000000000000000
11 32 -176.0000000000000000
12 32 -101.0000000000000000
19 32 -25.0000000000000000
20 32 -7.0000000000000000
21 32 -5.0000000000000000
23 32 -7.0000000000000000
24 32 -5.0000000000000000
31 32 150.0000000000000000
32 32 3182.0000000000000000
33 32 126.0000000000000000
34 32 126.0000000000000000
35 32 75.0000000000000000
37 32 75.0000000000000000
38 32 901.0000000000000000
39 32 527.0000000000000000
41 32 901.0000000000000000
42 32 527.0000000000000000
50 32 40.0000000000000000
51 32 30.0000000000000000
53 32 40.0000000000000000
54 32 30.0000000000000000
61 32 -400.0000000000000000
62 32 -554.0000000000000000
63 32 -675.0000000000000000
64 32 -675.0000000000000000
65 32 -400.0000000000000000
68 32 -176.0000000000000000
69 32 -101.0000000000000000
71 32 -176.0000000000000000
72 32 -101.0000000000000000
2 33 -675.0000000000000000
3 33 -101.0000000000000000
8 33 -675.0000000000000000
13 33 -101.0000000000000000
20 33 -33.0000000000000000
25 33 -5.0000000000000000
32 33 126.0000000000000000
33 33 1077.0000000000000000
35 33 75.0000000000000000
38 33 126.0000000000000000
43 33 527.0000000000000000
55 33 30.0000000000000000
63 33 -101.0000000000000000
65 33 -400.0000000000000000
73 33 -101.0000000000000000
1 34 -675.0000000000000000
2 34 -675.0000000000000000
4 34 -382.0000000000000000
5 34 -2220.0000000000000000
10 34 -675.0000000000000000
11 34 -675.0000000000000000
14 34 -281.0000000000000000
15 34 -2220.0000000000000000
16 34 -101.0000000000000000
22 34 -33.0000000000000000
23 34 -33.0000000000000000
26 34 -7.0000000000000000
27 34 -63.0000000000000000
28 34 -5.0000000000000000
31 34 126.0000000000000000
32 34 126.0000000000000000
34 34 6166.0000000000000000
35 34 462.0000000000000000
36 34 75.0000000000000000
40 34 126.0000000000000000
41 34 126.0000000000000000
44 34 2551.0000000000000000
45 34 231.0000000000000000
46 34 527.0000000000000000
56 34 70.0000000000000000
58 34 30.0000000000000000
64 34 -382.0000000000000000
65 34 -2220.0000000000000000
66 34 -400.0000000000000000
74 34 -281.0000000000000000
76 34 -101.0000000000000000
2 35 -400.0000000000000000
3 35 -400.0000000000000000
4 35 -2220.0000000000000000
5 35 -1482.0000000000000000
12 35 -400.0000000000000000
13 35 -400.0000000000000000
14 35 -2220.0000000000000000
15 35 -281.0000000000000000
18 35 -1201.0000000000000000
24 35 -25.0000000000000000
25 35 -25.0000000000000000
26 35 -63.0000000000000000
27 35 -7.0000000000000000
30 35 -15.0000000000000000
32 35 75.0000000000000000
33 35 75.0000000000000000
34 35 462.0000000000000000
35 35 14318.0000000000000000
42 35 75.0000000000000000
43 35 75.0000000000000000
44 35 231.0000000000000000
45 35 2551.0000000000000000
48 35 9127.0000000000000000
57 35 70.0000000000000000
60 35 130.0000000000000000
64 35 -2220.0000000000000000
65 35 -1482.0000000000000000
75 35 -281.0000000000000000
78 35 -1201.0000000000000000
4 36 -400.0000000000000000
6 36 -176.0000000000000000
16 36 -400.0000000000000000
17 36 -176.0000000000000000
28 36 -25.0000000000000000
29 36 -7.0000000000000000
34 36 75.0000000000000000
36 36 1227.0000000000000000
46 36 75.0000000000000000
47 36 901.0000000000000000
59 36 40.0000000000000000
66 36 -176.0000000000000000
77 36 -176.0000000000000000
1 37 -101.0000000000000000
7 37 -101.0000000000000000
19 37 -5.0000000000000000
31 37 527.0000000000000000
32 37 75.0000000000000000
37 37 528.0000000000000000
49 37 30.0000000000000000
61 37 -101.0000000000000000
62 37 -400.0000000000000000
67 37 -101.0000000000000000
2 38 -176.0000000000000000
8 38 -176.0000000000000000
20 38 -7.0000000000000000
32 38 901.0000000000000000
33 38 126.0000000000000000
38 38 902.0000000000000000
50 38 40.0000000000000000
62 38 -176.0000000000000000
63 38 -675.0000000000000000
68 38 -176.0000000000000000
2 39 -101.0000000000000000
9 39 -101.0000000000000000
21 39 -5.0000000000000000
31 39 75.0000000000000000
32 39 527.0000000000000000
39 39 528.0000000000000000
51 39 30.0000000000000000
61 39 -400.0000000000000000
62 39 -101.0000000000000000
69 39 -101.0000000000000000
1 40 -176.0000000000000000
10 40 -176.0000000000000000
22 40 -7.0000000000000000
31 40 901.0000000000000000
34 40 126.0000000000000000
40 40 902.0000000000000000
52 40 40.0000000000000000
61 40 -176.0000000000000000
64 40 -675.0000000000000000
70 40 -176.0000000000000000
2 41 -176.0000000000000000
11 41 -176.0000000000000000
23 41 -7.0000000000000000
32 41 901.0000000000000000
34 41 126.0000000000000000
41 41 902.0000000000000000
53 41 40.0000000000000000
62 41 -176.0000000000000000
64 41 -675.0000000000000000
71 41 -176.0000000000000000
2 42 -101.0000000000000000
12 42 -101.0000000000000000
24 42 -5.0000000000000000
32 42 527.0000000000000000
35 42 75.0000000000000000
42 42 528.0000000000000000
54 42 30.0000000000000000
62 42 -101.0000000000000000
65 42 -400.0000000000000000
72 42 -101.0000000000000000
3 43 -101.0000000000000000
13 43 -101.0000000000000000
25 43 -5.0000000000000000
33 43 527.0000000000000000
35 43 75.0000000000000000
43 43 528.0000000000000000
55 43 30.0000000000000000
63 43 -101.0000000000000000
65 43 -400.0000000000000000
73 43 -101.0000000000000000
4 44 -281.0000000000000000
14 44 -281.0000000000000000
26 44 -7.0000000000000000
34 44 2551.0000000000000000
35 44 231.0000000000000000
44 44 2552.0000000000000000
56 44 70.0000000000000000
64 44 -281.0000000000000000
65 44 -2220.0000000000000000
74 44 -281.0000000000000000
5 45 -281.0000000000000000
15 45 -281.0000000000000000
27 45 -7.0000000000000000
34 45 231.0000000000000000
35 45 2551.0000000000000000
45 45 2552.0000000000000000
57 45 70.0000000000000000
64 45 -2220.0000000000000000
65 45 -281.0000000000000000
75 45 -281.0000000000000000
4 46 -101.0000000000000000
16 46 -101.0000000000000000
28 46 -5.0000000000000000
34 46 527.0000000000000000
36 46 75.0000000000000000
46 46 528.0000000000000000
58 46 30.0000000000000000
64 46 -101.0000000000000000
66 46 -400.0000000000000000
76 46 -101.0000000000000000
6 47 -176.0000000000000000
17 47 -176.0000000000000000
29 47 -7.0000000000000000
36 47 901.0000000000000000
47 47 902.0000000000000000
59 47 40.0000000000000000
66 47 -176.0000000000000000
77 47 -176.0000000000000000
5 48 -1201.0000000000000000
18 48 -1201.0000000000000000
30 48 -15.0000000000000000
35 48 9127.0000000000000000
48 48 9128.0000000000000000
60 48 130.0000000000000000
65 48 -1201.0000000000000000
78 48 -1201.0000000000000000
31 49 30.0000000000000000
37 49 30.0000000000000000
49 49 3.0000000000000000
61 49 -5.0000000000000000
62 49 -25.0000000000000000
67 49 -5.0000000000000000
32 50 40.0000000000000000
38 50 40.0000000000000000
50 50 3.0000000000000000
62 50 -7.0000000000000000
63 50 -33.0000000000000000
68 50 -7.0000000000000000
32 51 30.0000000000000000
39 51 30.0000000000000000
51 51 3.0000000000000000
61 51 -25.0000000000000000
62 51 -5.0000000000000000
69 51 -5.0000000000000000
31 52 40.0000000000000000
40 52 40.0000000000000000
52 52 3.0000000000000000
61 52 -7.0000000000000000
64 52 -33.0000000000000000
70 52 -7.0000000000000000
32 53 40.0000000000000000
41 53 40.0000000000000000
53 53 3.0000000000000000
62 53 -7.0000000000000000
64 53 -33.0000000000000000
71 53 -7.0000000000000000
32 54 30.0000000000000000
42 54 30.0000000000000000
54 54 3.0000000000000000
62 54 -5.0000000000000000
65 54 -25.0000000000000000
72 54 -5.0000000000000000
33 55 30.0000000000000000
43 55 30.0000000000000000
55 55 3.0000000000000000
63 55 -5.0000000000000000
65 55 -25.0000000000000000
73 55 -5.0000000000000000
34 56 70.0000000000000000
44 56 70.0000000000000000
56 56 3.0000000000000000
64 56 -7.0000000000000000
65 56 -63.0000000000000000
74 56 -7.0000000000000000
35 57 70.0000000000000000
45 57 70.0000000000000000
57 57 3.0000000000000000
64 57 -63.0000000000000000
65 57 -7.0000000000000000
75 57 -7.0000000000000000
34 58 30.0000000000000000
46 58 30.0000000000000000
58 58 3.0000000000000000
64 58 -5.0000000000000000
66 58 -25.0000000000000000
76 58 -5.0000000000000000
36 59 40.0000000000000000
47 59 40.0000000000000000
59 59 3.0000000000000000
66 59 -7.0000000000000000
77 59 -7.0000000000000000
35 60 130.0000000000000000
48 60 130.0000000000000000
60 60 3.0000000000000000
65 60 -15.0000000000000000
78 60 -15.0000000000000000
31 61 -277.0000000000000000
32 61 -400.0000000000000000
37 61 -101.0000000000000000
39 61 -400.0000000000000000
40 61 -176.0000000000000000
49 61 -5.0000000000000000
51 61 -25.0000000000000000
52 61 -7.0000000000000000
61 61 1754.0000000000000000
62 61 150.0000000000000000
64 61 126.0000000000000000
67 61 527.0000000000000000
69 61 75.0000000000000000
70 61 901.0000000000000000
79 61 30.0000000000000000
82 61 40.0000000000000000
91 61 -277.0000000000000000
92 61 -400.0000000000000000
94 61 -675.0000000000000000
97 61 -101.0000000000000000
100 61 -176.0000000000000000
31 62 -400.0000000000000000
32 62 -554.0000000000000000
37 62 -400.0000000000000000
38 62 -176.0000000000000000
39 62 -101.0000000000000000
41 62 -176.0000000000000000
42 62 -101.0000000000000000
49 62 -25.0000000000000000
50 62 -7.0000000000000000
51 62 -5.0000000000000000
53 62 -7.0000000000000000
54 62 -5.0000000000000000
61 62 150.0000000000000000
62 62 3182.0000000000000000
63 62 126.0000000000000000
64 62 126.0000000000000000
65 62 75.0000000000000000
67 62 75.0000000000000000
68 62 901.0000000000000000
69 62 527.0000000000000000
71 62 901.0000000000000000
72 62 527.0000000000000000
80 62 40.0000000000000000
81 62 30.0000000000000000
83 62 40.0000000000000000
84 62 30.0000000000000000
91 62 -400.0000000000000000
92 62 -554.0000000000000000
93 62 -675.0000000000000000
94 62 -675.0000000000000000
95 62 -400.0000000000000000
98 62 -176.0000000000000000
99 62 -101.0000000000000000
101 62 -176.0000000000000000
102 62 -101.0000000000000000
32 63 -675.0000000000000000
33 63 -101.0000000000000000
38 63 -675.0000000000000000
43 63 -101.0000000000000000
50 63 -33.0000000000000000
55 63 -5.0000000000000000
62 63 126.0000000000000000
63 63 1077.0000000000000000
65 63 75.0000000000000000
68 63 126.0000000000000000
73 63 527.0000000000000000
85 63 30.0000000000000000
93 63 -101.0000000000000000
95 63 -400.0000000000000000
103 63 -101.0000000000000000
31 64 -675.0000000000000000
32 64 -675.0000000000000000
34 64 -382.0000000000000000
35 64 -2220.0000000000000000
40 64 -675.0000000000000000
41 64 -675.0000000000000000
44 64 -281.0000000000000000
45 64 -2220.0000000000000000
46 64 -101.0000000000000000
52 64 -33.0000000000000000
53 64 -33.0000000000000000
56 64 -7.0000000000000000
57 64 -63.0000000000000000
58 64 -5.0000000000000000
61 64 126.0000000000000000
62 64 126.0000000000000000
64 64 6166.0000000000000000
65 64 462.0000000000000000
66 64 75.0000000000000000
70 64 126.0000000000000000
71 64 126.0000000000000000
74 64 2551.0000000000000000
75 64 231.0000000000000000
76 64 527.0000000000000000
86 64 70.0000000000000000
88 64 30.0000000000000000
94 64 -382.0000000000000000
95 64 -2220.0000000000000000
96 64 -400.0000000000000000
104 64 -281.0000000000000000
106 64 -101.0000000000000000
32 65 -400.0000000000000000
33 65 -400.0000000000000000
34 65 -2220.0000000000000000
35 65 -1482.0000000000000000
42 65 -400.0000000000000000
43 65 -400.0000000000000000
44 65 -2220.0000000000000000
45 65 -281.0000000000000000
48 65 -1201.0000000000000000
54 65 -25.0000000000000000
55 65 -25.0000000000000000
56 65 -63.0000000000000000
57 65 -7.0000000000000000
60 65 -15.0000000000000000
62 65 75.0000000000000000
63 65 75.0000000000000000
64 65 462.0000000000000000
65 65 14318.0000000000000000
72 65 75.0000000000000000
73 65 75.0000000000000000
74 65 231.0000000000000000
75 65 2551.0000000000000000
78 65 9127.0000000000000000
87 65 70.0000000000000000
90 65 130.0000000000000000
94 65 -2220.0000000000000000
95 65 -1482.0000000000000000
105 65 -281.0000000000000000
108 65 -1201.0000000000000000
34 66 -400.0000000000000000
36 66 -176.0000000000000000
46 66 -400.0000000000000000
47 66 -176.0000000000000000
58 66 -25.0000000000000000
59 66 -7.0000000000000000
64 66 75.0000000000000000
66 66 1227.0000000000000000
76 66 75.0000000000000000
77 66 901.0000000000000000
89 66 40.0000000000000000
96 66 -176.0000000000000000
107 66 -176.0000000000000000
31 67 -101.0000000000000000
37 67 -101.0000000000000000
49 67 -5.0000000000000000
61 67 527.0000000000000000
62 67 75.0000000000000000
67 67 528.0000000000000000
79 67 30.0000000000000000
91 67 -101.0000000000000000
92 67 -400.0000000000000000
97 67 -101.0000000000000000
32 68 -176.0000000000000000
38 68 -176.0000000000000000
50 68 -7.0000000000000000
62 68 901.0000000000000000
63 68 126.0000000000000000
68 68 902.0000000000000000
80 68 40.0000000000000000
92 68 -176.0000000000000000
93 68 -675.0000000000000000
98 68 -176.0000000000000000
32 69 -101.0000000000000000
39 69 -101.0000000000000000
51 69 -5.0000000000000000
61 69 75.0000000000000000
62 69 527.0000000000000000
69 69 528.0000000000000000
81 69 30.0000000000000000
91 69 -400.0000000000000000
92 69 -101.0000000000000000
99 69 -101.0000000000000000
31 70 -176.0000000000000000
40 70 -176.0000000000000000
52 70 -7.0000000000000000
61 70 901.0000000000000000
64 70 126.0000000000000000
70 70 902.0000000000000000
82 70 40.0000000000000000
91 70 -176.0000000000000000
94 70 -675.0000000000000000
100 70 -176.0000000000000000
32 71 -176.0000000000000000
41 71 -176.0000000000000000
53 71 -7.0000000000000000
62 71 901.0000000000000000
64 71 126.0000000000000000
71 71 902.0000000000000000
83 71 40.0000000000000000
92 71 -176.0000000000000000
94 71 -675.0000000000000000
101 71 -176.0000000000000000
32 72 -101.0000000000000000
42 72 -101.0000000000000000
54 72 -5.0000000000000000
62 72 527.0000000000000000
65 72 75.0000000000000000
72 72 528.0000000000000000
84 72 30.0000000000000000
92 72 -101.0000000000000000
95 72 -400.0000000000000000
102 72 -101.0000000000000000
33 73 -101.0000000000000000
43 73 -101.0000000000000000
55 73 -5.0000000000000000
63 73 527.0000000000000000
65 73 75.0000000000000000
73 73 528.0000000000000000
85 73 30.0000000000000000
93 73 -101.0000000000000000
95 73 -400.0000000000000000
103 73 -101.0000000000000000
34 74 -281.0000000000000000
44 74 -281.0000000000000000
56 74 -7.0000000000000000
64 74 2551.0000000000000000
65 74 231.0000000000000000
74 74 2552.0000000000000000
86 74 70.0000000000000000
94 74 -281.0000000000000000
95 74 -2220.0000000000000000
104 74 -281.0000000000000000
35 75 -281.0000000000000000
45 75 -281.0000000000000000
57 75 -7.0000000000000000
64 75 231.0000000000000000
65 75 2551.0000000000000000
75 75 2552.0000000000000000
87 75 70.0000000000000000
94 75 -2220.0000000000000000
95 75 -281.0000000000000000
105 75 -281.0000000000000000
34 76 -101.0000000000000000
46 76 -101.0000000000000000
58 76 -5.0000000000000000
64 76 527.0000000000000000
66 76 75.0000000000000000
76 76 528.0000000000000000
88 76 30.0000000000000000
94 76 -101.0000000000000000
96 76 -400.0000000000000000
106 76 -101.0000000000000000
36 77 -176.0000000000000000
47 77 -176.0000000000000000
59 77 -7.0000000000000000
66 77 901.0000000000000000
77 77 902.0000000000000000
89 77 40.0000000000000000
96 77 -176.0000000000000000
107 77 -176.0000000000000000
35 78 -1201.0000000000000000
48 78 -1201.0000000000000000
60 78 -15.0000000000000000
65 78 9127.0000000000000000
78 78 9128.0000000000000000
90 78 130.0000000000000000
95 78 -1201.0000000000000000
108 78 -1201.0000000000000000
61 79 30.0000000000000000
67 79 30.0000000000000000
79 79 3.0000000000000000
91 79 -5.0000000000000000
92 79 -25.0000000000000000
97 79 -5.0000000000000000
62 80 40.0000000000000000
68 80 40.0000000000000000
80 80 3.0000000000000000
92 80 -7.0000000000000000
93 80 -33.0000000000000000
98 80 -7.0000000000000000
62 81 30.0000000000000000
69 81 30.0000000000000000
81 81 3.0000000000000000
91 81 -25.0000000000000000
92 81 -5.0000000000000000
99 81 -5.0000000000000000
61 82 40.0000000000000000
70 82 40.0000000000000000
82 82 3.0000000000000000
91 82 -7.0000000000000000
94 82 -33.0000000000000000
100 82 -7.0000000000000000
62 83 40.0000000000000000
71 83 40.0000000000000000
83 83 3.0000000000000000
92 83 -7.0000000000000000
94 83 -33.0000000000000000
101 83 -7.0000000000000000
62 84 30.0000000000000000
72 84 30.0000000000000000
84 84 3.0000000000000000
92 84 -5.0000000000000000
95 84 -25.0000000000000000
102 84 -5.0000000000000000
63 85 30.0000000000000000
73 85 30.0000000000000000
85 85 3.0000000000000000
93 85 -5.0000000000000000
95 85 -25.0000000000000000
103 85 -5.0000000000000000
64 86 70.0000000000000000
74 86 70.0000000000000000
86 86 3.0000000000000000
94 86 -7.0000000000000000
95 86 -63.0000000000000000
104 86 -7.0000000000000000
65 87 70.0000000000000000
75 87 70.0000000000000000
87 87 3.0000000000000000
94 87 -63.0000000000000000
95 87 -7.0000000000000000
105 87 -7.0000000000000000
64 88 30.0000000000000000
76 88 30.0000000000000000
88 88 3.0000000000000000
94 88 -5.0000000000000000
96 88 -25.0000000000000000
106 88 -5.0000000000000000
66 89 40.0000000000000000
77 89 40.0000000000000000
89 89 3.0000000000000000
96 89 -7.0000000000000000
107 89 -7.0000000000000000
65 90 130.0000000000000000
78 90 130.0000000000000000
90 90 3.0000000000000000
95 90 -15.0000000000000000
108 90 -15.0000000000000000
61 91 -277.0000000000000000
62 91 -400.0000000000000000
67 91 -101.0000000000000000
69 91 -400.0000000000000000
70 91 -176.0000000000000000
79 91 -5.0000000000000000
81 91 -25.0000000000000000
82 91 -7.0000000000000000
91 91 1754.0000000000000000
92 91 150.0000000000000000
94 91 126.0000000000000000
97 91 527.0000000000000000
99 91 75.0000000000000000
100 91 901.0000000000000000
109 91 30.0000000000000000
112 91 40.0000000000000000
121 91 -277.0000000000000000
122 91 -400.0000000000000000
124 91 -675.0000000000000000
127 91 -101.0000000000000000
130 91 -176.0000000000000000
61 92 -400.0000000000000000
62 92 -554.0000000000000000
67 92 -400.0000000000000000
68 92 -176.0000000000000000
69 92 -101.0000000000000000
71 92 -176.0000000000000000
72 92 -101.0000000000000000
79 92 -25.0000000000000000
80 92 -7.0000000000000000
81 92 -5.0000000000000000
83 92 -7.0000000000000000
84 92 -5.0000000000000000
91 92 150.0000000000000000
92 92 3182.0000000000000000
93 92 126.0000000000000000
94 92 126.0000000000000000
95 92 75.0000000000000000
97 92 75.0000000000000000
98 92 901.0000000000000000
99 92 527.0000000000000000
101 92 901.0000000000000000
102 92 527.0000000000000000
110 92 40.0000000000000000
111 92 30.0000000000000000
113 92 40.0000000000000000
114 92 30.0000000000000000
121 92 -400.0000000000000000
122 92 -554.0000000000000000
123 92 -675.0000000000000000
124 92 -675.0000000000000000
125 92 -400.0000000000000000
128 92 -176.0000000000000000
129 92 -101.0000000000000000
131 92 -176.0000000000000000
132 92 -101.0000000000000000
62 93 -675.0000000000000000
63 93 -101.0000000000000000
68 93 -675.0000000000000000
73 93 -101.0000000000000000
80 93 -33.0000000000000000
85 93 -5.0000000000000000
92 93 126.0000000000000000
93 93 1077.0000000000000000
95 93 75.0000000000000000
98 93 126.0000000000000000
103 93 527.0000000000000000
115 93 30.0000000000000000
123 93 -101.0000000000000000
125 93 -400.0000000000000000
133 93 -101.0000000000000000
61 94 -675.0000000000000000
62 94 -675.0000000000000000
64 94 -382.0000000000000000
65 94 -2220.0000000000000000
70 94 -675.0000000000000000
71 94 -675.0000000000000000
74 94 -281.0000000000000000
75 94 -2220.0000000000000000
76 94 -101.0000000000000000
82 94 -33.0000000000000000
83 94 -33.0000000000000000
86 94 -7.0000000000000000
87 94 -63.0000000000000000
88 94 -5.0000000000000000
91 94 126.0000000000000000
92 94 126.0000000000000000
94 94 6166.0000000000000000
95 94 462.0000000000000000
96 94 75.0000000000000000
100 94 126.0000000000000000
101 94 126.0000000000000000
104 94 2551.0000000000000000
105 94 231.0000000000000000
106 94 527.0000000000000000
116 94 70.0000000000000000
118 94 30.0000000000000000
124 94 -382.0000000000000000
125 94 -2220.0000000000000000
126 94 -400.0000000000000000
134 94 -281.0000000000000000
136 94 -101.0000000000000000
62 95 -400.0000000000000000
63 95 -400.0000000000000000
64 95 -2220.0000000000000000
65 95 -1482.0000000000000000
72 95 -400.0000000000000000
73 95 -400.0000000000000000
74 95 -2220.0000000000000000
75 95 -281.0000000000000000
78 95 -1201.0000000000000000
84 95 -25.0000000000000000
85 95 -25.0000000000000000
86 95 -63.0000000000000000
87 95 -7.0000000000000000
90 95 -15.0000000000000000
92 95 75.0000000000000000
93 95 75.0000000000000000
94 95 462.0000000000000000
95 95 14318.0000000000000000
102 95 75.0000000000000000
103 95 75.0000000000000000
104 95 231.0000000000000000
105 95 2551.0000000000000000
108 95 9127.0000000000000000
117 95 70.0000000000000000
120 95 130.0000000000000000
124 95 -2220.0000000000000000
125 95 -1482.0000000000000000
135 95 -281.0000000000000000
138 95 -1201.0000000000000000
64 96 -400.0000000000000000
66 96 -176.0000000000000000
76 96 -400.0000000000000000
77 96 -176.0000000000000000
88 96 -25.0000000000000000
89 96 -7.0000000000000000
94 96 75.0000000000000000
96 96 1227.0000000000000000
106 96 75.0000000000000000
107 96 901.0000000000000000
119 96 40.0000000000000000
126 96 -176.0000000000000000
137 96 -176.0000000000000000
61 97 -101.0000000000000000
67 97 -101.0000000000000000
79 97 -5.0000000000000000
91 97 527.0000000000000000
92 97 75.0000000000000000
97 97 528.0000000000000000
109 97 30.0000000000000000
121 97 -101.0000000000000000
122 97 -400.0000000000000000
127 97 -101.0000000000000000
62 98 -176.0000000000000000
68 98 -176.0000000000000000
80 98 -7.0000000000000000
92 98 901.0000000000000000
93 98 126.0000000000000000
98 98 902.0000000000000000
110 98 40.0000000000000000
122 98 -176.0000000000000000
123 98 -675.0000000000000000
128 98 -176.0000000000000000
62 99 -101.0000000000000000
69 99 -101.0000000000000000
81 99 -5.0000000000000000
91 99 75.0000000000000000
92 99 527.0000000000000000
99 99 528.0000000000000000
111 99 30.0000000000000000
121 99 -400.0000000000000000
122 99 -101.0000000000000000
129 99 -101.0000000000000000
61 100 -176.0000000000000000
70 100 -176.0000000000000000
82 100 -7.0000000000000000
91 100 901.0000000000000000
94 100 126.0000000000000000
100 100 902.0000000000000000
112 100 40.0000000000000000
121 100 -176.0000000000000000
124 100 -675.0000000000000000
130 100 -176.0000000000000000
62 101 -176.0000000000000000
71 101 -176.0000000000000000
83 101 -7.0000000000000000
92 101 901.0000000000000000
94 101 126.0000000000000000
101 101 902.0000000000000000
113 101 40.0000000000000000
122 101 -176.0000000000000000
124 101 -675.0000000000000000
131 101 -176.0000000000000000
62 102 -101.0000000000000000
72 102 -101.0000000000000000
84 102 -5.0000000000000000
92 102 527.0000000000000000
95 102 75.0000000000000000
102 102 528.0000000000000000
114 102 30.0000000000000000
122 102 -101.0000000000000000
125 102 -400.0000000000000000
132 102 -101.0000000000000000
63 103 -101.0000000000000000
73 103 -101.0000000000000000
85 103 -5.0000000000000000
93 103 527.0000000000000000
95 103 75.0000000000000000
103 103 528.0000000000000000
115 103 30.0000000000000000
123 103 -101.0000000000000000
125 103 -400.0000000000000000
133 103 -101.0000000000000000
64 104 -281.0000000000000000
74 104 -281.0000000000000000
86 104 -7.0000000000000000
94 104 2551.0000000000000000
95 104 231.0000000000000000
104 104 2552.0000000000000000
116 104 70.0000000000000000
124 104 -281.0000000000000000
125 104 -2220.0000000000000000
134 104 -281.0000000000000000
65 105 -281.0000000000000000
75 105 -281.0000000000000000
87 105 -7.0000000000000000
94 105 231.0000000000000000
95 105 2551.0000000000000000
105 105 2552.0000000000000000
117 105 70.0000000000000000
124 105 -2220.0000000000000000
125 105 -281.0000000000000000
135 105 -281.0000000000000000
64 106 -101.0000000000000000
76 106 -101.0000000000000000
88 106 -5.0000000000000000
94 106 527.0000000000000000
96 106 75.0000000000000000
106 106 528.0000000000000000
118 106 30.0000000000000000
124 106 -101.0000000000000000
126 106 -400.0000000000000000
136 106 -101.0000000000000000
66 107 -176.0000000000000000
77 107 -176.0000000000000000
89 107 -7.0000000000000000
96 107 901.0000000000000000
107 107 902.0000000000000000
119 107 40.0000000000000000
126 107 -176.0000000000000000
137 107 -176.0000000000000000
65 108 -1201.0000000000000000
78 108 -1201.0000000000000000
90 108 -15.0000000000000000
95 108 9127.0000000000000000
108 108 9128.0000000000000000
120 108 130.0000000000000000
125 108 -1201.0000000000000000
138 108 -1201.0000000000000000
91 109 30.0000000000000000
97 109 30.0000000000000000
109 109 3.0000000000000000
121 109 -5.0000000000000000
122 109 -25.0000000000000000
127 109 -5.0000000000000000
92 110 40.0000000000000000
98 110 40.0000000000000000
110 110 3.0000000000000000
122 110 -7.0000000000000000
123 110 -33.0000000000000000
128 110 -7.0000000000000000
92 111 30.0000000000000000
99 111 30.0000000000000000
111 111 3.0000000000000000
121 111 -25.0000000000000000
122 111 -5.0000000000000000
129 111 -5.0000000000000000
91 112 40.0000000000000000
100 112 40.0000000000000000
112 112 3.0000000000000000
121 112 -7.0000000000000000
124 112 -33.0000000000000000
130 112 -7.0000000000000000
92 113 40.0000000000000000
101 113 40.0000000000000000
113 113 3.0000000000000000
122 113 -7.0000000000000000
124 113 -33.0000000000000000
131 113 -7.0000000000000000
92 114 30.0000000000000000
102 114 30.0000000000000000
114 114 3.0000000000000000
122 114 -5.0000000000000000
125 114 -25.0000000000000000
132 114 -5.0000000000000000
93 115 30.0000000000000000
103 115 30.0000000000000000
115 115 3.0000000000000000
123 115 -5.0000000000000000
125 115 -25.0000000000000000
133 115 -5.0000000000000000
94 116 70.0000000000000000
104 116 70.0000000000000000
116 116 3.0000000000000000
124 116 -7.0000000000000000
125 116 -63.0000000000000000
134 116 -7.0000000000000000
95 117 70.0000000000000000
105 117 70.0000000000000000
117 117 3.0000000000000000
124 117 -63.0000000000000000
125 117 -7.0000000000000000
135 117 -7.0000000000000000
94 118 30.0000000000000000
106 118 30.0000000000000000
118 118 3.0000000000000000
124 118 -5.0000000000000000
126 118 -25.0000000000000000
136 118 -5.0000000000000000
96 119 40.0000000000000000
107 119 40.0000000000000000
119 119 3.0000000000000000
126 119 -7.0000000000000000
137 119 -7.0000000000000000
95 120 130.0000000000000000
108 120 130.0000000000000000
120 120 3.0000000000000000
125 120 -15.0000000000000000
138 120 -15.0000000000000000
91 121 -277.0000000000000000
92 121 -400.0000000000000000
97 121 -101.0000000000000000
99 121 -400.0000000000000000
100 121 -176.0000000000000000
109 121 -5.0000000000000000
111 121 -25.0000000000000000
112 121 -7.0000000000000000
121 121 1754.0000000000000000
122 121 150.0000000000000000
124 121 126.0000000000000000
127 121 527.0000000000000000
129 121 75.0000000000000000
130 121 901.0000000000000000
139 121 30.0000000000000000
142 121 40.0000000000000000
151 121 -277.0000000000000000
152 121 -400.0000000000000000
154 121 -675.0000000000000000
157 121 -101.0000000000000000
160 121 -176.0000000000000000
91 122 -400.0000000000000000
92 122 -554.0000000000000000
97 122 -400.0000000000000000
98 122 -176.0000000000000000
99 122 -101.0000000000000000
101 122 -176.0000000000000000
102 122 -101.0000000000000000
109 122 -25.0000000000000000
110 122 -7.0000000000000000
111 122 -5.0000000000000000
113 122 -7.0000000000000000
114 122 -5.0000000000000000
121 122 150.0000000000000000
122 122 3182.0000000000000000
123 122 126.0000000000000000
124 122 126.0000000000000000
125 122 75.0000000000000000
127 122 75.0000000000000000
128 122 901.0000000000000000
129 122 527.0000000000000000
131 122 901.0000000000000000
132 122 527.0000000000000000
140 122 40.0000000000000000
141 122 30.0000000000000000
143 122 40.0000000000000000
144 122 30.0000000000000000
151 122 -400.0000000000000000
152 122 -554.0000000000000000
153 122 -675.0000000000000000
154 122 -675.0000000000000000
155 122 -400.0000000000000000
158 122 -176.0000000000000000
159 122 -101.0000000000000000
161 122 -176.0000000000000000
162 122 -101.0000000000000000
92 123 -675.0000000000000000
93 123 -101.0000000000000000
98 123 -675.0000000000000000
103 123 -101.0000000000000000
110 123 -33.0000000000000000
115 123 -5.0000000000000000
122 123 126.0000000000000000
123 123 1077.0000000000000000
125 123 75.0000000000000000
128 123 126.0000000000000000
133 123 527.0000000000000000
145 123 30.0000000000000000
153 123 -101.0000000000000000
155 123 -400.0000000000000000
163 123 -101.0000000000000000
91 124 -675.0000000000000000
92 124 -675.0000000000000000
94 124 -382.0000000000000000
95 124 -2220.0000000000000000
100 124 -675.0000000000000000
101 124 -675.0000000000000000
104 124 -281.0000000000000000
105 124 -2220.0000000000000000
106 124 -101.0000000000000000
112 124 -33.0000000000000000
113 124 -33.0000000000000000
116 124 -7.0000000000000000
117 124 -63.0000000000000000
118 124 -5.0000000000000000
121 124 126.0000000000000000
122 124 126.0000000000000000
124 124 6166.0000000000000000
125 124 462.0000000000000000
126 124 75.0000000000000000
130 124 126.0000000000000000
131 124 126.0000000000000000
134 124 2551.0000000000000000
135 124 231.0000000000000000
136 124 527.0000000000000000
146 124 70.0000000000000000
148 124 30.0000000000000000
154 124 -382.0000000000000000
155 124 -2220.0000000000000000
156 124 -400.0000000000000000
164 124 -281.0000000000000000
166 124 -101.0000000000000000
92 125 -400.0000000000000000
93 125 -400.0000000000000000
94 125 -2220.0000000000000000
95 125 -1482.0000000000000000
102 125 -400.0000000000000000
103 125 -400.0000000000000000
104 125 -2220.0000000000000000
105 125 -281.0000000000000000
108 125 -1201.0000000000000000
114 125 -25.0000000000000000
115 125 -25.0000000000000000
116 125 -63.0000000000000000
117 125 -7.0000000000000000
120 125 -15.0000000000000000
122 125 75.0000000000000000
123 125 75.0000000000000000
124 125 462.0000000000000000
125 125 14318.0000000000000000
132 125 75.0000000000000000
133 125 75.0000000000000000
134 125 231.0000000000000000
135 125 2551.0000000000000000
138 125 9127.0000000000000000
147 125 70.0000000000000000
150 125 130.0000000000000000
154 125 -2220.0000000000000000
155 125 -1482.0000000000000000
165 125 -281.0000000000000000
168 125 -1201.0000000000000000
94 126 -400.0000000000000000
96 126 -176.0000000000000000
106 126 -400.0000000000000000
107 126 -176.0000000000000000
118 126 -25.0000000000000000
119 126 -7.0000000000000000
124 126 75.0000000000000000
126 126 1227.0000000000000000
136 126 75.0000000000000000
137 126 901.0000000000000000
149 126 40.0000000000000000
156 126 -176.0000000000000000
167 126 -176.0000000000000000
91 127 -101.0000000000000000
97 127 -101.0000000000000000
109 127 -5.0000000000000000
121 127 527.0000000000000000
122 127 75.0000000000000000
127 127 528.0000000000000000
139 127 30.0000000000000000
151 127 -101.0000000000000000
152 127 -400.0000000000000000
157 127 -101.0000000000000000
92 128 -176.0000000000000000
98 128 -176.0000000000000000
110 128 -7.0000000000000000
122 128 901.0000000000000000
123 128 126.0000000000000000
128 128 902.0000000000000000
140 128 40.0000000000000000
152 128 -176.0000000000000000
153 128 -675.0000000000000000
158 128 -176.0000000000000000
92 129 -101.0000000000000000
99 129 -101.0000000000000000
111 129 -5.0000000000000000
121 129 75.0000000000000000
122 129 527.0000000000000000
129 129 528.0000000000000000
141 129 30.0000000000000000
151 129 -400.0000000000000000
152 129 -101.0000000000000000
159 129 -101.0000000000000000
91 130 -176.0000000000000000
100 130 -176.0000000000000000
112 130 -7.0000000000000000
121 130 901.0000000000000000
124 130 126.0000000000000000
130 130 902.0000000000000000
142 130 40.0000000000000000
151 130 -176.0000000000000000
154 130 -675.0000000000000000
160 130 -176.0000000000000000
92 131 -176.0000000000000000
101 131 -176.0000000000000000
113 131 -7.0000000000000000
122 131 901.0000000000000000
124 131 126.0000000000000000
131 131 902.0000000000000000
143 131 40.0000000000000000
152 131 -176.0000000000000000
154 131 -675.0000000000000000
161 131 -176.0000000000000000
92 132 -101.0000000000000000
102 132 -101.0000000000000000
114 132 -5.0000000000000000
122 132 527.0000000000000000
125 132 75.0000000000000000
132 132 528.0000000000000000
144 132 30.0000000000000000
152 132 -101.0000000000000000
155 132 -400.0000000000000000
162 132 -101.0000000000000000
93 133 -101.0000000000000000
103 133 -101.0000000000000000
115 133 -5.0000000000000000
123 133 527.0000000000000000
125 133 75.0000000000000000
133 133 528.0000000000000000
145 133 30.0000000000000000
153 133 -101.0000000000000000
155 133 -400.0000000000000000
163 133 -101.0000000000000000
94 134 -281.0000000000000000
104 134 -281.0000000000000000
116 134 -7.0000000000000000
124 134 2551.0000000000000000
125 134 231.0000000000000000
134 134 2552.0000000000000000
146 134 70.0000000000000000
154 134 -281.0000000000000000
155 134 -2220.0000000000000000
164 134 -281.0000000000000000
95 135 -281.0000000000000000
105 135 -281.0000000000000000
117 135 -7.0000000000000000
124 135 231.0000000000000000
125 135 2551.0000000000000000
135 135 2552.0000000000000000
147 135 70.0000000000000000
154 135 -2220.0000000000000000
155 135 -281.0000000000000000
165 135 -281.0000000000000000
94 136 -101.0000000000000000
106 136 -101.0000000000000000
118 136 -5.0000000000000000
124 136 527.0000000000000000
126 136 75.0000000000000000
136 136 528.0000000000000000
148 136 30.0000000000000000
154 136 -101.0000000000000000
156 136 -400.0000000000000000
166 136 -101.0000000000000000
96 137 -176.0000000000000000
107 137 -176.0000000000000000
119 137 -7.0000000000000000
126 137 901.0000000000000000
137 137 902.0000000000000000
149 137 40.0000000000000000
156 137 -176.0000000000000000
167 137 -176.0000000000000000
95 138 -1201.0000000000000000
108 138 -1201.0000000000000000
120 138 -15.0000000000000000
125 138 9127.0000000000000000
138 138 9128.0000000000000000
150 138 130.0000000000000000
155 138 -1201.0000000000000000
168 138 -1201.0000000000000000
121 139 30.0000000000000000
127 139 30.0000000000000000
139 139 3.0000000000000000
151 139 -5.0000000000000000
152 139 -25.0000000000000000
157 139 -5.0000000000000000
122 140 40.0000000000000000
128 140 40.0000000000000000
140 140 3.0000000000000000
152 140 -7.0000000000000000
153 140 -33.0000000000000000
158 140 -7.0000000000000000
122 141 30.0000000000000000
129 141 30.0000000000000000
141 141 3.0000000000000000
151 141 -25.0000000000000000
152 141 -5.0000000000000000
159 141 -5.0000000000000000
121 142 40.0000000000000000
130 142 40.0000000000000000
142 142 3.0000000000000000
151 142 -7.0000000000000000
154 142 -33.0000000000000000
160 142 -7.0000000000000000
122 143 40.0000000000000000
131 143 40.0000000000000000
143 143 3.0000000000000000
152 143 -7.0000000000000000
154 143 -33.0000000000000000
161 143 -7.0000000000000000
122 144 30.0000000000000000
132 144 30.0000000000000000
144 144 3.0000000000000000
152 144 -5.0000000000000000
155 144 -25.0000000000000000
162 144 -5.0000000000000000
123 145 30.0000000000000000
133 145 30.0000000000000000
145 145 3.0000000000000000
153 145 -5.0000000000000000
155 145 -25.0000000000000000
163 145 -5.0000000000000000
124 146 70.0000000000000000
134 146 70.0000000000000000
146 146 3.0000000000000000
154 146 -7.0000000000000000
155 146 -63.0000000000000000
164 146 -7.0000000000000000
125 147 70.0000000000000000
135 147 70.0000000000000000
147 147 3.0000000000000000
154 147 -63.0000000000000000
155 147 -7.0000000000000000
165 147 -7.0000000000000000
124 148 30.0000000000000000
136 148 30.0000000000000000
148 148 3.0000000000000000
154 148 -5.0000000000000000
156 148 -25.0000000000000000
166 148 -5.0000000000000000
126 149 40.0000000000000000
137 149 40.0000000000000000
149 149 3.0000000000000000
156 149 -7.0000000000000000
167 149 -7.0000000000000000
125 150 130.0000000000000000
138 150 130.0000000000000000
150 150 3.0000000000000000
155 150 -15.0000000000000000
168 150 -15.0000000000000000
121 151 -277.0000000000000000
122 151 -400.0000000000000000
127 151 -101.0000000000000000
129 151 -400.0000000000000000
130 151 -176.0000000000000000
139 151 -5.0000000000000000
141 151 -25.0000000000000000
142 151 -7.0000000000000000
151 151 1754.0000000000000000
152 151 150.0000000000000000
154 151 126.0000000000000000
157 151 527.0000000000000000
159 151 75.0000000000000000
160 151 901.0000000000000000
169 151 30.0000000000000000
172 151 40.0000000000000000
181 151 -277.0000000000000000
182 151 -400.0000000000000000
184 151 -675.0000000000000000
187 151 -101.0000000000000000
190 151 -176.0000000000000000
121 152 -400.0000000000000000
122 152 -554.0000000000000000
127 152 -400.0000000000000000
128 152 -176.0000000000000000
129 152 -101.0000000000000000
131 152 -176.0000000000000000
132 152 -101.0000000000000000
139 152 -25.0000000000000000
140 152 -7.0000000000000000
141 152 -5.0000000000000000
143 152 -7.0000000000000000
144 152 -5.0000000000000000
151 152 150.0000000000000000
152 152 3182.0000000000000000
153 152 126.0000000000000000
154 152 126.0000000000000000
155 152 75.0000000000000000
157 152 75.0000000000000000
158 152 901.0000000000000000
159 152 527.0000000000000000
161 152 901.0000000000000000
162 152 527.0000000000000000
170 152 40.0000000000000000
171 152 30.0000000000000000
173 152 40.0000000000000000
174 152 30.0000000000000000
181 152 -400.0000000000000000
182 152 -554.0000000000000000
183 152 -675.0000000000000000
184 152 -675.0000000000000000
185 152 -400.0000000000000000
188 152 -176.0000000000000000
189 152 -101.0000000000000000
191 152 -176.0000000000000000
192 152 -101.0000000000000000
122 153 -675.0000000000000000
123 153 -101.0000000000000000
128 153 -675.0000000000000000
133 153 -101.0000000000000000
140 153 -33.0000000000000000
145 153 -5.0000000000000000
152 153 126.0000000000000000
153 153 1077.0000000000000000
155 153 75.0000000000000000
158 153 126.0000000000000000
163 153 527.0000000000000000
175 153 30.0000000000000000
183 153 -101.0000000000000000
185 153 -400.0000000000000000
193 153 -101.0000000000000000
121 154 -675.0000000000000000
122 154 -675.0000000000000000
124 154 -382.0000000000000000
125 154 -2220.0000000000000000
130 154 -675.0000000000000000
131 154 -675.0000000000000000
134 154 -281.0000000000000000
135 154 -2220.0000000000000000
136 154 -101.0000000000000000
142 154 -33.0000000000000000
143 154 -33.0000000000000000
146 154 -7.0000000000000000
147 154 -63.0000000000000000
148 154 -5.0000000000000000
151 154 126.0000000000000000
152 154 126.0000000000000000
154 154 6166.0000000000000000
155 154 462.0000000000000000
156 154 75.0000000000000000
160 154 126.0000000000000000
161 154 126.0000000000000000
164 154 2551.0000000000000000
165 154 231.0000000000000000
166 154 527.0000000000000000
176 154 70.0000000000000000
178 154 30.0000000000000000
184 154 -382.0000000000000000
185 154 -2220.0000000000000000
186 154 -400.0000000000000000
194 154 -281.0000000000000000
196 154 -101.0000000000000000
122 155 -400.0000000000000000
123 155 -400.0000000000000000
124 155 -2220.0000000000000000
125 155 -1482.0000000000000000
132 155 -400.0000000000000000
133 155 -400.0000000000000000
134 155 -2220.0000000000000000
135 155 -281.0000000000000000
138 155 -1201.0000000000000000
144 155 -25.0000000000000000
145 155 -25.0000000000000000
146 155 -63.0000000000000000
147 155 -7.0000000000000000
150 155 -15.0000000000000000
152 155 75.0000000000000000
153 155 75.0000000000000000
154 155 462.0000000000000000
155 155 14318.0000000000000000
162 155 75.0000000000000000
163 155 75.0000000000000000
164 155 231.0000000000000000
165 155 2551.0000000000000000
168 155 9127.0000000000000000
177 155 70.0000000000000000
180 155 130.0000000000000000
184 155 -2220.0000000000000000
185 155 -1482.0000000000000000
195 155 -281.0000000000000000
198 155 -1201.0000000000000000
124 156 -400.0000000000000000
126 156 -176.0000000000000000
136 156 -400.0000000000000000
137 156 -176.0000000000000000
148 156 -25.0000000000000000
149 156 -7.0000000000000000
154 156 75.0000000000000000
156 156 1227.0000000000000000
166 156 75.0000000000000000
167 156 901.0000000000000000
179 156 40.0000000000000000
186 156 -176.0000000000000000
197 156 -176.0000000000000000
121 157 -101.0000000000000000
127 157 -101.0000000000000000
139 157 -5.0000000000000000
151 157 527.0000000000000000
152 157 75.0000000000000000
157 157 528.0000000000000000
169 157 30.0000000000000000
181 157 -101.0000000000000000
182 157 -400.0000000000000000
187 157 -101.0000000000000000
122 158 -176.0000000000000000
128 158 -176.0000000000000000
140 158 -7.0000000000000000
152 158 901.0000000000000000
153 158 126.0000000000000000
158 158 902.0000000000000000
170 158 40.0000000000000000
182 158 -176.0000000000000000
183 158 -675.0000000000000000
188 158 -176.0000000000000000
122 159 -101.0000000000000000
129 159 -101.0000000000000000
141 159 -5.0000000000000000
151 159 75.0000000000000000
152 159 527.0000000000000000
159 159 528.0000000000000000
171 159 30.0000000000000000
181 159 -400.0000000000000000
182 159 -101.0000000000000000
189 159 -101.0000000000000000
121 160 -176.0000000000000000
130 160 -176.0000000000000000
142 160 -7.0000000000000000
151 160 901.0000000000000000
154 160 126.0000000000000000
160 160 902.0000000000000000
172 160 40.0000000000000000
181 160 -176.0000000000000000
184 160 -675.0000000000000000
190 160 -176.0000000000000000
122 161 -176.0000000000000000
131 161 -176.0000000000000000
143 161 -7.0000000000000000
152 161 901.0000000000000000
154 161 126.0000000000000000
161 161 902.0000000000000000
173 161 40.0000000000000000
182 161 -176.0000000000000000
184 161 -675.0000000000000000
191 161 -176.0000000000000000
122 162 -101.0000000000000000
132 162 -101.0000000000000000
144 162 -5.0000000000000000
152 162 527.0000000000000000
155 162 75.0000000000000000
162 162 528.0000000000000000
174 162 30.0000000000000000
182 162 -101.0000000000000000
185 162 -400.0000000000000000
192 162 -101.0000000000000000
123 163 -101.0000000000000000
133 163 -101.0000000000000000
145 163 -5.0000000000000000
153 163 527.0000000000000000
155 163 75.0000000000000000
163 163 528.0000000000000000
175 163 30.0000000000000000
183 163 -101.0000000000000000
185 163 -400.0000000000000000
193 163 -101.0000000000000000
124 164 -281.0000000000000000
134 164 -281.0000000000000000
146 164 -7.0000000000000000
154 164 2551.0000000000000000
155 164 231.0000000000000000
164 164 2552.0000000000000000
176 164 70.0000000000000000
184 164 -281.0000000000000000
185 164 -2220.0000000000000000
194 164 -281.0000000000000000
125 165 -281.0000000000000000
135 165 -281.0000000000000000
147 165 -7.0000000000000000
154 165 231.0000000000000000
155 165 2551.0000000000000000
165 165 2552.0000000000000000
177 165 70.0000000000000000
184 165 -2220.0000000000000000
185 165 -281.0000000000000000
195 165 -281.0000000000000000
124 166 -101.0000000000000000
136 166 -101.0000000000000000
148 166 -5.0000000000000000
154 166 527.0000000000000000
156 166 75.0000000000000000
166 166 528.0000000000000000
178 166 30.0000000000000000
184 166 -101.0000000000000000
186 166 -400.0000000000000000
196 166 -101.0000000000000000
126 167 -176.0000000000000000
137 167 -176.0000000000000000
149 167 -7.0000000000000000
156 167 901.0000000000000000
167 167 902.0000000000000000
179 167 40.0000000000000000
186 167 -176.0000000000000000
197 167 -176.0000000000000000
125 168 -1201.0000000000000000
138 168 -1201.0000000000000000
150 168 -15.0000000000000000
155 168 9127.0000000000000000
168 168 9128.0000000000000000
180 168 130.0000000000000000
185 168 -1201.0000000000000000
198 168 -1201.0000000000000000
151 169 30.0000000000000000
157 169 30.0000000000000000
169 169 3.0000000000000000
181 169 -5.0000000000000000
182 169 -25.0000000000000000
187 169 -5.0000000000000000
152 170 40.0000000000000000
158 170 40.0000000000000000
170 170 3.0000000000000000
182 170 -7.0000000000000000
183 170 -33.0000000000000000
188 170 -7.0000000000000000
152 171 30.0000000000000000
159 171 30.0000000000000000
171 171 3.0000000000000000
181 171 -25.0000000000000000
182 171 -5.0000000000000000
189 171 -5.0000000000000000
151 172 40.0000000000000000
160 172 40.0000000000000000
172 172 3.0000000000000000
181 172 -7.0000000000000000
184 172 -33.0000000000000000
190 172 -7.0000000000000000
152 173 40.0000000000000000
161 173 40.0000000000000000
173 173 3.0000000000000000
182 173 -7.0000000000000000
184 173 -33.0000000000000000
191 173 -7.0000000000000000
152 174 30.0000000000000000
162 174 30.0000000000000000
174 174 3.0000000000000000
182 174 -5.0000000000000000
185 174 -25.0000000000000000
192 174 -5.0000000000000000
153 175 30.0000000000000000
163 175 30.0000000000000000
175 175 3.0000000000000000
183 175 -5.0000000000000000
185 175 -25.0000000000000000
193 175 -5.0000000000000000
154 176 70.0000000000000000
164 176 70.0000000000000000
176 176 3.0000000000000000
184 176 -7.0000000000000000
185 176 -63.0000000000000000
194 176 -7.0000000000000000
155 177 70.0000000000000000
165 177 70.0000000000000000
177 177 3.0000000000000000
184 177 -63.0000000000000000
185 177 -7.0000000000000000
195 177 -7.0000000000000000
154 178 30.0000000000000000
166 178 30.0000000000000000
178 178 3.0000000000000000
184 178 -5.0000000000000000
186 178 -25.0000000000000000
196 178 -5.0000000000000000
156 179 40.0000000000000000
167 179 40.0000000000000000
179 179 3.0000000000000000
186 179 -7.0000000000000000
197 179 -7.0000000000000000
155 180 130.0000000000000000
168 180 130.0000000000000000
180 180 3.0000000000000000
185 180 -15.0000000000000000
198 180 -15.0000000000000000
151 181 -277.0000000000000000
152 181 -400.0000000000000000
157 181 -101.0000000000000000
159 181 -400.0000000000000000
160 181 -176.0000000000000000
169 181 -5.0000000000000000
171 181 -25.0000000000000000
172 181 -7.0000000000000000
181 181 1754.0000000000000000
182 181 150.0000000000000000
184 181 126.0000000000000000
187 181 527.0000000000000000
189 181 75.0000000000000000
190 181 901.0000000000000000
199 181 30.0000000000000000
202 181 40.0000000000000000
211 181 -277.0000000000000000
212 181 -400.0000000000000000
214 181 -675.0000000000000000
217 181 -101.0000000000000000
220 181 -176.0000000000000000
151 182 -400.0000000000000000
152 182 -554.0000000000000000
157 182 -400.0000000000000000
158 182 -176.0000000000000000
159 182 -101.0000000000000000
161 182 -176.0000000000000000
162 182 -101.0000000000000000
169 182 -25.0000000000000000
170 182 -7.0000000000000000
171 182 -5.0000000000000000
173 182 -7.0000000000000000
174 182 -5.0000000000000000
181 182 150.0000000000000000
182 182 3182.0000000000000000
183 182 126.0000000000000000
184 182 126.0000000000000000
185 182 75.0000000000000000
187 182 75.0000000000000000
188 182 901.0000000000000000
189 182 527.0000000000000000
191 182 901.0000000000000000
192 182 527.0000000000000000
200 182 40.0000000000000000
201 182 30.0000000000000000
203 182 40.0000000000000000
204 182 30.0000000000000000
211 182 -400.0000000000000000
212 182 -554.0000000000000000
213 182 -675.0000000000000000
214 182 -675.0000000000000000
215 182 -400.0000000000000000
218 182 -176.0000000000000000
219 182 -101.0000000000000000
221 182 -176.0000000000000000
222 182 -101.0000000000000000
152 183 -675.0000000000000000
153 183 -101.0000000000000000
158 183 -675.0000000000000000
163 183 -101.0000000000000000
170 183 -33.0000000000000000
175 183 -5.0000000000000000
182 183 126.0000000000000000
183 183 1077.0000000000000000
185 183 75.0000000000000000
188 183 126.0000000000000000
193 183 527.0000000000000000
205 183 30.0000000000000000
213 183 -101.0000000000000000
215 183 -400.0000000000000000
223 183 -101.0000000000000000
151 184 -675.0000000000000000
152 184 -675.0000000000000000
154 184 -382.0000000000000000
155 184 -2220.0000000000000000
160 184 -675.0000000000000000
161 184 -675.0000000000000000
164 184 -281.0000000000000000
165 184 -2220.0000000000000000
166 184 -101.0000000000000000
172 184 -33.0000000000000000
173 184 -33.0000000000000000
176 184 -7.0000000000000000
177 184 -63.0000000000000000
178 184 -5.0000000000000000
181 184 126.0000000000000000
182 184 126.0000000000000000
184 184 6166.0000000000000000
185 184 462.0000000000000000
186 184 75.0000000000000000
190 184 126.0000000000000000
191 184 126.0000000000000000
194 184 2551.0000000000000000
195 184 231.0000000000000000
196 184 527.0000000000000000
206 184 70.0000000000000000
208 184 30.0000000000000000
214 184 -382.0000000000000000
215 184 -2220.0000000000000000
216 184 -400.0000000000000000
224 184 -281.0000000000000000
226 184 -101.0000000000000000
152 185 -400.0000000000000000
153 185 -400.0000000000000000
154 185 -2220.0000000000000000
155 185 -1482.0000000000000000
162 185 -400.0000000000000000
163 185 -400.0000000000000000
164 185 -2220.0000000000000000
165 185 -281.0000000000000000
168 185 -1201.0000000000000000
174 185 -25.0000000000000000
175 185 -25.0000000000000000
176 185 -63.0000000000000000
177 185 -7.0000000000000000
180 185 -15.0000000000000000
182 185 75.0000000000000000
183 185 75.0000000000000000
184 185 462.0000000000000000
185 185 14318.0000000000000000
192 185 75.0000000000000000
193 185 75.0000000000000000
194 185 231.0000000000000000
195 185 2551.0000000000000000
198 185 9127.0000000000000000
207 185 70.0000000000000000
210 185 130.0000000000000000
214 185 -2220.0000000000000000
215 185 -1482.0000000000000000
225 185 -281.0000000000000000
228 185 -1201.0000000000000000
154 186 -400.0000000000000000
156 186 -176.0000000000000000
166 186 -400.0000000000000000
167 186 -176.0000000000000000
178 186 -25.0000000000000000
179 186 -7.0000000000000000
184 186 75.0000000000000000
186 186 1227.0000000000000000
196 186 75.0000000000000000
197 186 901.0000000000000000
209 186 40.0000000000000000
216 186 -176.0000000000000000
227 186 -176.0000000000000000
151 187 -101.0000000000000000
157 187 -101.0000000000000000
169 187 -5.0000000000000000
181 187 527.0000000000000000
182 187 75.0000000000000000
187 187 528.0000000000000000
199 187 30.0000000000000000
211 187 -101.0000000000000000
212 187 -400.0000000000000000
217 187 -101.0000000000000000
152 188 -176.0000000000000000
158 188 -176.0000000000000000
170 188 -7.0000000000000000
182 188 901.0000000000000000
183 188 126.0000000000000000
188 188 902.0000000000000000
200 188 40.0000000000000000
212 188 -176.0000000000000000
213 188 -675.0000000000000000
218 188 -176.0000000000000000
152 189 -101.0000000000000000
159 189 -101.0000000000000000
171 189 -5.0000000000000000
181 189 75.0000000000000000
182 189 527.0000000000000000
189 189 528.0000000000000000
201 189 30.0000000000000000
211 189 -400.0000000000000000
212 189 -101.0000000000000000
219 189 -101.0000000000000000
151 190 -176.0000000000000000
160 190 -176.0000000000000000
172 190 -7.0000000000000000
181 190 901.0000000000000000
184 190 126.0000000000000000
190 190 902.0000000000000000
202 190 40.0000000000000000
211 190 -176.0000000000000000
214 190 -675.0000000000000000
220 190 -176.0000000000000000
152 191 -176.0000000000000000
161 191 -176.0000000000000000
173 191 -7.0000000000000000
182 191 901.0000000000000000
184 191 126.0000000000000000
191 191 902.0000000000000000
203 191 40.0000000000000000
212 191 -176.0000000000000000
214 191 -675.0000000000000000
221 191 -176.0000000000000000
152 192 -101.0000000000000000
162 192 -101.0000000000000000
174 192 -5.0000000000000000
182 192 527.0000000000000000
185 192 75.0000000000000000
192 192 528.0000000000000000
204 192 30.0000000000000000
212 192 -101.0000000000000000
215 192 -400.0000000000000000
222 192 -101.0000000000000000
153 193 -101.0000000000000000
163 193 -101.0000000000000000
175 193 -5.0000000000000000
183 193 527.0000000000000000
185 193 75.0000000000000000
193 193 528.0000000000000000
205 193 30.0000000000000000
213 193 -101.0000000000000000
215 193 -400.0000000000000000
223 193 -101.0000000000000000
154 194 -281.0000000000000000
164 194 -281.0000000000000000
176 194 -7.0000000000000000
184 194 2551.0000000000000000
185 194 231.0000000000000000
194 194 2552.0000000000000000
206 194 70.0000000000000000
214 194 -281.0000000000000000
215 194 -2220.0000000000000000
224 194 -281.0000000000000000
155 195 -281.0000000000000000
165 195 -281.0000000000000000
177 195 -7.0000000000000000
184 195 231.0000000000000000
185 195 2551.0000000000000000
195 195 2552.0000000000000000
207 195 70.0000000000000000
214 195 -2220.0000000000000000
215 195 -281.0000000000000000
225 195 -281.0000000000000000
154 196 -101.0000000000000000
166 196 -101.0000000000000000
178 196 -5.0000000000000000
184 196 527.0000000000000000
186 196 75.0000000000000000
196 196 528.0000000000000000
208 196 30.0000000000000000
214 196 -101.0000000000000000
216 196 -400.0000000000000000
226 196 -101.0000000000000000
156 197 -176.0000000000000000
167 197 -176.0000000000000000
179 197 -7.0000000000000000
186 197 901.0000000000000000
197 197 902.0000000000000000
209 197 40.0000000000000000
216 197 -176.0000000000000000
227 197 -176.0000000000000000
155 198 -1201.0000000000000000
168 198 -1201.0000000000000000
180 198 -15.0000000000000000
185 198 9127.0000000000000000
198 198 9128.0000000000000000
210 198 130.0000000000000000
215 198 -1201.0000000000000000
228 198 -1201.0000000000000000
181 199 30.0000000000000000
187 199 30.0000000000000000
199 199 3.0000000000000000
211 199 -5.0000000000000000
212 199 -25.0000000000000000
217 199 -5.0000000000000000
182 200 40.0000000000000000
188 200 40.0000000000000000
200 200 3.0000000000000000
212 200 -7.0000000000000000
213 200 -33.0000000000000000
218 200 -7.0000000000000000
182 201 30.0000000000000000
189 201 30.0000000000000000
201 201 3.0000000000000000
211 201 -25.0000000000000000
212 201 -5.0000000000000000
219 201 -5.0000000000000000
181 202 40.0000000000000000
190 202 40.0000000000000000
202 202 3.0000000000000000
211 202 -7.0000000000000000
214 202 -33.0000000000000000
220 202 -7.0000000000000000
182 203 40.0000000000000000
191 203 40.0000000000000000
203 203 3.0000000000000000
212 203 -7.0000000000000000
214 203 -33.0000000000000000
221 203 -7.0000000000000000
182 204 30.0000000000000000
192 204 30.0000000000000000
204 204 3.0000000000000000
212 204 -5.0000000000000000
215 204 -25.0000000000000000
222 204 -5.0000000000000000
183 205 30.0000000000000000
193 205 30.0000000000000000
205 205 3.0000000000000000
213 205 -5.0000000000000000
215 205 -25.0000000000000000
223 205 -5.0000000000000000
184 206 70.0000000000000000
194 206 70.0000000000000000
206 206 3.0000000000000000
214 206 -7.0000000000000000
215 206 -63.0000000000000000
224 206 -7.0000000000000000
185 207 70.0000000000000000
195 207 70.0000000000000000
207 207 3.0000000000000000
214 207 -63.0000000000000000
215 207 -7.0000000000000000
225 207 -7.0000000000000000
184 208 30.0000000000000000
196 208 30.0000000000000000
208 208 3.0000000000000000
214 208 -5.0000000000000000
216 208 -25.0000000000000000
226 208 -5.0000000000000000
186 209 40.0000000000000000
197 209 40.0000000000000000
209 209 3.0000000000000000
216 209 -7.0000000000000000
227 209 -7.0000000000000000
185 210 130.0000000000000000
198 210 130.0000000000000000
210 210 3.0000000000000000
215 210 -15.0000000000000000
228 210 -15.0000000000000000
181 211 -277.0000000000000000
182 211 -400.0000000000000000
187 211 -101.0000000000000000
189 211 -400.0000000000000000
190 211 -176.0000000000000000
199 211 -5.0000000000000000
201 211 -25.0000000000000000
202 211 -7.0000000000000000
211 211 1754.0000000000000000
212 211 150.0000000000000000
214 211 126.0000000000000000
217 211 527.0000000000000000
219 211 75.0000000000000000
220 211 901.0000000000000000
229 211 30.0000000000000000
232 211 40.0000000000000000
241 211 -277.0000000000000000
242 211 -400.0000000000000000
244 211 -675.0000000000000000
247 211 -101.0000000000000000
250 211 -176.0000000000000000
181 212 -400.0000000000000000
182 212 -554.0000000000000000
187 212 -400.0000000000000000
188 212 -176.0000000000000000
189 212 -101.0000000000000000
191 212 -176.0000000000000000
192 212 -101.0000000000000000
199 212 -25.0000000000000000
200 212 -7.0000000000000000
201 212 -5.0000000000000000
203 212 -7.0000000000000000
204 212 -5.0000000000000000
211 212 150.0000000000000000
212 212 3182.0000000000000000
213 212 126.0000000000000000
214 212 126.0000000000000000
215 212 75.0000000000000000
217 212 75.0000000000000000
218 212 901.0000000000000000
219 212 527.0000000000000000
221 212 901.0000000000000000
222 212 527.0000000000000000
230 212 40.0000000000000000
231 212 30.0000000000000000
233 212 40.0000000000000000
234 212 30.0000000000000000
241 212 -400.0000000000000000
242 212 -554.0000000000000000
243 212 -675.0000000000000000
244 212 -675.0000000000000000
245 212 -400.0000000000000000
248 212 -176.0000000000000000
249 212 -101.0000000000000000
251 212 -176.0000000000000000
252 212 -101.0000000000000000
182 213 -675.0000000000000000
183 213 -101.0000000000000000
188 213 -675.0000000000000000
193 213 -101.0000000000000000
200 213 -33.0000000000000000
205 213 -5.0000000000000000
212 213 126.0000000000000000
213 213 1077.0000000000000000
215 213 75.0000000000000000
218 213 126.0000000000000000
223 213 527.0000000000000000
235 213 30.0000000000000000
243 213 -101.0000000000000000
245 213 -400.0000000000000000
253 213 -101.0000000000000000
181 214 -675.0000000000000000
182 214 -675.0000000000000000
184 214 -382.0000000000000000
185 214 -2220.0000000000000000
190 214 -675.0000000000000000
191 214 -675.0000000000000000
194 214 -281.0000000000000000
195 214 -2220.0000000000000000
196 214 -101.0000000000000000
202 214 -33.0000000000000000
203 214 -33.0000000000000000
206 214 -7.0000000000000000
207 214 -63.0000000000000000
208 214 -5.0000000000000000
211 214 126.0000000000000000
212 214 126.0000000000000000
214 214 6166.0000000000000000
215 214 462.0000000000000000
216 214 75.0000000000000000
220 214 126.0000000000000000
221 214 126.0000000000000000
224 214 2551.0000000000000000
225 214 231.0000000000000000
226 214 527.0000000000000000
236 214 70.0000000000000000
238 214 30.0000000000000000
244 214 -382.0000000000000000
245 214 -2220.0000000000000000
246 214 -400.0000000000000000
254 214 -281.0000000000000000
256 214 -101.0000000000000000
182 215 -400.0000000000000000
183 215 -400.0000000000000000
184 215 -2220.0000000000000000
185 215 -1482.0000000000000000
192 215 -400.0000000000000000
193 215 -400.0000000000000000
194 215 -2220.0000000000000000
195 215 -281.0000000000000000
198 215 -1201.0000000000000000
204 215 -25.0000000000000000
205 215 -25.0000000000000000
206 215 -63.0000000000000000
207 215 -7.0000000000000000
210 215 -15.0000000000000000
212 215 75.0000000000000000
213 215 75.0000000000000000
214 215 462.0000000000000000
215 215 14318.0000000000000000
222 215 75.0000000000000000
223 215 75.0000000000000000
224 215 231.0000000000000000
225 215 2551.0000000000000000
228 215 9127.0000000000000000
237 215 70.0000000000000000
240 215 130.0000000000000000
244 215 -2220.0000000000000000
245 215 -1482.0000000000000000
255 215 -281.0000000000000000
258 215 -1201.0000000000000000
184 216 -400.0000000000000000
186 216 -176.0000000000000000
196 216 -400.0000000000000000
197 216 -176.0000000000000000
208 216 -25.0000000000000000
209 216 -7.0000000000000000
214 216 75.0000000000000000
216 216 1227.0000000000000000
226 216 75.0000000000000000
227 216 901.0000000000000000
239 216 40.0000000000000000
246 216 -176.0000000000000000
257 216 -176.0000000000000000
181 217 -101.0000000000000000
187 217 -101.0000000000000000
199 217 -5.0000000000000000
211 217 527.0000000000000000
212 217 75.0000000000000000
217 217 528.0000000000000000
229 217 30.0000000000000000
241 217 -101.0000000000000000
242 217 -400.0000000000000000
247 217 -101.0000000000000000
182 218 -176.0000000000000000
188 218 -176.0000000000000000
200 218 -7.0000000000000000
212 218 901.0000000000000000
213 218 126.0000000000000000
218 218 902.0000000000000000
230 218 40.0000000000000000
242 218 -176.0000000000000000
243 218 -675.0000000000000000
248 218 -176.0000000000000000
182 219 -101.0000000000000000
189 219 -101.0000000000000000
201 219 -5.0000000000000000
211 219 75.0000000000000000
212 219 527.0000000000000000
219 219 528.0000000000000000
231 219 30.0000000000000000
241 219 -400.0000000000000000
242 219 -101.0000000000000000
249 219 -101.0000000000000000
181 220 -176.0000000000000000
190 220 -176.0000000000000000
202 220 -7.0000000000000000
211 220 901.0000000000000000
214 220 126.0000000000000000
220 220 902.0000000000000000
232 220 40.0000000000000000
241 220 -176.0000000000000000
244 220 -675.0000000000000000
250 220 -176.0000000000000000
182 221 -176.0000000000000000
191 221 -176.0000000000000000
203 221 -7.0000000000000000
212 221 901.0000000000000000
214 221 126.0000000000000000
221 221 902.0000000000000000
233 221 40.0000000000000000
242 221 -176.0000000000000000
244 221 -675.0000000000000000
251 221 -176.0000000000000000
182 222 -101.0000000000000000
192 222 -101.0000000000000000
204 222 -5.0000000000000000
212 222 527.0000000000000000
215 222 75.0000000000000000
222 222 528.0000000000000000
234 222 30.0000000000000000
242 222 -101.0000000000000000
245 222 -400.0000000000000000
252 222 -101.0000000000000000
183 223 -101.0000000000000000
193 223 -101.0000000000000000
205 223 -5.0000000000000000
213 223 527.0000000000000000
215 223 75.0000000000000000
223 223 528.0000000000000000
235 223 30.0000000000000000
243 223 -101.0000000000000000
245 223 -400.0000000000000000
253 223 -101.0000000000000000
184 224 -281.0000000000000000
194 224 -281.0000000000000000
206 224 -7.0000000000000000
214 224 2551.0000000000000000
215 224 231.0000000000000000
224 224 2552.0000000000000000
236 224 70.0000000000000000
244 224 -281.0000000000000000
245 224 -2220.0000000000000000
254 224 -281.0000000000000000
185 225 -281.0000000000000000
195 225 -281.0000000000000000
207 225 -7.0000000000000000
214 225 231.0000000000000000
215 225 2551.0000000000000000
225 225 2552.0000000000000000
237 225 70.0000000000000000
244 225 -2220.0000000000000000
245 225 -281.0000000000000000
255 225 -281.0000000000000000
184 226 -101.0000000000000000
196 226 -101.0000000000000000
208 226 -5.0000000000000000
214 226 527.0000000000000000
216 226 75.0000000000000000
226 226 528.0000000000000000
238 226 30.0000000000000000
244 226 -101.0000000000000000
246 226 -400.0000000000000000
256 226 -101.0000000000000000
186 227 -176.0000000000000000
197 227 -176.0000000000000000
209 227 -7.0000000000000000
216 227 901.0000000000000000
227 227 902.0000000000000000
239 227 40.0000000000000000
246 227 -176.0000000000000000
257 227 -176.0000000000000000
185 228 -1201.0000000000000000
198 228 -1201.0000000000000000
210 228 -15.0000000000000000
215 228 9127.0000000000000000
228 228 9128.0000000000000000
240 228 130.0000000000000000
245 228 -1201.0000000000000000
258 228 -1201.0000000000000000
211 229 30.0000000000000000
217 229 30.0000000000000000
229 229 3.0000000000000000
241 229 -5.0000000000000000
242 229 -25.0000000000000000
247 229 -5.0000000000000000
212 230 40.0000000000000000
218 230 40.0000000000000000
230 230 3.0000000000000000
242 230 -7.0000000000000000
243 230 -33.0000000000000000
248 230 -7.0000000000000000
212 231 30.0000000000000000
219 231 30.0000000000000000
231 231 3.0000000000000000
241 231 -25.0000000000000000
242 231 -5.0000000000000000
249 231 -5.0000000000000000
211 232 40.0000000000000000
220 232 40.0000000000000000
232 232 3.0000000000000000
241 232 -7.0000000000000000
244 232 -33.0000000000000000
250 232 -7.0000000000000000
212 233 40.0000000000000000
221 233 40.0000000000000000
233 233 3.0000000000000000
242 233 -7.0000000000000000
244 233 -33.0000000000000000
251 233 -7.0000000000000000
212 234 30.0000000000000000
222 234 30.0000000000000000
234 234 3.0000000000000000
242 234 -5.0000000000000000
245 234 -25.0000000000000000
252 234 -5.0000000000000000
213 235 30.0000000000000000
223 235 30.0000000000000000
235 235 3.0000000000000000
243 235 -5.0000000000000000
245 235 -25.0000000000000000
253 235 -5.0000000000000000
214 236 70.0000000000000000
224 236 70.0000000000000000
236 236 3.0000000000000000
244 236 -7.0000000000000000
245 236 -63.0000000000000000
254 236 -7.0000000000000000
215 237 70.0000000000000000
225 237 70.0000000000000000
237 237 3.0000000000000000
244 237 -63.0000000000000000
245 237 -7.0000000000000000
255 237 -7.0000000000000000
214 238 30.0000000000000000
226 238 30.0000000000000000
238 238 3.0000000000000000
244 238 -5.0000000000000000
246 238 -25.0000000000000000
256 238 -5.0000000000000000
216 239 40.0000000000000000
227 239 40.0000000000000000
239 239 3.0000000000000000
246 239 -7.0000000000000000
257 239 -7.0000000000000000
215 240 130.0000000000000000
228 240 130.0000000000000000
240 240 3.0000000000000000
245 240 -15.0000000000000000
258 240 -15.0000000000000000
211 241 -277.0000000000000000
212 241 -400.0000000000000000
217 241 -101.0000000000000000
219 241 -400.0000000000000000
220 241 -176.0000000000000000
229 241 -5.0000000000000000
231 241 -25.0000000000000000
232 241 -7.0000000000000000
241 241 1754.0000000000000000
242 241 150.0000000000000000
244 241 126.0000000000000000
247 241 527.0000000000000000
249 241 75.0000000000000000
250 241 901.0000000000000000
259 241 30.0000000000000000
262 241 40.0000000000000000
271 241 -277.0000000000000000
272 241 -400.0000000000000000
274 241 -675.0000000000000000
277 241 -101.0000000000000000
280 241 -176.0000000000000000
211 242 -400.0000000000000000
212 242 -554.0000000000000000
217 242 -400.0000000000000000
218 242 -176.0000000000000000
219 242 -101.0000000000000000
221 242 -176.0000000000000000
222 242 -101.0000000000000000
229 242 -25.0000000000000000
230 242 -7.0000000000000000
231 242 -5.0000000000000000
233 242 -7.0000000000000000
234 242 -5.0000000000000000
241 242 150.0000000000000000
242 242 3182.0000000000000000
243 242 126.0000000000000000
244 242 126.0000000000000000
245 242 75.0000000000000000
247 242 75.0000000000000000
248 242 901.0000000000000000
249 242 527.0000000000000000
251 242 901.0000000000000000
252 242 527.0000000000000000
260 242 40.0000000000000000
261 242 30.0000000000000000
263 242 40.0000000000000000
264 242 30.0000000000000000
271 242 -400.0000000000000000
272 242 -554.0000000000000000
273 242 -675.0000000000000000
274 242 -675.0000000000000000
275 242 -400.0000000000000000
278 242 -176.0000000000000000
279 242 -101.0000000000000000
281 242 -176.0000000000000000
282 242 -101.0000000000000000
212 243 -675.0000000000000000
213 243 -101.0000000000000000
218 243 -675.0000000000000000
223 243 -101.0000000000000000
230 243 -33.0000000000000000
235 243 -5.0000000000000000
242 243 126.0000000000000000
243 243 1077.0000000000000000
245 243 75.0000000000000000
248 243 126.0000000000000000
253 243 527.0000000000000000
265 243 30.0000000000000000
273 243 -101.0000000000000000
275 243 -400.0000000000000000
283 243 -101.0000000000000000
211 244 -675.0000000000000000
212 244 -675.0000000000000000
214 244 -382.0000000000000000
215 244 -2220.0000000000000000
220 244 -675.0000000000000000
221 244 -675.0000000000000000
224 244 -281.0000000000000000
225 244 -2220.0000000000000000
226 244 -101.0000000000000000
232 244 -33.0000000000000000
233 244 -33.0000000000000000
236 244 -7.0000000000000000
237 244 -63.0000000000000000
238 244 -5.0000000000000000
241 244 126.0000000000000000
242 244 126.0000000000000000
244 244 6166.0000000000000000
245 244 462.0000000000000000
246 244 75.0000000000000000
250 244 126.0000000000000000
251 244 126.0000000000000000
254 244 2551.0000000000000000
255 244 231.0000000000000000
256 244 527.0000000000000000
266 244 70.0000000000000000
268 244 30.0000000000000000
274 244 -382.0000000000000000
275 244 -2220.0000000000000000
276 244 -400.0000000000000000
284 244 -281.0000000000000000
286 244 -101.0000000000000000
212 245 -400.0000000000000000
213 245 -400.0000000000000000
214 245 -2220.0000000000000000
215 245 -1482.0000000000000000
222 245 -400.0000000000000000
223 245 -400.0000000000000000
224 245 -2220.0000000000000000
225 245 -281.0000000000000000
228 245 -1201.0000000000000000
234 245 -25.0000000000000000
235 245 -25.0000000000000000
236 245 -63.0000000000000000
237 245 -7.0000000000000000
240 245 -15.0000000000000000
242 245 75.0000000000000000
243 245 75.0000000000000000
244 245 462.0000000000000000
245 245 14318.0000000000000000
252 245 75.0000000000000000
253 245 75.0000000000000000
254 245 231.0000000000000000
255 245 2551.0000000000000000
258 245 9127.0000000000000000
267 245 70.0000000000000000
270 245 130.0000000000000000
274 245 -2220.0000000000000000
275 245 -1482.0000000000000000
285 245 -281.0000000000000000
288 245 -1201.0000000000000000
214 246 -400.0000000000000000
216 246 -176.0000000000000000
226 246 -400.0000000000000000
227 246 -176.0000000000000000
238 246 -25.0000000000000000
239 246 -7.0000000000000000
244 246 75.0000000000000000
246 246 1227.0000000000000000
256 246 75.0000000000000000
257 246 901.0000000000000000
269 246 40.0000000000000000
276 246 -176.0000000000000000
287 246 -176.0000000000000000
211 247 -101.0000000000000000
217 247 -101.0000000000000000
229 247 -5.0000000000000000
241 247 527.0000000000000000
242 247 75.0000000000000000
247 247 528.0000000000000000
259 247 30.0000000000000000
271 247 -101.0000000000000000
272 247 -400.0000000000000000
277 247 -101.0000000000000000
212 248 -176.0000000000000000
218 248 -176.0000000000000000
230 248 -7.0000000000000000
242 248 901.0000000000000000
243 248 126.0000000000000000
248 248 902.0000000000000000
260 248 40.0000000000000000
272 248 -176.0000000000000000
273 248 -675.0000000000000000
278 248 -176.0000000000000000
212 249 -101.0000000000000000
219 249 -101.0000000000000000
231 249 -5.0000000000000000
241 249 75.0000000000000000
242 249 527.0000000000000000
249 249 528.0000000000000000
261 249 30.0000000000000000
271 249 -400.0000000000000000
272 249 -101.0000000000000000
279 249 -101.0000000000000000
211 250 -176.0000000000000000
220 250 -176.0000000000000000
232 250 -7.0000000000000000
241 250 901.0000000000000000
244 250 126.0000000000000000
250 250 902.0000000000000000
262 250 40.0000000000000000
271 250 -176.0000000000000000
274 250 -675.0000000000000000
280 250 -176.0000000000000000
212 251 -176.0000000000000000
221 251 -176.0000000000000000
233 251 -7.0000000000000000
242 251 901.0000000000000000
244 251 126.0000000000000000
251 251 902.0000000000000000
263 251 40.0000000000000000
272 251 -176.0000000000000000
274 251 -675.0000000000000000
281 251 -176.0000000000000000
212 252 -101.0000000000000000
222 252 -101.0000000000000000
234 252 -5.0000000000000000
242 252 527.0000000000000000
245 252 75.0000000000000000
252 252 528.0000000000000000
264 252 30.0000000000000000
272 252 -101.0000000000000000
275 252 -400.0000000000000000
282 252 -101.0000000000000000
213 253 -101.0000000000000000
223 253 -101.0000000000000000
235 253 -5.0000000000000000
243 253 527.0000000000000000
245 253 75.0000000000000000
253 253 528.0000000000000000
265 253 30.0000000000000000
273 253 -101.0000000000000000
275 253 -400.0000000000000000
283 253 -101.0000000000000000
214 254 -281.0000000000000000
224 254 -281.0000000000000000
236 254 -7.0000000000000000
244 254 2551.0000000000000000
245 254 231.0000000000000000
254 254 2552.0000000000000000
266 254 70.0000000000000000
274 254 -281.0000000000000000
275 254 -2220.0000000000000000
284 254 -281.0000000000000000
215 255 -281.0000000000000000
225 255 -281.0000000000000000
237 255 -7.0000000000000000
244 255 231.0000000000000000
245 255 2551.0000000000000000
255 255 2552.0000000000000000
267 255 70.0000000000000000
274 255 -2220.0000000000000000
275 255 -281.0000000000000000
285 255 -281.0000000000000000
214 256 -101.0000000000000000
226 256 -101.0000000000000000
238 256 -5.0000000000000000
244 256 527.0000000000000000
246 256 75.0000000000000000
256 256 528.0000000000000000
268 256 30.0000000000000000
274 256 -101.0000000000000000
276 256 -400.0000000000000000
286 256 -101.0000000000000000
216 257 -176.0000000000000000
227 257 -176.0000000000000000
239 257 -7.0000000000000000
246 257 901.0000000000000000
257 257 902.0000000000000000
269 257 40.0000000000000000
276 257 -176.0000000000000000
287 257 -176.0000000000000000
215 258 -1201.0000000000000000
228 258 -1201.0000000000000000
240 258 -15.0000000000000000
245 258 9127.0000000000000000
258 258 9128.0000000000000000
270 258 130.0000000000000000
275 258 -1201.0000000000000000
288 258 -1201.0000000000000000
241 259 30.0000000000000000
247 259 30.0000000000000000
259 259 3.0000000000000000
271 259 -5.0000000000000000
272 259 -25.0000000000000000
277 259 -5.0000000000000000
242 260 40.0000000000000000
248 260 40.0000000000000000
260 260 3.0000000000000000
272 260 -7.0000000000000000
273 260 -33.0000000000000000
278 260 -7.0000000000000000
242 261 30.0000000000000000
249 261 30.0000000000000000
261 261 3.0000000000000000
271 261 -25.0000000000000000
272 261 -5.0000000000000000
279 261 -5.0000000000000000
241 262 40.0000000000000000
250 262 40.0000000000000000
262 262 3.0000000000000000
271 262 -7.0000000000000000
274 262 -33.0000000000000000
280 262 -7.0000000000000000
242 263 40.0000000000000000
251 263 40.0000000000000000
263 263 3.0000000000000000
272 263 -7.0000000000000000
274 263 -33.0000000000000000
281 263 -7.0000000000000000
242 264 30.0000000000000000
252 264 30.0000000000000000
264 264 3.0000000000000000
272 264 -5.0000000000000000
275 264 -25.0000000000000000
282 264 -5.0000000000000000
243 265 30.0000000000000000
253 265 30.0000000000000000
265 265 3.0000000000000000
273 265 -5.0000000000000000
275 265 -25.0000000000000000
283 265 -5.0000000000000000
244 266 70.0000000000000000
254 266 70.0000000000000000
266 266 3.0000000000000000
274 266 -7.0000000000000000
275 266 -63.0000000000000000
284 266 -7.0000000000000000
245 267 70.0000000000000000
255 267 70.0000000000000000
267 267 3.0000000000000000
274 267 -63.0000000000000000
275 267 -7.0000000000000000
285 267 -7.0000000000000000
244 268 30.0000000000000000
256 268 30.0000000000000000
268 268 3.0000000000000000
274 268 -5.0000000000000000
276 268 -25.0000000000000000
286 268 -5.0000000000000000
246 269 40.0000000000000000
257 269 40.0000000000000000
269 269 3.0000000000000000
276 269 -7.0000000000000000
287 269 -7.0000000000000000
245 270 130.0000000000000000
258 270 130.0000000000000000
270 270 3.0000000000000000
275 270 -15.0000000000000000
288 270 -15.0000000000000000
241 271 -277.0000000000000000
242 271 -400.0000000000000000
247 271 -101.0000000000000000
249 271 -400.0000000000000000
250 271 -176.0000000000000000
259 271 -5.0000000000000000
261 271 -25.0000000000000000
262 271 -7.0000000000000000
271 271 1754.0000000000000000
272 271 150.0000000000000000
274 271 126.0000000000000000
277 271 527.0000000000000000
279 271 75.0000000000000000
280 271 901.0000000000000000
289 271 30.0000000000000000
292 271 40.0000000000000000
241 272 -400.0000000000000000
242 272 -554.0000000000000000
247 272 -400.0000000000000000
248 272 -176.0000000000000000
249 272 -101.0000000000000000
251 272 -176.0000000000000000
252 272 -101.0000000000000000
259 272 -25.0000000000000000
260 272 -7.0000000000000000
261 272 -5.0000000000000000
263 272 -7.0000000000000000
264 272 -5.0000000000000000
271 272 150.0000000000000000
272 272 3182.0000000000000000
273 272 126.0000000000000000
274 272 126.0000000000000000
275 272 75.0000000000000000
277 272 75.0000000000000000
278 272 901.0000000000000000
279 272 527.0000000000000000
281 272 901.0000000000000000
282 272 527.0000000000000000
290 272 40.0000000000000000
291 272 30.0000000000000000
293 272 40.0000000000000000
294 272 30.0000000000000000
242 273 -675.0000000000000000
243 273 -101.0000000000000000
248 273 -675.0000000000000000
253 273 -101.0000000000000000
260 273 -33.0000000000000000
265 273 -5.0000000000000000
272 273 126.0000000000000000
273 273 1077.0000000000000000
275 273 75.0000000000000000
278 273 126.0000000000000000
283 273 527.0000000000000000
295 273 30.0000000000000000
241 274 -675.0000000000000000
242 274 -675.0000000000000000
244 274 -382.0000000000000000
245 274 -2220.0000000000000000
250 274 -675.0000000000000000
251 274 -675.0000000000000000
254 274 -281.0000000000000000
255 274 -2220.0000000000000000
256 274 -101.0000000000000000
262 274 -33.0000000000000000
263 274 -33.0000000000000000
266 274 -7.0000000000000000
267 274 -63.0000000000000000
268 274 -5.0000000000000000
271 274 126.0000000000000000
272 274 126.0000000000000000
274 274 6166.0000000000000000
275 274 462.0000000000000000
276 274 75.0000000000000000
280 274 126.0000000000000000
281 274 126.0000000000000000
284 274 2551.0000000000000000
285 274 231.0000000000000000
286 274 527.0000000000000000
296 274 70.0000000000000000
298 274 30.0000000000000000
242 275 -400.0000000000000000
243 275 -400.0000000000000000
244 275 -2220.0000000000000000
245 275 -1482.0000000000000000
252 275 -400.0000000000000000
253 275 -400.0000000000000000
254 275 -2220.0000000000000000
255 275 -281.0000000000000000
258 275 -1201.0000000000000000
264 275 -25.0000000000000000
265 275 -25.0000000000000000
266 275 -63.0000000000000000
267 275 -7.0000000000000000
270 275 -15.0000000000000000
272 275 75.0000000000000000
273 275 75.0000000000000000
274 275 462.0000000000000000
275 275 14318.0000000000000000
282 275 75.0000000000000000
283 275 75.0000000000000000
284 275 231.0000000000000000
285 275 2551.0000000000000000
288 275 9127.0000000000000000
297 275 70.0000000000000000
300 275 130.0000000000000000
244 276 -400.0000000000000000
246 276 -176.0000000000000000
256 276 -400.0000000000000000
257 276 -176.0000000000000000
268 276 -25.0000000000000000
269 276 -7.0000000000000000
274 276 75.0000000000000000
276 276 1227.0000000000000000
286 276 75.0000000000000000
287 276 901.0000000000000000
299 276 40.0000000000000000
241 277 -101.0000000000000000
247 277 -101.0000000000000000
259 277 -5.0000000000000000
271 277 527.0000000000000000
272 277 75.0000000000000000
277 277 528.0000000000000000
289 277 30.0000000000000000
242 278 -176.0000000000000000
248 278 -176.0000000000000000
260 278 -7.0000000000000000
272 278 901.0000000000000000
273 278 126.0000000000000000
278 278 902.0000000000000000
290 278 40.0000000000000000
242 279 -101.0000000000000000
249 279 -101.0000000000000000
261 279 -5.0000000000000000
271 279 75.0000000000000000
272 279 527.0000000000000000
279 279 528.0000000000000000
291 279 30.0000000000000000
241 280 -176.0000000000000000
250 280 -176.0000000000000000
262 280 -7.0000000000000000
271 280 901.0000000000000000
274 280 126.0000000000000000
280 280 902.0000000000000000
292 280 40.0000000000000000
242 281 -176.0000000000000000
251 281 -176.0000000000000000
263 281 -7.0000000000000000
272 281 901.0000000000000000
274 281 126.0000000000000000
281 281 902.0000000000000000
293 281 40.0000000000000000
242 282 -101.0000000000000000
252 282 -101.0000000000000000
264 282 -5.0000000000000000
272 282 527.0000000000000000
275 282 75.0000000000000000
282 282 528.0000000000000000
294 282 30.0000000000000000
243 283 -101.0000000000000000
253 283 -101.0000000000000000
265 283 -5.0000000000000000
273 283 527.0000000000000000
275 283 75.0000000000000000
283 283 528.0000000000000000
295 283 30.0000000000000000
244 284 -281.0000000000000000
254 284 -281.0000000000000000
266 284 -7.0000000000000000
274 284 2551.0000000000000000
275 284 231.0000000000000000
284 284 2552.0000000000000000
296 284 70.0000000000000000
245 285 -281.0000000000000000
255 285 -281.0000000000000000
267 285 -7.0000000000000000
274 285 231.0000000000000000
275 285 2551.0000000000000000
285 285 2552.0000000000000000
297 285 70.0000000000000000
244 286 -101.0000000000000000
256 286 -101.0000000000000000
268 286 -5.0000000000000000
274 286 527.0000000000000000
276 286 75.0000000000000000
286 286 528.0000000000000000
298 286 30.0000000000000000
246 287 -176.0000000000000000
257 287 -176.0000000000000000
269 287 -7.0000000000000000
276 287 901.0000000000000000
287 287 902.0000000000000000
299 287 40.0000000000000000
245 288 -1201.0000000000000000
258 288 -1201.0000000000000000
270 288 -15.0000000000000000
275 288 9127.0000000000000000
288 288 9128.0000000000000000
300 288 130.0000000000000000
271 289 30.0000000000000000
277 289 30.0000000000000000
289 289 3.0000000000000000
272 290 40.0000000000000000
278 290 40.0000000000000000
290 290 3.0000000000000000
272 291 30.0000000000000000
279 291 30.0000000000000000
291 291 3.0000000000000000
271 292 40.0000000000000000
280 292 40.0000000000000000
292 292 3.0000000000000000
272 293 40.0000000000000000
281 293 40.0000000000000000
293 293 3.0000000000000000
272 294 30.0000000000000000
282 294 30.0000000000000000
294 294 3.0000000000000000
273 295 30.0000000000000000
283 295 30.0000000000000000
295 295 3.0000000000000000
274 296 70.0000000000000000
284 296 70.0000000000000000
296 296 3.0000000000000000
275 297 70.0000000000000000
285 297 70.0000000000000000
297 297 3.0000000000000000
274 298 30.0000000000000000
286 298 30.0000000000000000
298 298 3.0000000000000000
276 299 40.0000000000000000
287 299 40.0000000000000000
299 299 3.0000000000000000
275 300 130.0000000000000000
288 300 130.0000000000000000
300 300 3.0000000000000000
