117 117 1885
1 1 4.0000000000000000
13 1 1.0000000000000000
15 1 -106.0000000000000000
16 1 -126.0000000000000000
17 1 339.0000000000000000
18 1 -447.5097999999999843
20 1 1.0000000000000000
22 1 -105.0000000000000000
23 1 -114.0000000000000000
24 1 339.0000000000000000
25 1 -397.3999000000000024
27 1 1.0000000000000000
29 1 -107.0000000000000000
30 1 -131.0000000000000000
31 1 339.0000000000000000
32 1 -287.1499000000000024
33 1 1.0000000000000000
35 1 9.6199999999999992
36 1 -80.0000000000000000
40 1 339.0000000000000000
41 1 100.0000000000000000
42 1 -100.0000000000000000
43 1 -100.0000000000000000
113 1 1.3000000000000000
2 2 2.0000000000000000
33 2 1.0000000000000000
35 2 31.1999999999999993
36 2 -68.0000000000000000
40 2 218.0000000000000000
41 2 95.0000000000000000
42 2 -97.0000000000000000
43 2 -100.0000000000000000
44 2 1.0000000000000000
46 2 17.5500000000000007
47 2 -68.0000000000000000
51 2 218.0000000000000000
52 2 97.0000000000000000
53 2 -98.5000000000000000
54 2 -100.0000000000000000
113 2 1.3000000000000000
115 2 1.3000000000000000
3 3 2.0000000000000000
33 3 1.0000000000000000
35 3 23.1999999999999993
36 3 -63.7000000000000028
40 3 171.0000000000000000
41 3 76.5000000000000000
42 3 -87.7000000000000028
43 3 -99.7000000000000028
44 3 1.0000000000000000
46 3 12.6999999999999993
47 3 -63.7000000000000028
51 3 171.0000000000000000
52 3 87.7000000000000028
53 3 -93.0000000000000000
54 3 -100.0000000000000000
113 3 1.0000000000000000
115 3 1.0000000000000000
4 4 4.0000000000000000
13 4 1.0000000000000000
15 4 -91.4000000000000057
16 4 -99.2999999999999972
17 4 83.0000000000000000
18 4 -18.2399999999999984
20 4 1.0000000000000000
22 4 -89.7000000000000028
23 4 -97.0000000000000000
24 4 83.0000000000000000
25 4 39.9299999999999997
27 4 1.0000000000000000
29 4 -92.5000000000000000
30 4 -100.7000000000000028
31 4 83.0000000000000000
32 4 167.9099999999999966
44 4 1.0000000000000000
46 4 11.8000000000000007
47 4 -64.2000000000000028
51 4 83.0000000000000000
52 4 83.5000000000000000
53 4 -94.4000000000000057
54 4 -100.0000000000000000
115 4 1.0000000000000000
5 5 2.0000000000000000
33 5 1.0000000000000000
35 5 16.0500000000000007
36 5 -54.6000000000000014
40 5 169.0000000000000000
41 5 94.2000000000000028
42 5 -96.5000000000000000
43 5 -100.0000000000000000
44 5 1.0000000000000000
46 5 0.3000000000000000
47 5 -54.6000000000000014
51 5 169.0000000000000000
52 5 96.5000000000000000
53 5 -98.0000000000000000
54 5 -100.0000000000000000
113 5 1.5000000000000000
115 5 1.5000000000000000
6 6 4.0000000000000000
13 6 1.0000000000000000
15 6 -106.5000000000000000
16 6 -138.5000000000000000
17 6 61.0000000000000000
18 6 -275.1899000000000228
20 6 1.0000000000000000
22 6 -105.2999999999999972
23 6 -131.8000000000000114
24 6 61.0000000000000000
25 6 -219.0099999999999909
27 6 1.0000000000000000
29 6 -107.2999999999999972
30 6 -141.0000000000000000
31 6 61.0000000000000000
32 6 -95.4200000000000017
33 6 1.0000000000000000
35 6 4.4000000000000004
36 6 -70.7000000000000028
40 6 61.0000000000000000
41 6 33.5000000000000000
42 6 -71.2999999999999972
43 6 -100.0000000000000000
113 6 1.0000000000000000
7 7 4.0000000000000000
13 7 1.0000000000000000
15 7 -106.5999999999999943
16 7 -141.0000000000000000
17 7 68.0000000000000000
18 7 -301.1598999999999933
20 7 1.0000000000000000
22 7 -105.2000000000000028
23 7 -134.0000000000000000
24 7 68.0000000000000000
25 7 -245.3700000000000045
27 7 1.0000000000000000
29 7 -107.4000000000000057
30 7 -146.0000000000000000
31 7 68.0000000000000000
32 7 -122.6299999999999955
33 7 1.0000000000000000
35 7 5.5000000000000000
36 7 -75.2000000000000028
40 7 68.0000000000000000
41 7 32.0000000000000000
42 7 -63.0000000000000000
43 7 -100.0000000000000000
113 7 1.0000000000000000
8 8 2.0000000000000000
33 8 1.0000000000000000
35 8 20.8999999999999986
36 8 -78.2000000000000028
40 8 65.0000000000000000
41 8 43.0000000000000000
42 8 -80.0000000000000000
43 8 -100.0000000000000000
44 8 1.0000000000000000
46 8 10.4000000000000004
47 8 -78.2000000000000028
51 8 65.0000000000000000
52 8 80.0000000000000000
53 8 -98.0000000000000000
54 8 -100.0000000000000000
96 8 61.0000000000000000
113 8 1.0000000000000000
115 8 1.0000000000000000
9 9 2.4700581699999997
33 9 1.1235999999999999
35 9 5.3932799999999999
36 9 -43.4833199999999991
40 9 22.4719999999999978
41 9 8.9887999999999995
42 9 -14.6067999999999998
43 9 -94.9441999999999950
44 9 1.0989000000000000
46 9 6.4835099999999999
47 9 -63.0768599999999964
51 9 24.1757999999999988
52 9 17.5823999999999998
53 9 -36.7032600000000002
54 9 -104.3954999999999984
113 9 1.1235999999999999
115 9 1.0989000000000000
10 10 4.0000000000000000
13 10 1.0000000000000000
15 10 -102.5999999999999943
16 10 -190.0000000000000000
17 10 12.0000000000000000
18 10 985.6399000000000115
19 10 100.0000000000000000
20 10 1.0000000000000000
22 10 -102.0000000000000000
23 10 -158.0000000000000000
24 10 12.0000000000000000
25 10 1053.9199000000000979
26 10 100.0000000000000000
27 10 1.0000000000000000
29 10 -102.9000000000000057
30 10 -203.0000000000000000
31 10 12.0000000000000000
32 10 1204.1198999999999160
33 10 1.0000000000000000
35 10 -5.0000000000000000
36 10 -23.3999999999999986
40 10 12.0000000000000000
43 10 -100.0000000000000000
113 10 1.0000000000000000
11 11 3.0000000000000000
33 11 1.0000000000000000
35 11 8.2599999999999998
36 11 -42.3999999999999986
40 11 115.0000000000000000
41 11 53.2000000000000028
42 11 -63.2000000000000028
43 11 -96.0000000000000000
44 11 1.0000000000000000
45 11 -1.0000000000000000
46 11 -6.4400000000000004
47 11 -42.3999999999999986
51 11 115.0000000000000000
52 11 63.2000000000000028
53 11 -73.0000000000000000
54 11 -99.7000000000000028
113 11 1.3999999999999999
115 11 1.3999999999999999
12 12 2.0000000000000000
33 12 1.0000000000000000
35 12 14.0000000000000000
36 12 -39.8999999999999986
40 12 6.0000000000000000
43 12 -39.0000000000000000
44 12 1.0000000000000000
46 12 -0.7000000000000000
47 12 -39.8999999999999986
51 12 6.0000000000000000
54 12 -76.7999999999999972
113 12 1.3999999999999999
115 12 1.3999999999999999
1 13 1.0000000000000000
4 13 1.0000000000000000
6 13 1.0000000000000000
7 13 1.0000000000000000
10 13 1.0000000000000000
13 13 11.0000000000000000
14 13 -1.0000000000000000
15 13 -1141.3000000000001819
16 13 -1652.2999999999999545
17 13 2202.0000000000000000
18 13 868.8105000000000473
19 13 214.0000000000000000
55 13 1.0000000000000000
61 13 1.0000000000000000
63 13 1.0000000000000000
112 13 1.0000000000000000
13 14 -1.0000000000000000
14 14 1.0000000000000000
15 14 100.0000000000000000
16 14 130.5000000000000000
17 14 -101.0000000000000000
19 14 -14.0000000000000000
1 15 -106.0000000000000000
4 15 -91.4000000000000057
6 15 -106.5000000000000000
7 15 -106.5999999999999943
10 15 -102.5999999999999943
13 15 -1141.3000000000001819
14 15 100.0000000000000000
15 15 118655.9700000000011642
16 15 172155.8699999999953434
17 15 -234925.8999999999941792
18 15 -82372.2890100000076927
19 15 -21760.0000000000000000
55 15 -106.0000000000000000
61 15 -106.2000000000000028
63 15 -101.0000000000000000
112 15 -106.0000000000000000
1 16 -126.0000000000000000
4 16 -99.2999999999999972
6 16 -138.5000000000000000
7 16 -141.0000000000000000
10 16 -190.0000000000000000
13 16 -1652.2999999999999545
14 16 130.5000000000000000
15 16 172155.8699999999953434
16 16 262766.9899999999906868
17 16 -306184.9000000000232831
18 16 -299826.1245499999495223
19 16 -35827.0000000000000000
55 16 -136.0000000000000000
61 16 -245.0000000000000000
63 16 -150.0000000000000000
112 16 -150.0000000000000000
1 17 339.0000000000000000
4 17 83.0000000000000000
6 17 61.0000000000000000
7 17 68.0000000000000000
10 17 12.0000000000000000
13 17 2202.0000000000000000
14 17 -101.0000000000000000
15 17 -234925.8999999999941792
16 17 -306184.9000000000232831
17 17 1489450.0000000000000000
18 17 -875920.1683000000193715
19 17 2614.0000000000000000
55 17 367.0000000000000000
61 17 6.0000000000000000
112 17 65.0000000000000000
1 18 -447.5097999999999843
4 18 -18.2399999999999984
6 18 -275.1899000000000228
7 18 -301.1598999999999933
10 18 985.6399000000000115
13 18 868.8105000000000473
15 18 -82372.2890100000076927
16 18 -299826.1245499999495223
17 18 -875920.1683000000193715
18 18 4088072.1801221896894276
19 18 200563.9899999999906868
55 18 -429.7898000000000138
61 18 1101.0897999999999683
63 18 1020.0000000000000000
112 18 -286.4700000000000273
10 19 100.0000000000000000
13 19 214.0000000000000000
14 19 -14.0000000000000000
15 19 -21760.0000000000000000
16 19 -35827.0000000000000000
17 19 2614.0000000000000000
18 19 200563.9899999999906868
19 19 20197.0000000000000000
63 19 100.0000000000000000
1 20 1.0000000000000000
4 20 1.0000000000000000
6 20 1.0000000000000000
7 20 1.0000000000000000
10 20 1.0000000000000000
20 20 11.0000000000000000
21 20 -1.0000000000000000
22 20 -1132.1999999999998181
23 20 -1527.7999999999999545
24 20 2202.0000000000000000
25 20 1433.9302000000002408
26 20 212.0000000000000000
55 20 1.0000000000000000
61 20 1.0000000000000000
63 20 1.0000000000000000
112 20 1.0000000000000000
20 21 -1.0000000000000000
21 21 1.0000000000000000
22 21 102.7000000000000028
23 21 136.1999999999999886
24 21 -101.0000000000000000
26 21 -12.0000000000000000
1 22 -105.0000000000000000
4 22 -89.7000000000000028
6 22 -105.2999999999999972
7 22 -105.2000000000000028
10 22 -102.0000000000000000
20 22 -1132.1999999999998181
21 22 102.7000000000000028
22 22 116761.8999999999941792
23 22 157918.1400000000139698
24 22 -231959.6999999999825377
25 22 -141730.8077600000251550
26 22 -21492.4000000000014552
55 22 -104.2999999999999972
61 22 -105.4000000000000057
63 22 -100.5999999999999943
112 22 -104.7000000000000028
1 23 -114.0000000000000000
4 23 -97.0000000000000000
6 23 -131.8000000000000114
7 23 -134.0000000000000000
10 23 -158.0000000000000000
20 23 -1527.7999999999999545
21 23 136.1999999999999886
22 23 157918.1400000000139698
23 23 221604.0199999999895226
24 23 -288845.0000000000000000
25 23 -317263.8334000000031665
26 23 -30434.4000000000014552
55 23 -124.5000000000000000
61 23 -218.0000000000000000
63 23 -130.0000000000000000
112 23 -145.3000000000000114
1 24 339.0000000000000000
4 24 83.0000000000000000
6 24 61.0000000000000000
7 24 68.0000000000000000
10 24 12.0000000000000000
20 24 2202.0000000000000000
21 24 -101.0000000000000000
22 24 -231959.6999999999825377
23 24 -288845.0000000000000000
24 24 1489450.0000000000000000
25 24 -774507.7872999999672174
26 24 2412.0000000000000000
55 24 367.0000000000000000
61 24 6.0000000000000000
112 24 65.0000000000000000
1 25 -397.3999000000000024
4 25 39.9299999999999997
6 25 -219.0099999999999909
7 25 -245.3700000000000045
10 25 1053.9199000000000979
20 25 1433.9302000000002408
22 25 -141730.8077600000251550
23 25 -317263.8334000000031665
24 25 -774507.7872999999672174
25 25 4305830.4565160609781742
26 25 213491.9899999999906868
55 25 -386.0000000000000000
61 25 1170.2000000000000455
63 25 1081.0000000000000000
112 25 -230.5399999999999920
10 26 100.0000000000000000
20 26 212.0000000000000000
21 26 -12.0000000000000000
22 26 -21492.4000000000014552
23 26 -30434.4000000000014552
24 26 2412.0000000000000000
25 26 213491.9899999999906868
26 26 20145.0000000000000000
63 26 100.0000000000000000
1 27 1.0000000000000000
4 27 1.0000000000000000
6 27 1.0000000000000000
7 27 1.0000000000000000
10 27 1.0000000000000000
27 27 11.0000000000000000
28 27 -1.0000000000000000
29 27 -1155.8999999999998636
30 27 -1736.2999999999999545
31 27 2192.0000000000000000
32 27 2715.2401999999997315
55 27 1.0000000000000000
61 27 1.0000000000000000
63 27 1.0000000000000000
112 27 1.0000000000000000
27 28 -1.0000000000000000
28 28 2.0000000000000000
29 28 104.5999999999999943
30 28 147.3000000000000114
31 28 -101.0000000000000000
1 29 -107.0000000000000000
4 29 -92.5000000000000000
6 29 -107.2999999999999972
7 29 -107.4000000000000057
10 29 -102.9000000000000057
27 29 -1155.8999999999998636
28 29 104.5999999999999943
29 29 121685.2099999999918509
30 29 182974.0700000000069849
31 29 -236653.4999999999708962
32 29 -276005.6701900000334717
55 29 -107.7999999999999972
61 29 -106.5000000000000000
63 29 -102.7999999999999972
112 29 -107.0999999999999943
1 30 -131.0000000000000000
4 30 -100.7000000000000028
6 30 -141.0000000000000000
7 30 -146.0000000000000000
10 30 -203.0000000000000000
27 30 -1736.2999999999999545
28 30 147.3000000000000114
29 30 182974.0700000000069849
30 30 290643.2700000000186265
31 30 -314998.7000000000116415
32 30 -635808.4917300001252443
55 30 -139.3000000000000114
61 30 -255.0000000000000000
63 30 -170.0000000000000000
112 30 -153.0000000000000000
1 31 339.0000000000000000
4 31 83.0000000000000000
6 31 61.0000000000000000
7 31 68.0000000000000000
10 31 12.0000000000000000
27 31 2192.0000000000000000
28 31 -101.0000000000000000
29 31 -236653.4999999999708962
30 31 -314998.7000000000116415
31 31 1477998.0000000000000000
32 31 -533632.1721999999135733
55 31 351.0000000000000000
61 31 6.0000000000000000
63 31 6.0000000000000000
112 31 65.0000000000000000
1 32 -287.1499000000000024
4 32 167.9099999999999966
6 32 -95.4200000000000017
7 32 -122.6299999999999955
10 32 1204.1198999999999160
27 32 2715.2401999999997315
29 32 -276005.6701900000334717
30 32 -635808.4917300001252443
31 32 -533632.1721999999135733
32 32 5058310.8592820409685373
55 32 -273.3899000000000115
61 32 1322.2300000000000182
63 32 1237.0000000000000000
112 32 -107.5000000000000000
1 33 1.0000000000000000
2 33 1.0000000000000000
3 33 1.0000000000000000
5 33 1.0000000000000000
6 33 1.0000000000000000
7 33 1.0000000000000000
8 33 1.0000000000000000
9 33 1.1235999999999999
10 33 1.0000000000000000
11 33 1.0000000000000000
12 33 1.0000000000000000
33 33 15.0000000000000000
34 33 -1.0000000000000000
35 33 166.1299999999999955
36 33 -813.1900000000001683
39 33 1.0000000000000000
40 33 2698.0000000000000000
41 33 782.7000000000000455
42 33 -968.7999999999999545
43 33 -1409.2000000000000455
66 33 1.0000000000000000
96 33 61.0000000000000000
113 33 18.3999999999999986
117 33 1.0000000000000000
33 34 -1.0000000000000000
34 34 3.0000000000000000
35 34 7.1500000000000004
36 34 -0.9100000000000000
39 34 -1.0000000000000000
40 34 -131.0000000000000000
41 34 -50.0000000000000000
42 34 50.0000000000000000
43 34 90.0000000000000000
90 34 -1.0000000000000000
1 35 9.6199999999999992
2 35 31.1999999999999993
3 35 23.1999999999999993
5 35 16.0500000000000007
6 35 4.4000000000000004
7 35 5.5000000000000000
8 35 20.8999999999999986
9 35 5.3932799999999999
10 35 -5.0000000000000000
11 35 8.2599999999999998
12 35 14.0000000000000000
33 35 166.1299999999999955
34 35 7.1500000000000004
35 35 3544.0494999999996253
36 35 -11168.1205000000009022
37 35 1.3000000000000000
39 35 -7.1500000000000004
40 35 27965.0800000000017462
41 35 10316.2920000000012806
42 35 -13036.1169999999983702
43 35 -15716.0999999999985448
66 35 8.0000000000000000
96 35 1274.8999999999998636
113 35 227.3100000000000023
117 35 26.5000000000000000
1 36 -80.0000000000000000
2 36 -68.0000000000000000
3 36 -63.7000000000000028
5 36 -54.6000000000000014
6 36 -70.7000000000000028
7 36 -75.2000000000000028
8 36 -78.2000000000000028
9 36 -43.4833199999999991
10 36 -23.3999999999999986
11 36 -42.3999999999999986
12 36 -39.8999999999999986
33 36 -813.1900000000001683
34 36 -0.9100000000000000
35 36 -11168.1205000000009022
36 36 83651.5181000000011409
37 36 3517.9849999999996726
38 36 69930.0000000000000000
39 36 675.9099999999999682
40 36 -178916.3899999999848660
41 36 -46794.3800000000046566
42 36 59420.2700000000040745
43 36 78105.6400000000139698
66 36 -28.1000000000000014
96 36 -4770.1999999999998181
113 36 -1004.5400000000000773
117 36 -71.2000000000000028
35 37 1.3000000000000000
36 37 3517.9849999999996726
37 37 401.3613500000000158
38 37 7925.0807999999997264
39 37 75.7360000000000042
36 38 69930.0000000000000000
37 38 7925.0807999999997264
38 38 164582.1999999999825377
39 38 1554.0000000000000000
33 39 1.0000000000000000
34 39 -1.0000000000000000
35 39 -7.1500000000000004
36 39 675.9099999999999682
37 39 75.7360000000000042
38 39 1554.0000000000000000
39 39 16.0000000000000000
40 39 131.0000000000000000
41 39 50.0000000000000000
42 39 -50.0000000000000000
43 39 -90.0000000000000000
1 40 339.0000000000000000
2 40 218.0000000000000000
3 40 171.0000000000000000
5 40 169.0000000000000000
6 40 61.0000000000000000
7 40 68.0000000000000000
8 40 65.0000000000000000
9 40 22.4719999999999978
10 40 12.0000000000000000
11 40 115.0000000000000000
12 40 6.0000000000000000
33 40 2698.0000000000000000
34 40 -131.0000000000000000
35 40 27965.0800000000017462
36 40 -178916.3899999999848660
39 40 131.0000000000000000
40 40 1506968.0000000000000000
41 40 227805.0999999999767169
42 40 -242179.9000000000232831
43 40 -267302.7000000000116415
66 40 176.0000000000000000
96 40 3965.0000000000000000
113 40 3584.1999999999998181
117 40 47.0000000000000000
1 41 100.0000000000000000
2 41 95.0000000000000000
3 41 76.5000000000000000
5 41 94.2000000000000028
6 41 33.5000000000000000
7 41 32.0000000000000000
8 41 43.0000000000000000
9 41 8.9887999999999995
11 41 53.2000000000000028
33 41 782.7000000000000455
34 41 -50.0000000000000000
35 41 10316.2920000000012806
36 41 -46794.3800000000046566
39 41 50.0000000000000000
40 41 227805.0999999999767169
41 41 59349.2700000000040745
42 41 -66619.5800000000017462
43 41 -77410.2500000000000000
66 41 75.7999999999999972
96 41 2623.0000000000000000
113 41 1056.3399999999999181
117 41 21.5000000000000000
1 42 -100.0000000000000000
2 42 -97.0000000000000000
3 42 -87.7000000000000028
5 42 -96.5000000000000000
6 42 -71.2999999999999972
7 42 -63.0000000000000000
8 42 -80.0000000000000000
9 42 -14.6067999999999998
11 42 -63.2000000000000028
33 42 -968.7999999999999545
34 42 50.0000000000000000
35 42 -13036.1169999999983702
36 42 59420.2700000000040745
39 42 -50.0000000000000000
40 42 -242179.9000000000232831
41 42 -66619.5800000000017462
42 42 79624.8000000000029104
43 42 95899.3899999999994179
66 42 -85.2999999999999972
96 42 -4880.0000000000000000
113 42 -1269.0899999999999181
117 42 -61.7999999999999972
1 43 -100.0000000000000000
2 43 -100.0000000000000000
3 43 -99.7000000000000028
5 43 -100.0000000000000000
6 43 -100.0000000000000000
7 43 -100.0000000000000000
8 43 -100.0000000000000000
9 43 -94.9441999999999950
10 43 -100.0000000000000000
11 43 -96.0000000000000000
12 43 -39.0000000000000000
33 43 -1409.2000000000000455
34 43 90.0000000000000000
35 43 -15716.0999999999985448
36 43 78105.6400000000139698
39 43 -90.0000000000000000
40 43 -267302.7000000000116415
41 43 -77410.2500000000000000
42 43 95899.3899999999994179
43 43 135918.3399999999965075
66 43 -100.0000000000000000
96 43 -6100.0000000000000000
113 43 -1733.2000000000000455
117 43 -100.0000000000000000
2 44 1.0000000000000000
3 44 1.0000000000000000
4 44 1.0000000000000000
5 44 1.0000000000000000
8 44 1.0000000000000000
9 44 1.0989000000000000
11 44 1.0000000000000000
12 44 1.0000000000000000
44 44 12.0000000000000000
45 44 -1.0000000000000000
46 44 65.5850000000000080
47 44 -685.5200000000000955
50 44 1.0000000000000000
51 44 2379.0000000000000000
52 44 826.5000000000000000
53 44 -920.0000000000000000
54 44 -1161.5000000000000000
111 44 1.0000000000000000
115 44 12.9000000000000004
117 44 1.0000000000000000
11 45 -1.0000000000000000
44 45 -1.0000000000000000
45 45 3.0000000000000000
46 45 6.3250000000000002
47 45 -2.2799999999999998
50 45 -1.0000000000000000
51 45 -140.0000000000000000
52 45 -50.0000000000000000
53 45 50.0000000000000000
54 45 90.0000000000000000
2 46 17.5500000000000007
3 46 12.6999999999999993
4 46 11.8000000000000007
5 46 0.3000000000000000
8 46 10.4000000000000004
9 46 6.4835099999999999
11 46 -6.4400000000000004
12 46 -0.7000000000000000
44 46 65.5850000000000080
45 46 6.3250000000000002
46 46 1330.8142249999998512
47 46 -4988.9450000000006185
48 46 1.1499999999999999
50 46 -6.3250000000000002
51 46 1339.7999999999997272
52 46 5350.0920000000005530
53 46 -6250.3249999999998181
54 46 -6610.4219999999995707
111 46 12.1999999999999993
115 46 77.6290000000000049
117 46 16.0000000000000000
2 47 -68.0000000000000000
3 47 -63.7000000000000028
4 47 -64.2000000000000028
5 47 -54.6000000000000014
8 47 -78.2000000000000028
9 47 -63.0768599999999964
11 47 -42.3999999999999986
12 47 -39.8999999999999986
44 47 -685.5200000000000955
45 47 -2.2799999999999998
46 47 -4988.9450000000006185
47 47 135960.1383999999961816
48 47 6444.4449999999987995
49 47 37800.0000000000000000
50 47 1502.2799999999999727
51 47 -159333.7000000000116415
52 47 -51144.8899999999994179
53 47 57248.2800000000061118
54 47 67349.3999999999941792
111 47 -68.2000000000000028
115 47 -792.4200000000000728
117 47 -71.2000000000000028
46 48 1.1499999999999999
47 48 6444.4449999999987995
48 48 643.0201539999999341
49 48 3838.7916000000000167
50 48 105.3339999999999890
47 49 37800.0000000000000000
48 49 3838.7916000000000167
49 49 23814.9999999999963620
50 49 629.9999999999998863
44 50 1.0000000000000000
45 50 -1.0000000000000000
46 50 -6.3250000000000002
47 50 1502.2799999999999727
48 50 105.3339999999999890
49 50 629.9999999999998863
50 50 26.0000000000000000
51 50 140.0000000000000000
52 50 50.0000000000000000
53 50 -50.0000000000000000
54 50 -90.0000000000000000
2 51 218.0000000000000000
3 51 171.0000000000000000
4 51 83.0000000000000000
5 51 169.0000000000000000
8 51 65.0000000000000000
9 51 24.1757999999999988
11 51 115.0000000000000000
12 51 6.0000000000000000
44 51 2379.0000000000000000
45 51 -140.0000000000000000
46 51 1339.7999999999997272
47 51 -159333.7000000000116415
50 51 140.0000000000000000
51 51 1421043.0000000000000000
52 51 214170.7000000000116415
53 51 -221374.1000000000058208
54 51 -236216.2999999999883585
111 51 243.0000000000000000
115 51 2767.3000000000001819
117 51 47.0000000000000000
2 52 97.0000000000000000
3 52 87.7000000000000028
4 52 83.5000000000000000
5 52 96.5000000000000000
8 52 80.0000000000000000
9 52 17.5823999999999998
11 52 63.2000000000000028
44 52 826.5000000000000000
45 52 -50.0000000000000000
46 52 5350.0920000000005530
47 52 -51144.8899999999994179
50 52 50.0000000000000000
51 52 214170.7000000000116415
52 52 68599.9100000000034925
53 52 -74513.3599999999860302
54 52 -82051.0400000000081491
111 52 90.7999999999999972
115 52 909.1299999999998818
117 52 61.7999999999999972
2 53 -98.5000000000000000
3 53 -93.0000000000000000
4 53 -94.4000000000000057
5 53 -98.0000000000000000
8 53 -98.0000000000000000
9 53 -36.7032600000000002
11 53 -73.0000000000000000
44 53 -920.0000000000000000
45 53 50.0000000000000000
46 53 -6250.3249999999998181
47 53 57248.2800000000061118
50 53 -50.0000000000000000
51 53 -221374.1000000000058208
52 53 -74513.3599999999860302
53 53 81953.2599999999947613
54 53 91311.1000000000058208
111 53 -94.7000000000000028
115 53 -1007.7499999999998863
117 53 -87.0000000000000000
2 54 -100.0000000000000000
3 54 -100.0000000000000000
4 54 -100.0000000000000000
5 54 -100.0000000000000000
8 54 -100.0000000000000000
9 54 -104.3954999999999984
11 54 -99.7000000000000028
12 54 -76.7999999999999972
44 54 -1161.5000000000000000
45 54 90.0000000000000000
46 54 -6610.4219999999995707
47 54 67349.3999999999941792
50 54 -90.0000000000000000
51 54 -236216.2999999999883585
52 54 -82051.0400000000081491
53 54 91311.1000000000058208
54 54 112964.3300000000017462
111 54 -100.0000000000000000
115 54 -1252.0999999999999091
117 54 -100.0000000000000000
13 55 1.0000000000000000
15 55 -106.0000000000000000
16 55 -136.0000000000000000
17 55 367.0000000000000000
18 55 -429.7898000000000138
20 55 1.0000000000000000
22 55 -104.2999999999999972
23 55 -124.5000000000000000
24 55 367.0000000000000000
25 55 -386.0000000000000000
27 55 1.0000000000000000
29 55 -107.7999999999999972
30 55 -139.3000000000000114
31 55 351.0000000000000000
32 55 -273.3899000000000115
55 55 7.0000000000000000
68 55 1.0000000000000000
70 55 -106.0000000000000000
71 55 -130.0000000000000000
72 55 346.0000000000000000
73 55 -440.6999999999999886
74 55 -100.0000000000000000
76 55 1.0000000000000000
78 55 -104.2999999999999972
79 55 -120.0000000000000000
80 55 346.0000000000000000
81 55 -390.6098999999999819
83 55 1.0000000000000000
85 55 -106.7999999999999972
86 55 -135.0000000000000000
87 55 346.0000000000000000
88 55 -280.4098999999999933
89 55 1.0000000000000000
91 55 8.4499999999999993
92 55 -63.2000000000000028
96 55 346.0000000000000000
97 55 100.0000000000000000
98 55 -100.0000000000000000
99 55 -100.0000000000000000
114 55 1.3000000000000000
56 56 3.0000000000000000
89 56 1.0000000000000000
91 56 34.4500000000000028
92 56 -80.2000000000000028
96 56 271.0000000000000000
97 56 100.0000000000000000
98 56 -100.0000000000000000
99 56 -100.0000000000000000
100 56 1.0000000000000000
102 56 20.8000000000000007
103 56 -80.2000000000000028
107 56 271.0000000000000000
108 56 100.0000000000000000
109 56 -100.0000000000000000
110 56 -100.0000000000000000
114 56 1.3000000000000000
116 56 1.3000000000000000
57 57 6.0000000000000000
68 57 1.0000000000000000
70 57 -99.5000000000000000
71 57 -100.0000000000000000
72 57 114.0000000000000000
73 57 -278.4700000000000273
74 57 -88.9599999999999937
76 57 1.0000000000000000
78 57 -98.0999999999999943
79 57 -83.0000000000000000
80 57 114.0000000000000000
81 57 -224.8499999999999943
83 57 1.0000000000000000
85 57 -100.4000000000000057
86 57 -109.0000000000000000
87 57 114.0000000000000000
88 57 -106.8799999999999955
89 57 1.0000000000000000
91 57 20.5000000000000000
92 57 -70.0000000000000000
96 57 114.0000000000000000
97 57 100.0000000000000000
98 57 -100.0000000000000000
99 57 -100.0000000000000000
100 57 1.0000000000000000
102 57 10.0000000000000000
103 57 -70.0000000000000000
107 57 114.0000000000000000
108 57 100.0000000000000000
109 57 -100.0000000000000000
110 57 -100.0000000000000000
114 57 1.0000000000000000
116 57 1.0000000000000000
58 58 5.0000000000000000
68 58 1.0000000000000000
70 58 -89.0000000000000000
71 58 -92.0000000000000000
72 58 32.0000000000000000
73 58 50.3599999999999994
76 58 1.0000000000000000
78 58 -87.0000000000000000
79 58 -75.0000000000000000
80 58 32.0000000000000000
81 58 110.2900000000000063
83 58 1.0000000000000000
85 58 -89.5000000000000000
86 58 -101.0000000000000000
87 58 32.0000000000000000
88 58 242.1299999999999955
100 58 1.0000000000000000
102 58 14.0000000000000000
103 58 -61.2000000000000028
107 58 32.0000000000000000
108 58 94.0000000000000000
109 58 -100.0000000000000000
110 58 -100.0000000000000000
116 58 1.0000000000000000
59 59 2.0000000000000000
89 59 1.0000000000000000
91 59 18.7500000000000000
92 59 -59.2999999999999972
96 59 195.0000000000000000
97 59 100.0000000000000000
98 59 -100.0000000000000000
99 59 -100.0000000000000000
100 59 1.0000000000000000
102 59 3.0000000000000000
103 59 -59.2999999999999972
107 59 195.0000000000000000
108 59 100.0000000000000000
109 59 -100.0000000000000000
110 59 -100.0000000000000000
114 59 1.5000000000000000
116 59 1.5000000000000000
60 60 4.0000000000000000
68 60 1.0000000000000000
70 60 -106.0000000000000000
71 60 -147.0000000000000000
72 60 67.0000000000000000
73 60 -303.5898000000000252
74 60 -14.6899999999999995
76 60 1.0000000000000000
78 60 -104.5000000000000000
79 60 -137.0000000000000000
80 60 67.0000000000000000
81 60 -247.7400000000000091
83 60 1.0000000000000000
85 60 -106.7999999999999972
86 60 -151.5000000000000000
87 60 67.0000000000000000
88 60 -124.8799999999999955
89 60 1.0000000000000000
91 60 4.7999999999999998
92 60 -71.2999999999999972
96 60 67.0000000000000000
97 60 37.0000000000000000
98 60 -61.2000000000000028
99 60 -100.0000000000000000
114 60 1.0000000000000000
13 61 1.0000000000000000
15 61 -106.2000000000000028
16 61 -245.0000000000000000
17 61 6.0000000000000000
18 61 1101.0897999999999683
20 61 1.0000000000000000
22 61 -105.4000000000000057
23 61 -218.0000000000000000
24 61 6.0000000000000000
25 61 1170.2000000000000455
27 61 1.0000000000000000
29 61 -106.5000000000000000
30 61 -255.0000000000000000
31 61 6.0000000000000000
32 61 1322.2300000000000182
61 61 7.0000000000000000
68 61 1.0000000000000000
70 61 -104.0000000000000000
71 61 -200.0000000000000000
72 61 6.0000000000000000
73 61 1101.0897999999999683
76 61 1.0000000000000000
78 61 -103.5000000000000000
79 61 -190.0000000000000000
80 61 6.0000000000000000
81 61 1170.2000000000000455
83 61 1.0000000000000000
85 61 -104.2000000000000028
86 61 -205.0000000000000000
87 61 6.0000000000000000
88 61 1322.2300000000000182
89 61 1.0000000000000000
91 61 -31.0500000000000007
92 61 -5.2000000000000002
96 61 6.0000000000000000
98 61 -55.0000000000000000
99 61 -100.0000000000000000
114 61 2.7000000000000002
62 62 3.0000000000000000
89 62 1.0000000000000000
91 62 22.1000000000000014
92 62 -68.2000000000000028
96 62 32.0000000000000000
97 62 23.3000000000000007
98 62 -70.0000000000000000
99 62 -100.0000000000000000
100 62 1.0000000000000000
102 62 11.5999999999999996
103 62 -68.2000000000000028
107 62 32.0000000000000000
108 62 70.0000000000000000
109 62 -95.0000000000000000
110 62 -100.0000000000000000
114 62 1.0000000000000000
116 62 1.0000000000000000
13 63 1.0000000000000000
15 63 -101.0000000000000000
16 63 -150.0000000000000000
18 63 1020.0000000000000000
19 63 100.0000000000000000
20 63 1.0000000000000000
22 63 -100.5999999999999943
23 63 -130.0000000000000000
25 63 1081.0000000000000000
26 63 100.0000000000000000
27 63 1.0000000000000000
29 63 -102.7999999999999972
30 63 -170.0000000000000000
31 63 6.0000000000000000
32 63 1237.0000000000000000
63 63 7.0000000000000000
68 63 1.0000000000000000
70 63 -101.0000000000000000
71 63 -170.0000000000000000
73 63 982.3097999999999956
75 63 100.0000000000000000
76 63 1.0000000000000000
78 63 -100.5999999999999943
79 63 -165.0000000000000000
81 63 1050.3397999999999683
82 63 100.0000000000000000
83 63 1.0000000000000000
85 63 -101.7999999999999972
86 63 -173.0000000000000000
88 63 1200.0000000000000000
89 63 1.0000000000000000
91 63 -17.5500000000000007
92 63 -28.8000000000000007
99 63 -100.0000000000000000
114 63 2.7000000000000002
64 64 1.0000000000000000
89 64 1.0000000000000000
91 64 -22.9499999999999993
96 64 5.0000000000000000
99 64 -93.0000000000000000
114 64 2.7000000000000002
65 65 2.4700581699999997
89 65 1.1235999999999999
91 65 15.9775919999999996
92 65 -58.6519199999999969
96 65 28.0899999999999999
97 65 10.4494799999999994
98 65 -20.2247999999999983
99 65 -92.1351999999999975
100 65 1.0989000000000000
102 65 8.1098819999999989
103 65 -54.0658799999999999
107 65 20.8791000000000011
108 65 17.0329499999999996
109 65 -32.7472199999999987
110 65 -103.0768199999999979
114 65 2.0224799999999998
116 65 1.9780200000000001
33 66 1.0000000000000000
35 66 8.0000000000000000
36 66 -28.1000000000000014
40 66 176.0000000000000000
41 66 75.7999999999999972
42 66 -85.2999999999999972
43 66 -100.0000000000000000
66 66 3.0000000000000000
89 66 1.0000000000000000
91 66 8.0000000000000000
92 66 -28.1000000000000014
96 66 176.0000000000000000
97 66 75.7999999999999972
98 66 -85.2999999999999972
99 66 -100.0000000000000000
100 66 1.0000000000000000
102 66 -25.6000000000000014
103 66 -28.1000000000000014
107 66 176.0000000000000000
108 66 85.2999999999999972
109 66 -92.7999999999999972
110 66 -100.0000000000000000
113 66 3.2000000000000002
114 66 3.2000000000000002
116 66 3.2000000000000002
67 67 2.0099999999999998
100 67 1.1000000000000001
101 67 -0.1000000000000000
102 67 -7.8250000000000002
103 67 -29.9409999999999989
106 67 0.1000000000000000
107 67 20.0000000000000000
108 67 7.2999999999999998
109 67 -15.0000000000000000
110 67 -91.0000000000000000
116 67 1.3999999999999999
55 68 1.0000000000000000
57 68 1.0000000000000000
58 68 1.0000000000000000
60 68 1.0000000000000000
61 68 1.0000000000000000
63 68 1.0000000000000000
68 68 8.0000000000000000
69 68 -1.0000000000000000
70 68 -814.5000000000000000
71 68 -1115.5000000000000000
72 68 1766.0000000000000000
73 68 631.4399999999998272
74 68 -348.6499999999999773
75 68 113.0000000000000000
68 69 -1.0000000000000000
69 69 1.0000000000000000
70 69 100.0000000000000000
71 69 130.5000000000000000
72 69 -101.0000000000000000
74 69 45.0000000000000000
75 69 -13.0000000000000000
55 70 -106.0000000000000000
57 70 -99.5000000000000000
58 70 -89.0000000000000000
60 70 -106.0000000000000000
61 70 -104.0000000000000000
63 70 -101.0000000000000000
68 70 -814.5000000000000000
69 70 100.0000000000000000
70 70 83192.2500000000000000
71 70 114434.0000000000000000
72 70 -188593.0000000000000000
73 70 -59334.1669999999940046
74 70 36408.6599999999962165
75 70 -11400.0000000000000000
55 71 -130.0000000000000000
57 71 -100.0000000000000000
58 71 -92.0000000000000000
60 71 -147.0000000000000000
61 71 -200.0000000000000000
63 71 -170.0000000000000000
68 71 -1115.5000000000000000
69 71 130.5000000000000000
70 71 114434.0000000000000000
71 71 164219.2500000000000000
72 71 -244153.5000000000000000
73 71 -192062.3145999999833293
74 71 44527.9300000000002910
75 71 -18696.5000000000000000
55 72 346.0000000000000000
57 72 114.0000000000000000
58 72 32.0000000000000000
60 72 67.0000000000000000
61 72 6.0000000000000000
68 72 1766.0000000000000000
69 72 -101.0000000000000000
70 72 -188593.0000000000000000
71 72 -244153.5000000000000000
72 72 1358462.0000000000000000
73 72 -723866.0178000000305474
74 72 -160270.6700000000128057
75 72 1313.0000000000000000
55 73 -440.6999999999999886
57 73 -278.4700000000000273
58 73 50.3599999999999994
60 73 -303.5898000000000252
61 73 1101.0897999999999683
63 73 982.3097999999999956
68 73 631.4399999999998272
70 73 -59334.1669999999940046
71 73 -192062.3145999999833293
72 73 -723866.0178000000305474
73 73 2773774.8197801602073014
74 73 121258.4053620000049705
75 73 98230.9799999999959255
55 74 -100.0000000000000000
57 74 -88.9599999999999937
60 74 -14.6899999999999995
68 74 -348.6499999999999773
69 74 45.0000000000000000
70 74 36408.6599999999962165
71 74 44527.9300000000002910
72 74 -160270.6700000000128057
73 74 121258.4053620000049705
74 74 30155.6777000000001863
75 74 -585.0000000000000000
63 75 100.0000000000000000
68 75 113.0000000000000000
69 75 -13.0000000000000000
70 75 -11400.0000000000000000
71 75 -18696.5000000000000000
72 75 1313.0000000000000000
73 75 98230.9799999999959255
74 75 -585.0000000000000000
75 75 10170.0000000000000000
55 76 1.0000000000000000
57 76 1.0000000000000000
58 76 1.0000000000000000
60 76 1.0000000000000000
61 76 1.0000000000000000
63 76 1.0000000000000000
76 76 8.0000000000000000
77 76 -1.0000000000000000
78 76 -808.0000000000000000
79 76 -1045.2000000000000455
80 76 1766.0000000000000000
81 76 1034.8300999999999021
82 76 111.0000000000000000
76 77 -1.0000000000000000
77 77 1.0000000000000000
78 77 102.7000000000000028
79 77 136.1999999999999886
80 77 -101.0000000000000000
82 77 -11.0000000000000000
55 78 -104.2999999999999972
57 78 -98.0999999999999943
58 78 -87.0000000000000000
60 78 -104.5000000000000000
61 78 -103.5000000000000000
63 78 -100.5999999999999943
76 78 -808.0000000000000000
77 78 102.7000000000000028
78 78 81885.5399999999935972
79 78 106666.2399999999906868
80 78 -186080.3999999999941792
81 78 -101248.4677699999883771
82 78 -11189.7000000000007276
55 79 -120.0000000000000000
57 79 -83.0000000000000000
58 79 -75.0000000000000000
60 79 -137.0000000000000000
61 79 -190.0000000000000000
63 79 -165.0000000000000000
76 79 -1045.2000000000000455
77 79 136.1999999999999886
78 79 106666.2399999999906868
79 79 146879.4400000000023283
80 79 -230357.2000000000116415
81 79 -244280.5267999999632593
82 79 -17998.2000000000007276
55 80 346.0000000000000000
57 80 114.0000000000000000
58 80 32.0000000000000000
60 80 67.0000000000000000
61 80 6.0000000000000000
76 80 1766.0000000000000000
77 80 -101.0000000000000000
78 80 -186080.3999999999941792
79 80 -230357.2000000000116415
80 80 1358462.0000000000000000
81 80 -642911.8053999999538064
82 80 1111.0000000000000000
55 81 -390.6098999999999819
57 81 -224.8499999999999943
58 81 110.2900000000000063
60 81 -247.7400000000000091
61 81 1170.2000000000000455
63 81 1050.3397999999999683
76 81 1034.8300999999999021
78 81 -101248.4677699999883771
79 81 -244280.5267999999632593
80 81 -642911.8053999999538064
81 81 2936571.0105220898985863
82 81 105033.9799999999959255
63 82 100.0000000000000000
76 82 111.0000000000000000
77 82 -11.0000000000000000
78 82 -11189.7000000000007276
79 82 -17998.2000000000007276
80 82 1111.0000000000000000
81 82 105033.9799999999959255
82 82 10122.0000000000000000
55 83 1.0000000000000000
57 83 1.0000000000000000
58 83 1.0000000000000000
60 83 1.0000000000000000
61 83 1.0000000000000000
63 83 1.0000000000000000
83 83 8.0000000000000000
84 83 -1.0000000000000000
85 83 -824.0999999999999091
86 83 -1171.7999999999999545
87 83 1766.0000000000000000
88 83 1922.2602000000001681
83 84 -1.0000000000000000
84 84 2.0000000000000000
85 84 104.5999999999999943
86 84 147.3000000000000114
87 84 -101.0000000000000000
55 85 -106.7999999999999972
57 85 -100.4000000000000057
58 85 -89.5000000000000000
60 85 -106.7999999999999972
61 85 -104.2000000000000028
63 85 -101.7999999999999972
83 85 -824.0999999999999091
84 85 104.5999999999999943
85 85 85165.9299999999930151
86 85 121461.2799999999988358
87 85 -190607.7999999999883585
88 85 -191298.9986800000187941
55 86 -135.0000000000000000
57 86 -109.0000000000000000
58 86 -101.0000000000000000
60 86 -151.5000000000000000
61 86 -205.0000000000000000
63 86 -173.0000000000000000
83 86 -1171.7999999999999545
84 86 147.3000000000000114
85 86 121461.2799999999988358
86 86 179410.5400000000081491
87 86 -253625.7999999999883585
88 86 -385198.2185000000754371
55 87 346.0000000000000000
57 87 114.0000000000000000
58 87 32.0000000000000000
60 87 67.0000000000000000
61 87 6.0000000000000000
83 87 1766.0000000000000000
84 87 -101.0000000000000000
85 87 -190607.7999999999883585
86 87 -253625.7999999999883585
87 87 1358462.0000000000000000
88 87 -464814.4553999999770895
55 88 -280.4098999999999933
57 88 -106.8799999999999955
58 88 242.1299999999999955
60 88 -124.8799999999999955
61 88 1322.2300000000000182
63 88 1200.0000000000000000
83 88 1922.2602000000001681
85 88 -191298.9986800000187941
86 88 -385198.2185000000754371
87 88 -464814.4553999999770895
88 88 3461421.9095320203341544
55 89 1.0000000000000000
56 89 1.0000000000000000
57 89 1.0000000000000000
59 89 1.0000000000000000
60 89 1.0000000000000000
61 89 1.0000000000000000
62 89 1.0000000000000000
63 89 1.0000000000000000
64 89 1.0000000000000000
65 89 1.1235999999999999
66 89 1.0000000000000000
89 89 13.0000000000000000
90 89 -1.0000000000000000
91 89 54.5700000000000074
92 89 -606.7000000000000455
95 89 1.0000000000000000
96 89 2468.0000000000000000
97 89 695.4000000000000909
98 89 -839.5000000000000000
99 89 -1265.0000000000000000
114 89 21.5000000000000000
34 90 -1.0000000000000000
89 90 -1.0000000000000000
90 90 3.0000000000000000
91 90 11.0000000000000000
92 90 -2.0000000000000000
95 90 -1.0000000000000000
96 90 -131.0000000000000000
97 90 -50.0000000000000000
98 90 50.0000000000000000
99 90 90.0000000000000000
55 91 8.4499999999999993
56 91 34.4500000000000028
57 91 20.5000000000000000
59 91 18.7500000000000000
60 91 4.7999999999999998
61 91 -31.0500000000000007
62 91 22.1000000000000014
63 91 -17.5500000000000007
64 91 -22.9499999999999993
65 91 15.9775919999999996
66 91 8.0000000000000000
89 91 54.5700000000000074
90 91 11.0000000000000000
91 91 4795.9559000000008382
92 91 -8496.3190000000013242
93 91 2.0000000000000000
95 91 -11.0000000000000000
96 91 25738.1500000000014552
97 91 9681.1759999999994761
98 91 -9321.3700000000008004
99 91 -5471.6900000000005093
114 91 2.4110000000000014
55 92 -63.2000000000000028
56 92 -80.2000000000000028
57 92 -70.0000000000000000
59 92 -59.2999999999999972
60 92 -71.2999999999999972
61 92 -5.2000000000000002
62 92 -68.2000000000000028
63 92 -28.8000000000000007
65 92 -58.6519199999999969
66 92 -28.1000000000000014
89 92 -606.7000000000000455
90 92 -2.0000000000000000
91 92 -8496.3190000000013242
92 92 91584.4699999999866122
93 92 3282.0500000000001819
94 92 47250.0000000000000000
95 92 1127.0000000000000000
96 92 -166544.2000000000116415
97 92 -42232.5999999999985448
98 92 48150.0899999999965075
99 92 59750.4000000000014552
114 92 -867.4100000000000819
91 93 2.0000000000000000
92 93 3282.0500000000001819
93 93 280.3760999999999513
94 93 4147.0799999999999272
95 93 70.5700000000000074
92 94 47250.0000000000000000
93 94 4147.0799999999999272
94 94 66151.0000000000000000
95 94 1050.0000000000000000
89 95 1.0000000000000000
90 95 -1.0000000000000000
91 95 -11.0000000000000000
92 95 1127.0000000000000000
93 95 70.5700000000000074
94 95 1050.0000000000000000
95 95 26.0000000000000000
96 95 131.0000000000000000
97 95 50.0000000000000000
98 95 -50.0000000000000000
99 95 -90.0000000000000000
8 96 61.0000000000000000
33 96 61.0000000000000000
35 96 1274.8999999999998636
36 96 -4770.1999999999998181
40 96 3965.0000000000000000
41 96 2623.0000000000000000
42 96 -4880.0000000000000000
43 96 -6100.0000000000000000
55 96 346.0000000000000000
56 96 271.0000000000000000
57 96 114.0000000000000000
59 96 195.0000000000000000
60 96 67.0000000000000000
61 96 6.0000000000000000
62 96 32.0000000000000000
64 96 5.0000000000000000
65 96 28.0899999999999999
66 96 176.0000000000000000
89 96 2468.0000000000000000
90 96 -131.0000000000000000
91 96 25738.1500000000014552
92 96 -166544.2000000000116415
95 96 131.0000000000000000
96 96 1512235.0000000000000000
97 96 225947.8999999999941792
98 96 -231283.1999999999825377
99 96 -245005.0000000000000000
113 96 61.0000000000000000
114 96 3375.5000000000000000
55 97 100.0000000000000000
56 97 100.0000000000000000
57 97 100.0000000000000000
59 97 100.0000000000000000
60 97 37.0000000000000000
62 97 23.3000000000000007
65 97 10.4494799999999994
66 97 75.7999999999999972
89 97 695.4000000000000909
90 97 -50.0000000000000000
91 97 9681.1759999999994761
92 97 -42232.5999999999985448
95 97 50.0000000000000000
96 97 225947.8999999999941792
97 97 60245.0199999999967986
98 97 -63028.5400000000008731
99 97 -68872.6000000000058208
114 97 959.6000000000000227
55 98 -100.0000000000000000
56 98 -100.0000000000000000
57 98 -100.0000000000000000
59 98 -100.0000000000000000
60 98 -61.2000000000000028
61 98 -55.0000000000000000
62 98 -70.0000000000000000
65 98 -20.2247999999999983
66 98 -85.2999999999999972
89 98 -839.5000000000000000
90 98 50.0000000000000000
91 98 -9321.3700000000008004
92 98 48150.0899999999965075
95 98 -50.0000000000000000
96 98 -231283.1999999999825377
97 98 -63028.5400000000008731
98 98 71771.5299999999988358
99 98 83126.0000000000000000
114 98 -1225.0599999999999454
55 99 -100.0000000000000000
56 99 -100.0000000000000000
57 99 -100.0000000000000000
59 99 -100.0000000000000000
60 99 -100.0000000000000000
61 99 -100.0000000000000000
62 99 -100.0000000000000000
63 99 -100.0000000000000000
64 99 -93.0000000000000000
65 99 -92.1351999999999975
66 99 -100.0000000000000000
89 99 -1265.0000000000000000
90 99 90.0000000000000000
91 99 -5471.6900000000005093
92 99 59750.4000000000014552
95 99 -90.0000000000000000
96 99 -245005.0000000000000000
97 99 -68872.6000000000058208
98 99 83126.0000000000000000
99 99 123474.0000000000000000
114 99 -2098.6999999999998181
56 100 1.0000000000000000
57 100 1.0000000000000000
58 100 1.0000000000000000
59 100 1.0000000000000000
62 100 1.0000000000000000
65 100 1.0989000000000000
66 100 1.0000000000000000
67 100 1.1000000000000001
100 100 11.0000000000000000
101 100 -1.0000000000000000
102 100 30.3299999999999983
103 100 -596.0099999999999909
106 100 1.0000000000000000
107 100 2328.0000000000000000
108 100 807.8999999999999773
109 100 -872.2999999999999545
110 100 -1065.7999999999999545
111 100 1.0000000000000000
116 100 14.5000000000000000
67 101 -0.1000000000000000
100 101 -1.0000000000000000
101 101 2.0000000000000000
102 101 8.2500000000000000
103 101 -0.5900000000000000
106 101 -1.0000000000000000
107 101 -140.0000000000000000
108 101 -50.0000000000000000
109 101 50.0000000000000000
110 101 90.0000000000000000
56 102 20.8000000000000007
57 102 10.0000000000000000
58 102 14.0000000000000000
59 102 3.0000000000000000
62 102 11.5999999999999996
65 102 8.1098819999999989
66 102 -25.6000000000000014
67 102 -7.8250000000000002
100 102 30.3299999999999983
101 102 8.2500000000000000
102 102 1941.2669000000000779
103 102 -3823.4634999999993852
104 102 1.5000000000000000
106 102 -8.2500000000000000
107 102 -2996.7800000000006548
108 102 3337.8700000000003456
109 102 -3619.0840000000002874
110 102 -3195.7439999999996871
111 102 12.1999999999999993
116 102 -3.7360000000000184
56 103 -80.2000000000000028
57 103 -70.0000000000000000
58 103 -61.2000000000000028
59 103 -59.2999999999999972
62 103 -68.2000000000000028
65 103 -54.0658799999999999
66 103 -28.1000000000000014
67 103 -29.9409999999999989
100 103 -596.0099999999999909
101 103 -0.5900000000000000
102 103 -3823.4634999999993852
103 103 130013.8881000000110362
104 103 6438.1449999999995271
105 103 37800.0000000000000000
106 103 1500.5900000000001455
107 103 -158388.8999999999941792
108 103 -49088.3899999999994179
109 103 52571.8799999999973807
110 103 58761.8600000000005821
111 103 -68.2000000000000028
116 103 -788.1500000000000909
102 104 1.5000000000000000
103 104 6438.1449999999995271
104 104 641.6499939999999924
105 104 3835.3895999999999731
106 104 105.2439999999999856
103 105 37800.0000000000000000
104 105 3835.3895999999999731
105 105 23814.9999999999963620
106 105 629.9999999999998863
67 106 0.1000000000000000
100 106 1.0000000000000000
101 106 -1.0000000000000000
102 106 -8.2500000000000000
103 106 1500.5900000000001455
104 106 105.2439999999999856
105 106 629.9999999999998863
106 106 26.0000000000000000
107 106 140.0000000000000000
108 106 50.0000000000000000
109 106 -50.0000000000000000
110 106 -90.0000000000000000
56 107 271.0000000000000000
57 107 114.0000000000000000
58 107 32.0000000000000000
59 107 195.0000000000000000
62 107 32.0000000000000000
65 107 20.8791000000000011
66 107 176.0000000000000000
67 107 20.0000000000000000
100 107 2328.0000000000000000
101 107 -140.0000000000000000
102 107 -2996.7800000000006548
103 107 -158388.8999999999941792
106 107 140.0000000000000000
107 107 1446532.0000000000000000
108 107 217633.4999999999708962
109 107 -221211.1000000000058208
110 107 -231174.2000000000116415
111 107 243.0000000000000000
116 107 3101.6000000000003638
56 108 100.0000000000000000
57 108 100.0000000000000000
58 108 94.0000000000000000
59 108 100.0000000000000000
62 108 70.0000000000000000
65 108 17.0329499999999996
66 108 85.2999999999999972
67 108 7.2999999999999998
100 108 807.8999999999999773
101 108 -50.0000000000000000
102 108 3337.8700000000003456
103 108 -49088.3899999999994179
106 108 50.0000000000000000
107 108 217633.4999999999708962
108 108 72003.2700000000040745
109 108 -75549.5000000000000000
110 108 -80152.5000000000000000
111 108 90.7999999999999972
116 108 1068.8799999999998818
56 109 -100.0000000000000000
57 109 -100.0000000000000000
58 109 -100.0000000000000000
59 109 -100.0000000000000000
62 109 -95.0000000000000000
65 109 -32.7472199999999987
66 109 -92.7999999999999972
67 109 -15.0000000000000000
100 109 -872.2999999999999545
101 109 50.0000000000000000
102 109 -3619.0840000000002874
103 109 52571.8799999999973807
106 109 -50.0000000000000000
107 109 -221211.1000000000058208
108 109 -75549.5000000000000000
109 109 80093.9700000000011642
110 109 86365.2399999999906868
111 109 -94.7000000000000028
116 109 -1164.2999999999999545
56 110 -100.0000000000000000
57 110 -100.0000000000000000
58 110 -100.0000000000000000
59 110 -100.0000000000000000
62 110 -100.0000000000000000
65 110 -103.0768199999999979
66 110 -100.0000000000000000
67 110 -91.0000000000000000
100 110 -1065.7999999999999545
101 110 90.0000000000000000
102 110 -3195.7439999999996871
103 110 58761.8600000000005821
106 110 -90.0000000000000000
107 110 -231174.2000000000116415
108 110 -80152.5000000000000000
109 110 86365.2399999999906868
110 110 103623.4400000000023283
111 110 -100.0000000000000000
116 110 -1413.6399999999998727
44 111 1.0000000000000000
46 111 12.1999999999999993
47 111 -68.2000000000000028
51 111 243.0000000000000000
52 111 90.7999999999999972
53 111 -94.7000000000000028
54 111 -100.0000000000000000
100 111 1.0000000000000000
102 111 12.1999999999999993
103 111 -68.2000000000000028
107 111 243.0000000000000000
108 111 90.7999999999999972
109 111 -94.7000000000000028
110 111 -100.0000000000000000
111 111 3.0000000000000000
115 111 1.0000000000000000
116 111 1.0000000000000000
13 112 1.0000000000000000
15 112 -106.0000000000000000
16 112 -150.0000000000000000
17 112 65.0000000000000000
18 112 -286.4700000000000273
20 112 1.0000000000000000
22 112 -104.7000000000000028
23 112 -145.3000000000000114
24 112 65.0000000000000000
25 112 -230.5399999999999920
27 112 1.0000000000000000
29 112 -107.0999999999999943
30 112 -153.0000000000000000
31 112 65.0000000000000000
32 112 -107.5000000000000000
112 112 3.0000000000000000
1 113 1.3000000000000000
2 113 1.3000000000000000
3 113 1.0000000000000000
5 113 1.5000000000000000
6 113 1.0000000000000000
7 113 1.0000000000000000
8 113 1.0000000000000000
9 113 1.1235999999999999
10 113 1.0000000000000000
11 113 1.3999999999999999
12 113 1.3999999999999999
33 113 18.3999999999999986
35 113 227.3100000000000023
36 113 -1004.5400000000000773
40 113 3584.1999999999998181
41 113 1056.3399999999999181
42 113 -1269.0899999999999181
43 113 -1733.2000000000000455
66 113 3.2000000000000002
96 113 61.0000000000000000
113 113 29.4800000000000040
117 113 1.0000000000000000
55 114 1.3000000000000000
56 114 1.3000000000000000
57 114 1.0000000000000000
59 114 1.5000000000000000
60 114 1.0000000000000000
61 114 2.7000000000000002
62 114 1.0000000000000000
63 114 2.7000000000000002
64 114 2.7000000000000002
65 114 2.0224799999999998
66 114 3.2000000000000002
89 114 21.5000000000000000
91 114 2.4110000000000014
92 114 -867.4100000000000819
96 114 3375.5000000000000000
97 114 959.6000000000000227
98 114 -1225.0599999999999454
99 114 -2098.6999999999998181
114 114 46.6700000000000017
2 115 1.3000000000000000
3 115 1.0000000000000000
4 115 1.0000000000000000
5 115 1.5000000000000000
8 115 1.0000000000000000
9 115 1.0989000000000000
11 115 1.3999999999999999
12 115 1.3999999999999999
44 115 12.9000000000000004
46 115 77.6290000000000049
47 115 -792.4200000000000728
51 115 2767.3000000000001819
52 115 909.1299999999998818
53 115 -1007.7499999999998863
54 115 -1252.0999999999999091
111 115 1.0000000000000000
115 115 16.5499999999999972
117 115 1.0000000000000000
56 116 1.3000000000000000
57 116 1.0000000000000000
58 116 1.0000000000000000
59 116 1.5000000000000000
62 116 1.0000000000000000
65 116 1.9780200000000001
66 116 3.2000000000000002
67 116 1.3999999999999999
100 116 14.5000000000000000
102 116 -3.7360000000000184
103 116 -788.1500000000000909
107 116 3101.6000000000003638
108 116 1068.8799999999998818
109 116 -1164.2999999999999545
110 116 -1413.6399999999998727
111 116 1.0000000000000000
116 116 26.0700000000000003
33 117 1.0000000000000000
35 117 26.5000000000000000
36 117 -71.2000000000000028
40 117 47.0000000000000000
41 117 21.5000000000000000
42 117 -61.7999999999999972
43 117 -100.0000000000000000
44 117 1.0000000000000000
46 117 16.0000000000000000
47 117 -71.2000000000000028
51 117 47.0000000000000000
52 117 61.7999999999999972
53 117 -87.0000000000000000
54 117 -100.0000000000000000
113 117 1.0000000000000000
115 117 1.0000000000000000
117 117 2.0000000000000000
