817 817 817
1 1 549.9452588512999682
2 2 549.9452588512999682
3 3 1684303.1119099999777973
4 4 794.8845566036000037
5 5 794.8845566036000037
6 6 3232576.0647709998302162
7 7 793.6111831327000345
8 8 793.6111831327000345
9 9 3232576.0647709998302162
10 10 792.3380527768000547
11 11 792.3380527768000547
12 12 3232576.0647709998302162
13 13 791.0651913199000091
14 14 791.0651913199000091
15 15 3232576.0647709998302162
16 16 789.7926283194000234
17 17 789.7926283194000234
18 18 3232576.0647709998302162
19 19 788.5203978207999853
20 20 788.5203978207999853
21 21 3232576.0647709998302162
22 22 787.2485392410000031
23 23 787.2485392410000031
24 24 3232576.0647709998302162
25 25 785.9770984691000422
26 26 785.9770984691000422
27 27 3232576.0647709998302162
28 28 784.7061292481999999
29 29 784.7061292481999999
30 30 3232576.0647709998302162
31 31 783.4356949256999769
32 32 783.4356949256999769
33 33 3232576.0647709998302162
34 34 782.1658706931000324
35 35 782.1658706931000324
36 36 3232576.0647709998302162
37 37 780.8967464797000275
38 38 780.8967464797000275
39 39 3232576.0647709998302162
40 40 779.6284307362999471
41 41 779.6284307362999471
42 42 3232576.0647709998302162
43 43 778.3610554422000405
44 44 778.3610554422000405
45 45 3232576.0647709998302162
46 46 777.0947828209000363
47 47 777.0947828209000363
48 48 3232576.0647709998302162
49 49 775.8298144840000532
50 50 775.8298144840000532
51 51 3232576.0647709998302162
52 52 774.5664040845000500
53 53 774.5664040845000500
54 54 3232576.0647700000554323
55 55 773.3048751482999705
56 56 773.3048751482999705
57 57 3232576.0647700000554323
58 58 772.0456467151999504
59 59 772.0456467151999504
60 60 3232576.0647700000554323
61 61 770.7892710541000270
62 62 770.7892710541000270
63 63 3232576.0647709998302162
64 64 769.5364905715999839
65 65 769.5364905715999839
66 66 3232576.0647709998302162
67 67 768.2883261941000228
68 68 768.2883261941000228
69 69 3232576.0647709998302162
70 70 767.0462192213000208
71 71 767.0462192213000208
72 72 3232576.0647709998302162
73 73 765.8122677287000215
74 74 765.8122677287000215
75 75 3232576.0647700000554323
76 76 764.5896379263000426
77 77 764.5896379263000426
78 78 3232576.0647709998302162
79 79 1264.2380095329999676
80 80 1264.2380095329999676
81 81 19034722.2722700014710426
82 82 549.9452588512999682
83 83 549.9452588512999682
84 84 1684303.1119099999777973
85 85 794.8845566034999592
86 86 794.8845566034999592
87 87 3232576.0647700000554323
88 88 793.6111831327000345
89 89 793.6111831327000345
90 90 3232576.0647700000554323
91 91 792.3380527767000103
92 92 792.3380527767000103
93 93 3232576.0647700000554323
94 94 791.0651913199000091
95 95 791.0651913199000091
96 96 3232576.0647700000554323
97 97 789.7926283194000234
98 98 789.7926283194000234
99 99 3232576.0647700000554323
100 100 788.5203978207999853
101 101 788.5203978207999853
102 102 3232576.0647700000554323
103 103 787.2485392411000475
104 104 787.2485392411000475
105 105 3232576.0647729998454452
106 106 785.9770984693000173
107 107 785.9770984693000173
108 108 3232576.0647729998454452
109 109 784.7061292480999555
110 110 784.7061292480999555
111 111 3232576.0647700000554323
112 112 783.4356949256999769
113 113 783.4356949256999769
114 114 3232576.0647700000554323
115 115 782.1658706931000324
116 116 782.1658706931000324
117 117 3232576.0647700000554323
118 118 780.8967464797000275
119 119 780.8967464797000275
120 120 3232576.0647700000554323
121 121 779.6284307362999471
122 122 779.6284307362999471
123 123 3232576.0647700000554323
124 124 778.3610554422000405
125 125 778.3610554422000405
126 126 3232576.0647700000554323
127 127 777.0947828207999919
128 128 777.0947828207999919
129 129 3232576.0647700000554323
130 130 775.8298144839000088
131 131 775.8298144839000088
132 132 3232576.0647700000554323
133 133 774.5664040845000500
134 134 774.5664040845000500
135 135 3232576.0647700000554323
136 136 773.3048751484999457
137 137 773.3048751484999457
138 138 3232576.0647729998454452
139 139 772.0456467154000393
140 140 772.0456467154000393
141 141 3232576.0647729998454452
142 142 770.7892710541000270
143 143 770.7892710541000270
144 144 3232576.0647700000554323
145 145 769.5364905715000532
146 146 769.5364905715000532
147 147 3232576.0647700000554323
148 148 768.2883261939999784
149 149 768.2883261939999784
150 150 3232576.0647700000554323
151 151 767.0462192211999763
152 152 767.0462192211999763
153 153 3232576.0647700000554323
154 154 765.8122677287000215
155 155 765.8122677287000215
156 156 3232576.0647700000554323
157 157 764.5896379263000426
158 158 764.5896379263000426
159 159 3232576.0647700000554323
160 160 1264.2380095329999676
161 161 1264.2380095329999676
162 162 19034722.2722800001502037
163 163 172.8748596675000044
164 164 68015.0795250600058353
165 165 172.8748596675000044
166 166 68015.0795251499948790
167 167 169.1885343593999949
168 168 169.1885343593999949
169 169 10393.0443380100005015
170 170 202.0295182227999931
171 171 202.0295182227999931
172 172 20786.0886760100001993
173 173 247.1060335287000100
174 174 247.1060335287000100
175 175 45469.5689787700030138
176 176 200.7559242309999945
177 177 200.7559242309999945
178 178 36375.6551830099997460
179 179 245.8923443271000053
180 180 245.8923443271000053
181 181 84443.4852463099960005
182 182 416.6913450169000157
183 183 416.6913450169000157
184 184 172881.6538338999962434
185 185 259.4176800015999902
186 186 259.4176800015999902
187 187 91139.4444287899968913
188 188 210.9699324816000114
189 189 210.9699324816000114
190 190 39260.0683693300015875
191 191 258.2060998312999800
192 192 258.2060998312999800
193 193 49075.0854616500000702
194 194 209.6970710246999943
195 195 209.6970710246999943
196 196 22434.3247824700010824
197 197 256.9952628482000137
198 198 256.9952628482000137
199 199 49075.0854616700016777
200 200 208.4245080242999961
201 201 208.4245080242999961
202 202 39260.0683693300015875
203 203 255.7851932741000098
204 204 255.7851932741000098
205 205 91139.4444287899968913
206 206 418.3070076233000236
207 207 418.3070076233000236
208 208 179474.5982597999973223
209 209 253.3674669442000038
210 210 253.3674669442000038
211 211 91139.4444288399972720
212 212 205.8804189457999883
213 213 205.8804189457999883
214 214 39260.0683693300015875
215 215 252.1598787595999909
216 216 252.1598787595999909
217 217 49075.0854616700016777
218 218 213.1159862254999950
219 219 213.1159862254999950
220 220 23533.1488534499985690
221 221 272.2207127757000080
222 222 272.2207127757000080
223 223 53882.4407722100004321
224 224 220.3520250562000058
225 225 220.3520250562000058
226 226 43105.9526177799998550
227 227 271.0149758815999803
228 228 271.0149758815999803
229 229 100067.3900054999976419
230 230 441.2171433080000043
231 231 441.2171433080000043
232 232 197055.7833955000096466
233 233 268.6065782512999931
234 234 268.6065782512999931
235 235 100067.3900054999976419
236 236 217.8117665011000099
237 237 217.8117665011000099
238 238 43105.9526177500010817
239 239 267.4040548245000082
240 240 267.4040548245000082
241 241 53882.4407722000032663
242 242 216.5426422877000050
243 243 216.5426422877000050
244 244 24631.9729244400004973
245 245 266.2027592823999953
246 246 266.2027592823999953
247 247 53882.4407722000032663
248 248 215.2743265443000098
249 249 215.2743265443000098
250 250 43105.9526177500010817
251 251 265.0027942322000172
252 252 265.0027942322000172
253 253 100067.3900054999976419
254 254 446.4416416302000243
255 255 446.4416416302000243
256 256 205480.1012730000074953
257 257 282.9887431354000000
258 258 282.9887431354000000
259 259 108623.3378497999947285
260 260 229.0457773944000053
261 261 229.0457773944000053
262 262 46791.5916891300003044
263 263 281.7936064775000204
264 264 281.7936064775000204
265 265 58489.4896114200018928
266 266 227.7808090576000097
267 267 227.7808090576000097
268 268 26738.0523938199985423
269 269 280.6004603307999901
270 270 280.6004603307999901
271 271 58489.4896114599978318
272 272 226.5173986581000065
273 273 226.5173986581000065
274 274 46791.5916891599990777
275 275 279.4095702398000185
276 276 279.4095702398000185
277 277 108623.3378497999947285
278 278 451.7261684175999790
279 279 451.7261684175999790
280 280 213904.4191505000053439
281 281 277.0359565662000136
282 282 277.0359565662000136
283 283 108623.3378498999954900
284 284 223.9966412887000047
285 285 223.9966412887000047
286 286 46791.5916891599990777
287 287 275.8541755343999853
288 288 275.8541755343999853
289 289 58489.4896114599978318
290 290 231.9561910168999930
291 291 231.9561910168999930
292 292 27928.4451373599986255
293 293 297.7164164101999972
294 294 297.7164164101999972
295 295 63697.4578645200017490
296 296 239.9193359235999878
297 297 239.9193359235999878
298 298 50957.9662916200031759
299 299 296.5439511103999735
300 300 296.5439511103999735
301 301 118295.2788912999967579
302 302 477.6900385397000264
303 303 477.6900385397000264
304 304 232950.7030473999911919
305 305 294.2195971483999983
306 306 294.2195971483999983
307 307 118295.2788912999967579
308 308 237.4290645732000087
309 309 237.4290645732000087
310 310 50957.9662916200031759
311 311 293.0716637977999994
312 312 293.0716637977999994
313 313 63697.4578645200017490
314 314 236.1951130808000130
315 315 236.1951130808000130
316 316 29118.8378809300011199
317 317 291.9373273992999884
318 318 291.9373273992999884
319 319 63697.4578645299989148
320 320 234.9724832782999897
321 321 234.9724832782999897
322 322 50957.9662916200031759
323 323 290.8215358200999958
324 324 290.8215358200999958
325 325 118295.2788912999967579
326 326 851.3723442025999475
327 327 851.3723442025999475
328 328 2085201.8120269998908043
329 329 169.1885343593999949
330 330 169.1885343593999949
331 331 10393.0443380100005015
332 332 202.0295182227999931
333 333 202.0295182227999931
334 334 20786.0886760100001993
335 335 247.1060335287000100
336 336 247.1060335287000100
337 337 45469.5689787700030138
338 338 200.7559242309999945
339 339 200.7559242309999945
340 340 36375.6551830099997460
341 341 245.8923443271000053
342 342 245.8923443271000053
343 343 84443.4852463099960005
344 344 416.6913450169000157
345 345 416.6913450169000157
346 346 172881.6538338999962434
347 347 259.4176800015999902
348 348 259.4176800015999902
349 349 91139.4444287899968913
350 350 210.9699324816000114
351 351 210.9699324816000114
352 352 39260.0683693300015875
353 353 258.2060998312999800
354 354 258.2060998312999800
355 355 49075.0854616500000702
356 356 209.6970710246999943
357 357 209.6970710246999943
358 358 22434.3247824700010824
359 359 256.9952628482000137
360 360 256.9952628482000137
361 361 49075.0854616700016777
362 362 208.4245080242999961
363 363 208.4245080242999961
364 364 39260.0683693300015875
365 365 255.7851932741000098
366 366 255.7851932741000098
367 367 91139.4444287899968913
368 368 418.3070076233000236
369 369 418.3070076233000236
370 370 179474.5982597999973223
371 371 253.3674669442000038
372 372 253.3674669442000038
373 373 91139.4444288399972720
374 374 205.8804189457999883
375 375 205.8804189457999883
376 376 39260.0683693300015875
377 377 252.1598787595999909
378 378 252.1598787595999909
379 379 49075.0854616700016777
380 380 213.1159862254999950
381 381 213.1159862254999950
382 382 23533.1488534499985690
383 383 272.2207127757000080
384 384 272.2207127757000080
385 385 53882.4407722100004321
386 386 220.3520250562000058
387 387 220.3520250562000058
388 388 43105.9526177799998550
389 389 271.0149758815999803
390 390 271.0149758815999803
391 391 100067.3900054999976419
392 392 441.2171433080000043
393 393 441.2171433080000043
394 394 197055.7833955000096466
395 395 268.6065782512999931
396 396 268.6065782512999931
397 397 100067.3900054999976419
398 398 217.8117665011000099
399 399 217.8117665011000099
400 400 43105.9526177500010817
401 401 267.4040548245000082
402 402 267.4040548245000082
403 403 53882.4407722000032663
404 404 216.5426422877000050
405 405 216.5426422877000050
406 406 24631.9729244400004973
407 407 266.2027592823999953
408 408 266.2027592823999953
409 409 53882.4407722000032663
410 410 215.2743265443000098
411 411 215.2743265443000098
412 412 43105.9526177500010817
413 413 265.0027942322000172
414 414 265.0027942322000172
415 415 100067.3900054999976419
416 416 446.4416416302000243
417 417 446.4416416302000243
418 418 205480.1012730000074953
419 419 282.9887431354000000
420 420 282.9887431354000000
421 421 108623.3378497999947285
422 422 229.0457773944000053
423 423 229.0457773944000053
424 424 46791.5916891300003044
425 425 281.7936064775000204
426 426 281.7936064775000204
427 427 58489.4896114200018928
428 428 227.7808090576000097
429 429 227.7808090576000097
430 430 26738.0523938199985423
431 431 280.6004603307999901
432 432 280.6004603307999901
433 433 58489.4896114599978318
434 434 226.5173986581000065
435 435 226.5173986581000065
436 436 46791.5916891599990777
437 437 279.4095702398000185
438 438 279.4095702398000185
439 439 108623.3378497999947285
440 440 451.7261684175999790
441 441 451.7261684175999790
442 442 213904.4191505000053439
443 443 277.0359565662000136
444 444 277.0359565662000136
445 445 108623.3378498999954900
446 446 223.9966412887000047
447 447 223.9966412887000047
448 448 46791.5916891599990777
449 449 275.8541755343999853
450 450 275.8541755343999853
451 451 58489.4896114599978318
452 452 231.9561910168999930
453 453 231.9561910168999930
454 454 27928.4451373599986255
455 455 297.7164164101999972
456 456 297.7164164101999972
457 457 63697.4578645200017490
458 458 239.9193359235999878
459 459 239.9193359235999878
460 460 50957.9662916200031759
461 461 296.5439511103999735
462 462 296.5439511103999735
463 463 118295.2788912999967579
464 464 477.6900385397000264
465 465 477.6900385397000264
466 466 232950.7030473999911919
467 467 294.2195971483999983
468 468 294.2195971483999983
469 469 118295.2788912999967579
470 470 237.4290645732000087
471 471 237.4290645732000087
472 472 50957.9662916200031759
473 473 293.0716637977999994
474 474 293.0716637977999994
475 475 63697.4578645200017490
476 476 236.1951130808000130
477 477 236.1951130808000130
478 478 29118.8378809300011199
479 479 291.9373273992999884
480 480 291.9373273992999884
481 481 63697.4578645299989148
482 482 234.9724832782999897
483 483 234.9724832782999897
484 484 50957.9662916200031759
485 485 290.8215358200999958
486 486 290.8215358200999958
487 487 118295.2788912999967579
488 488 851.3723442025999475
489 489 851.3723442025999475
490 490 2085201.8120269998908043
491 491 1950.8844837399999506
492 492 1950.8844837399999506
493 493 38686342.4467900022864342
494 494 1448.6989099489999262
495 495 1448.6989099489999262
496 496 22047324.2533500008285046
497 497 752.3324784287000284
498 498 752.3324784287000284
499 499 1558463.6517489999532700
500 500 1448.4705367260000912
501 501 1448.4705367260000912
502 502 22036899.5583200007677078
503 503 1950.5769560100000035
504 504 1950.5769560100000035
505 505 38668050.3625599965453148
506 506 1263.5807357599999250
507 507 1263.5807357599999250
508 508 19024873.2247000001370907
509 509 763.8077502370999810
510 510 763.8077502370999810
511 511 3229083.6713879997842014
512 512 764.8826962504000448
513 513 764.8826962504000448
514 514 3228559.4660249999724329
515 515 765.9774193094999646
516 516 765.9774193094999646
517 517 3228051.1290830001235008
518 518 767.0870490552999854
519 519 767.0870490552999854
520 520 3227559.6499330000951886
521 521 768.2082552783000438
522 522 768.2082552783000438
523 523 3227085.0480700000189245
524 524 769.3386782413999754
525 525 769.3386782413999754
526 526 3226626.6450930000282824
527 527 770.4766972582999642
528 528 770.4766972582999642
529 529 3226184.7876400002278388
530 530 771.6211085666000145
531 531 771.6211085666000145
532 532 3225759.4514520000666380
533 533 772.7710151845999462
534 534 772.7710151845999462
535 535 3225350.6563519998453557
536 536 773.9257338738999579
537 537 773.9257338738999579
538 538 3224958.3782520000822842
539 539 775.0847565184000132
540 540 775.0847565184000132
541 541 3224582.8761450001038611
542 542 776.2476303490999499
543 543 776.2476303490999499
544 544 3224223.6481010001152754
545 545 777.4140460113000017
546 546 777.4140460113000017
547 547 3223880.9312909999862313
548 548 778.5837398096000470
549 549 778.5837398096000470
550 550 3223554.7459490001201630
551 551 779.7564958842000351
552 552 779.7564958842000351
553 553 3223245.0684190001338720
554 554 780.9321386079000149
555 555 780.9321386079000149
556 556 3222951.9190969998016953
557 557 782.1105210030000308
558 558 782.1105210030000308
559 559 3222675.2745050000958145
560 560 783.2915346431000216
561 561 783.2915346431000216
562 562 3222415.3172869998961687
563 563 784.4750500183999975
564 564 784.4750500183999975
565 565 3222171.6999619998969138
566 566 785.6609938404000104
567 567 785.6609938404000104
568 568 3221944.5833729999139905
569 569 786.8492931337999607
570 570 786.8492931337999607
571 571 3221733.9883280000649393
572 572 788.0398837392000360
573 573 788.0398837392000360
574 574 3221539.8917780001647770
575 575 789.2327204875000461
576 576 789.2327204875000461
577 577 3221362.4218680001795292
578 578 790.4277378614999634
579 579 790.4277378614999634
580 580 3221201.3413769998587668
581 581 791.6248974664999878
582 582 791.6248974664999878
583 583 3221056.6714460002258420
584 584 792.8241844320000382
585 585 792.8241844320000382
586 586 3220928.6779479999095201
587 587 794.0255526726999733
588 588 794.0255526726999733
589 589 3220817.1897970000281930
590 590 795.2289647282999567
591 591 795.2289647282999567
592 592 3220722.0579679999500513
593 593 796.4344129382000119
594 594 796.4344129382000119
595 595 3220643.4936850001104176
596 596 797.6418734477999806
597 597 797.6418734477999806
598 598 3220581.4745840001851320
599 599 798.8513208737000468
600 600 798.8513208737000468
601 601 3220535.9177680001594126
602 602 800.0627408602000514
603 603 800.0627408602000514
604 604 3220506.8449619999155402
605 605 522.5829760753999835
606 606 522.5829760753999835
607 607 1638834.8161909999325871
608 608 196.7245641481999883
609 609 196.7245641481999883
610 610 57173.1925197000018670
611 611 522.5829760753999835
612 612 522.5829760753999835
613 613 1638834.8161919999402016
614 614 800.0627408602999822
615 615 800.0627408602999822
616 616 3220506.8449630001559854
617 617 798.8513208734999580
618 618 798.8513208734999580
619 619 3220535.9177649999037385
620 620 797.6418734476000054
621 621 797.6418734476000054
622 622 3220581.4745820001699030
623 623 796.4344129382000119
624 624 796.4344129382000119
625 625 3220643.4936839998699725
626 626 795.2289647282000260
627 627 795.2289647282000260
628 628 3220722.0579670001752675
629 629 794.0255526728999484
630 630 794.0255526728999484
631 631 3220817.1897990000434220
632 632 792.8241844322000134
633 633 792.8241844322000134
634 634 3220928.6779510001651943
635 635 791.6248974664999878
636 636 791.6248974664999878
637 637 3221056.6714460002258420
638 638 790.4277378614999634
639 639 790.4277378614999634
640 640 3221201.3413769998587668
641 641 789.2327204874000017
642 642 789.2327204874000017
643 643 3221362.4218669999390841
644 644 788.0398837390999915
645 645 788.0398837390999915
646 646 3221539.8917769999243319
647 647 786.8492931337999607
648 648 786.8492931337999607
649 649 3221733.9883280000649393
650 650 785.6609938404000104
651 651 785.6609938404000104
652 652 3221944.5833729999139905
653 653 784.4750500183999975
654 654 784.4750500183999975
655 655 3222171.6999619998969138
656 656 783.2915346429999772
657 657 783.2915346429999772
658 658 3222415.3172860001213849
659 659 782.1105210028999863
660 660 782.1105210028999863
661 661 3222675.2745039998553693
662 662 780.9321386080999901
663 663 780.9321386080999901
664 664 3222951.9191000000573695
665 665 779.7564958844000103
666 666 779.7564958844000103
667 667 3223245.0684219999238849
668 668 778.5837398096000470
669 669 778.5837398096000470
670 670 3223554.7459490001201630
671 671 777.4140460113000017
672 672 777.4140460113000017
673 673 3223880.9312909999862313
674 674 776.2476303490000191
675 675 776.2476303490000191
676 676 3224223.6480999998748302
677 677 775.0847565182999688
678 678 775.0847565182999688
679 679 3224582.8761430000886321
680 680 773.9257338738999579
681 681 773.9257338738999579
682 682 3224958.3782520000822842
683 683 772.7710151845999462
684 684 772.7710151845999462
685 685 3225350.6563519998453557
686 686 771.6211085666000145
687 687 771.6211085666000145
688 688 3225759.4514520000666380
689 689 770.4766972582000335
690 690 770.4766972582000335
691 691 3226184.7876389999873936
692 692 769.3386782413000446
693 693 769.3386782413000446
694 694 3226626.6450910000130534
695 695 768.2082552785000189
696 696 768.2082552785000189
697 697 3227085.0480729998089373
698 698 767.0870490554999606
699 699 767.0870490554999606
700 700 3227559.6499350001104176
701 701 765.9774193094999646
702 702 765.9774193094999646
703 703 3228051.1290830001235008
704 704 764.8826962504000448
705 705 764.8826962504000448
706 706 3228559.4660249999724329
707 707 763.8077502370000502
708 708 763.8077502370000502
709 709 3229083.6713870000094175
710 710 1219.3242707700001120
711 711 1219.3242707700001120
712 712 16523269.9255800005048513
713 713 1960.3635976339999161
714 714 1960.3635976339999161
715 715 39545184.0717900022864342
716 716 1502.5136433400000442
717 717 1502.5136433400000442
718 718 25415636.5666700005531311
719 719 752.3324784287999591
720 720 752.3324784287999591
721 721 1558463.6517499999608845
722 722 1448.6989099489999262
723 723 1448.6989099489999262
724 724 22047324.2533399984240532
725 725 1950.8844837399999506
726 726 1950.8844837399999506
727 727 38686342.4467900022864342
728 728 1219.3378207279999970
729 729 1219.3378207279999970
730 730 3937452.9210060001350939
731 731 1219.3378207279999970
732 732 1219.3378207279999970
733 733 3937452.9210060001350939
734 734 1272.5066210499999215
735 735 1272.5066210499999215
736 736 4109144.1820959998294711
737 737 1325.6754213730000629
738 738 1325.6754213730000629
739 739 4280835.4431870002299547
740 740 1325.6754213730000629
741 741 1325.6754213730000629
742 742 4280835.4431870002299547
743 743 1435.5582892370000536
744 744 1435.5582892370000536
745 745 4635664.1867869999259710
746 746 1545.4397960389999298
747 747 1545.4397960389999298
748 748 4990492.6556940004229546
749 749 1545.4397960389999298
750 750 1545.4397960389999298
751 751 4990492.6556940004229546
752 752 1681.9063835330000529
753 753 1681.9063835330000529
754 754 5431166.8924920000135899
755 755 1818.3729710269999487
756 756 1818.3729710269999487
757 757 5871841.1292909998446703
758 758 1818.3729710269999487
759 759 1818.3729710269999487
760 760 5871841.1292909998446703
761 761 1919.3936916400000428
762 762 1919.3936916400000428
763 763 6198054.5253619998693466
764 764 2020.4144122519999200
765 765 2020.4144122519999200
766 766 6524267.9214350003749132
767 767 2103.7121994240001186
768 768 2103.7121994240001186
769 769 6793250.8971429998055100
770 770 2187.0099865960000898
771 771 2187.0099865960000898
772 772 7062233.8728510001674294
773 773 1219.3378207279999970
774 774 1219.3378207279999970
775 775 3937452.9210060001350939
776 776 1219.3378207279999970
777 777 1219.3378207279999970
778 778 3937452.9210060001350939
779 779 1272.5066210499999215
780 780 1272.5066210499999215
781 781 4109144.1820959998294711
782 782 1325.6754213730000629
783 783 1325.6754213730000629
784 784 4280835.4431870002299547
785 785 1325.6754213730000629
786 786 1325.6754213730000629
787 787 4280835.4431870002299547
788 788 1435.5582892370000536
789 789 1435.5582892370000536
790 790 4635664.1867869999259710
791 791 1545.4397960389999298
792 792 1545.4397960389999298
793 793 4990492.6556940004229546
794 794 1545.4397960389999298
795 795 1545.4397960389999298
796 796 4990492.6556940004229546
797 797 1681.9063835330000529
798 798 1681.9063835330000529
799 799 5431166.8924920000135899
800 800 1818.3729710269999487
801 801 1818.3729710269999487
802 802 5871841.1292909998446703
803 803 1818.3729710269999487
804 804 1818.3729710269999487
805 805 5871841.1292909998446703
806 806 1919.3936916400000428
807 807 1919.3936916400000428
808 808 6198054.5253619998693466
809 809 2020.4144122519999200
810 810 2020.4144122519999200
811 811 6524267.9214350003749132
812 812 2103.7121994240001186
813 813 2103.7121994240001186
814 814 6793250.8971429998055100
815 815 2187.0099865960000898
816 816 2187.0099865960000898
817 817 7062233.8728510001674294
