359 359 3209
1 1 5.0000000000000000
13 1 1.0000000000000000
14 1 1.0000000000000000
2 2 5.0000000000000000
15 2 1.0000000000000000
16 2 1.0000000000000000
111 2 -5.5000000000000000
3 3 5.0000000000000000
17 3 1.0000000000000000
18 3 1.0000000000000000
4 4 5.0000000000000000
19 4 1.0000000000000000
20 4 1.0000000000000000
111 4 -5.5000000000000000
5 5 5.0000000000000000
21 5 1.0000000000000000
22 5 1.0000000000000000
6 6 5.0000000000000000
23 6 1.0000000000000000
24 6 1.0000000000000000
111 6 -5.5000000000000000
7 7 5.0000000000000000
25 7 1.0000000000000000
26 7 1.0000000000000000
8 8 5.0000000000000000
27 8 1.0000000000000000
28 8 1.0000000000000000
111 8 -5.5000000000000000
9 9 5.0000000000000000
29 9 1.0000000000000000
30 9 1.0000000000000000
10 10 5.0000000000000000
31 10 1.0000000000000000
32 10 1.0000000000000000
111 10 -5.5000000000000000
11 11 5.0000000000000000
33 11 1.0000000000000000
34 11 1.0000000000000000
12 12 5.0000000000000000
35 12 1.0000000000000000
36 12 1.0000000000000000
111 12 -5.5000000000000000
1 13 1.0000000000000000
13 13 14.0000000000000000
37 13 -1.0000000000000000
49 13 -1.0000000000000000
61 13 -1.0000000000000000
73 13 -1.0000000000000000
112 13 -245.5999999999999943
207 13 -1.0000000000000000
246 13 -1.0000000000000000
285 13 -1.0000000000000000
324 13 -1.0000000000000000
1 14 1.0000000000000000
14 14 14.0000000000000000
38 14 -1.0000000000000000
50 14 -1.0000000000000000
62 14 -1.0000000000000000
74 14 -1.0000000000000000
112 14 -245.5999999999999943
207 14 -1.0000000000000000
246 14 -1.0000000000000000
285 14 -1.0000000000000000
324 14 -1.0000000000000000
2 15 1.0000000000000000
15 15 14.0000000000000000
39 15 -1.0000000000000000
51 15 -1.0000000000000000
63 15 -1.0000000000000000
75 15 -1.0000000000000000
112 15 -245.5999999999999943
213 15 -1.0000000000000000
252 15 -1.0000000000000000
291 15 -1.0000000000000000
330 15 -1.0000000000000000
2 16 1.0000000000000000
16 16 14.0000000000000000
40 16 -1.0000000000000000
52 16 -1.0000000000000000
64 16 -1.0000000000000000
76 16 -1.0000000000000000
112 16 -245.5999999999999943
213 16 -1.0000000000000000
252 16 -1.0000000000000000
291 16 -1.0000000000000000
330 16 -1.0000000000000000
3 17 1.0000000000000000
17 17 14.0000000000000000
41 17 -1.0000000000000000
53 17 -1.0000000000000000
65 17 -1.0000000000000000
77 17 -1.0000000000000000
112 17 -245.5999999999999943
219 17 -1.0000000000000000
258 17 -1.0000000000000000
297 17 -1.0000000000000000
336 17 -1.0000000000000000
3 18 1.0000000000000000
18 18 14.0000000000000000
42 18 -1.0000000000000000
54 18 -1.0000000000000000
66 18 -1.0000000000000000
78 18 -1.0000000000000000
112 18 -245.5999999999999943
219 18 -1.0000000000000000
258 18 -1.0000000000000000
297 18 -1.0000000000000000
336 18 -1.0000000000000000
4 19 1.0000000000000000
19 19 14.0000000000000000
43 19 -1.0000000000000000
55 19 -1.0000000000000000
67 19 -1.0000000000000000
79 19 -1.0000000000000000
112 19 -245.5999999999999943
225 19 -1.0000000000000000
264 19 -1.0000000000000000
303 19 -1.0000000000000000
342 19 -1.0000000000000000
4 20 1.0000000000000000
20 20 14.0000000000000000
44 20 -1.0000000000000000
56 20 -1.0000000000000000
68 20 -1.0000000000000000
80 20 -1.0000000000000000
112 20 -245.5999999999999943
225 20 -1.0000000000000000
264 20 -1.0000000000000000
303 20 -1.0000000000000000
342 20 -1.0000000000000000
5 21 1.0000000000000000
21 21 14.0000000000000000
45 21 -1.0000000000000000
57 21 -1.0000000000000000
69 21 -1.0000000000000000
81 21 -1.0000000000000000
112 21 -245.5999999999999943
231 21 -1.0000000000000000
270 21 -1.0000000000000000
309 21 -1.0000000000000000
348 21 -1.0000000000000000
5 22 1.0000000000000000
22 22 14.0000000000000000
46 22 -1.0000000000000000
58 22 -1.0000000000000000
70 22 -1.0000000000000000
82 22 -1.0000000000000000
112 22 -245.5999999999999943
231 22 -1.0000000000000000
270 22 -1.0000000000000000
309 22 -1.0000000000000000
348 22 -1.0000000000000000
6 23 1.0000000000000000
23 23 14.0000000000000000
47 23 -1.0000000000000000
59 23 -1.0000000000000000
71 23 -1.0000000000000000
83 23 -1.0000000000000000
112 23 -245.5999999999999943
237 23 -1.0000000000000000
276 23 -1.0000000000000000
315 23 -1.0000000000000000
354 23 -1.0000000000000000
6 24 1.0000000000000000
24 24 14.0000000000000000
48 24 -1.0000000000000000
60 24 -1.0000000000000000
72 24 -1.0000000000000000
84 24 -1.0000000000000000
112 24 -245.5999999999999943
237 24 -1.0000000000000000
276 24 -1.0000000000000000
315 24 -1.0000000000000000
354 24 -1.0000000000000000
7 25 1.0000000000000000
25 25 14.0000000000000000
37 25 -1.0000000000000000
49 25 -1.0000000000000000
61 25 -1.0000000000000000
73 25 -1.0000000000000000
112 25 -263.6999999999999318
208 25 -1.0000000000000000
247 25 -1.0000000000000000
286 25 -1.0000000000000000
325 25 -1.0000000000000000
7 26 1.0000000000000000
26 26 14.0000000000000000
38 26 -1.0000000000000000
50 26 -1.0000000000000000
62 26 -1.0000000000000000
74 26 -1.0000000000000000
112 26 -263.6999999999999318
208 26 -1.0000000000000000
247 26 -1.0000000000000000
286 26 -1.0000000000000000
325 26 -1.0000000000000000
8 27 1.0000000000000000
27 27 14.0000000000000000
39 27 -1.0000000000000000
51 27 -1.0000000000000000
63 27 -1.0000000000000000
75 27 -1.0000000000000000
112 27 -263.6999999999999318
214 27 -1.0000000000000000
253 27 -1.0000000000000000
292 27 -1.0000000000000000
331 27 -1.0000000000000000
8 28 1.0000000000000000
28 28 14.0000000000000000
40 28 -1.0000000000000000
52 28 -1.0000000000000000
64 28 -1.0000000000000000
76 28 -1.0000000000000000
112 28 -263.6999999999999318
214 28 -1.0000000000000000
253 28 -1.0000000000000000
292 28 -1.0000000000000000
331 28 -1.0000000000000000
9 29 1.0000000000000000
29 29 14.0000000000000000
41 29 -1.0000000000000000
53 29 -1.0000000000000000
65 29 -1.0000000000000000
77 29 -1.0000000000000000
112 29 -263.6999999999999318
220 29 -1.0000000000000000
259 29 -1.0000000000000000
298 29 -1.0000000000000000
337 29 -1.0000000000000000
9 30 1.0000000000000000
30 30 14.0000000000000000
42 30 -1.0000000000000000
54 30 -1.0000000000000000
66 30 -1.0000000000000000
78 30 -1.0000000000000000
112 30 -263.6999999999999318
220 30 -1.0000000000000000
259 30 -1.0000000000000000
298 30 -1.0000000000000000
337 30 -1.0000000000000000
10 31 1.0000000000000000
31 31 14.0000000000000000
43 31 -1.0000000000000000
55 31 -1.0000000000000000
67 31 -1.0000000000000000
79 31 -1.0000000000000000
112 31 -263.6999999999999318
226 31 -1.0000000000000000
265 31 -1.0000000000000000
304 31 -1.0000000000000000
343 31 -1.0000000000000000
10 32 1.0000000000000000
32 32 14.0000000000000000
44 32 -1.0000000000000000
56 32 -1.0000000000000000
68 32 -1.0000000000000000
80 32 -1.0000000000000000
112 32 -263.6999999999999318
226 32 -1.0000000000000000
265 32 -1.0000000000000000
304 32 -1.0000000000000000
343 32 -1.0000000000000000
11 33 1.0000000000000000
33 33 14.0000000000000000
45 33 -1.0000000000000000
57 33 -1.0000000000000000
69 33 -1.0000000000000000
81 33 -1.0000000000000000
112 33 -263.6999999999999318
232 33 -1.0000000000000000
271 33 -1.0000000000000000
310 33 -1.0000000000000000
349 33 -1.0000000000000000
11 34 1.0000000000000000
34 34 14.0000000000000000
46 34 -1.0000000000000000
58 34 -1.0000000000000000
70 34 -1.0000000000000000
82 34 -1.0000000000000000
112 34 -263.6999999999999318
232 34 -1.0000000000000000
271 34 -1.0000000000000000
310 34 -1.0000000000000000
349 34 -1.0000000000000000
12 35 1.0000000000000000
35 35 14.0000000000000000
47 35 -1.0000000000000000
59 35 -1.0000000000000000
71 35 -1.0000000000000000
83 35 -1.0000000000000000
112 35 -263.6999999999999318
238 35 -1.0000000000000000
277 35 -1.0000000000000000
316 35 -1.0000000000000000
355 35 -1.0000000000000000
12 36 1.0000000000000000
36 36 14.0000000000000000
48 36 -1.0000000000000000
60 36 -1.0000000000000000
72 36 -1.0000000000000000
84 36 -1.0000000000000000
112 36 -263.6999999999999318
238 36 -1.0000000000000000
277 36 -1.0000000000000000
316 36 -1.0000000000000000
355 36 -1.0000000000000000
13 37 -1.0000000000000000
25 37 -1.0000000000000000
37 37 12.0000000000000000
39 37 -1.0000000000000000
110 37 -3.0000000000000000
112 37 -79.9000000000000057
116 37 -1.0000000000000000
204 37 -9.0000000000000000
207 37 1.0000000000000000
208 37 1.0000000000000000
14 38 -1.0000000000000000
26 38 -1.0000000000000000
38 38 12.0000000000000000
40 38 -1.0000000000000000
110 38 -3.0000000000000000
112 38 -79.9000000000000057
116 38 -1.0000000000000000
204 38 -9.0000000000000000
207 38 1.0000000000000000
208 38 1.0000000000000000
15 39 -1.0000000000000000
27 39 -1.0000000000000000
37 39 -1.0000000000000000
39 39 13.0000000000000000
41 39 -1.0000000000000000
112 39 -79.9000000000000057
116 39 1.0000000000000000
117 39 -1.0000000000000000
204 39 -9.0000000000000000
213 39 1.0000000000000000
214 39 1.0000000000000000
16 40 -1.0000000000000000
28 40 -1.0000000000000000
38 40 -1.0000000000000000
40 40 13.0000000000000000
42 40 -1.0000000000000000
112 40 -79.9000000000000057
116 40 1.0000000000000000
117 40 -1.0000000000000000
204 40 -9.0000000000000000
213 40 1.0000000000000000
214 40 1.0000000000000000
17 41 -1.0000000000000000
29 41 -1.0000000000000000
39 41 -1.0000000000000000
41 41 13.0000000000000000
43 41 -1.0000000000000000
112 41 -79.9000000000000057
117 41 1.0000000000000000
118 41 -1.0000000000000000
205 41 -9.0000000000000000
219 41 1.0000000000000000
220 41 1.0000000000000000
18 42 -1.0000000000000000
30 42 -1.0000000000000000
40 42 -1.0000000000000000
42 42 13.0000000000000000
44 42 -1.0000000000000000
112 42 -79.9000000000000057
117 42 1.0000000000000000
118 42 -1.0000000000000000
205 42 -9.0000000000000000
219 42 1.0000000000000000
220 42 1.0000000000000000
19 43 -1.0000000000000000
31 43 -1.0000000000000000
41 43 -1.0000000000000000
43 43 13.0000000000000000
45 43 -1.0000000000000000
112 43 -79.9000000000000057
118 43 1.0000000000000000
119 43 -1.0000000000000000
205 43 -9.0000000000000000
225 43 1.0000000000000000
226 43 1.0000000000000000
20 44 -1.0000000000000000
32 44 -1.0000000000000000
42 44 -1.0000000000000000
44 44 13.0000000000000000
46 44 -1.0000000000000000
112 44 -79.9000000000000057
118 44 1.0000000000000000
119 44 -1.0000000000000000
205 44 -9.0000000000000000
225 44 1.0000000000000000
226 44 1.0000000000000000
21 45 -1.0000000000000000
33 45 -1.0000000000000000
43 45 -1.0000000000000000
45 45 13.0000000000000000
47 45 -1.0000000000000000
112 45 -79.9000000000000057
119 45 1.0000000000000000
120 45 -1.0000000000000000
206 45 -9.0000000000000000
231 45 1.0000000000000000
232 45 1.0000000000000000
22 46 -1.0000000000000000
34 46 -1.0000000000000000
44 46 -1.0000000000000000
46 46 13.0000000000000000
48 46 -1.0000000000000000
112 46 -79.9000000000000057
119 46 1.0000000000000000
120 46 -1.0000000000000000
206 46 -9.0000000000000000
231 46 1.0000000000000000
232 46 1.0000000000000000
23 47 -1.0000000000000000
35 47 -1.0000000000000000
45 47 -1.0000000000000000
47 47 13.0000000000000000
112 47 -79.9000000000000057
120 47 1.0000000000000000
121 47 -1.0000000000000000
206 47 -9.0000000000000000
237 47 1.0000000000000000
238 47 1.0000000000000000
24 48 -1.0000000000000000
36 48 -1.0000000000000000
46 48 -1.0000000000000000
48 48 13.0000000000000000
112 48 -79.9000000000000057
120 48 1.0000000000000000
121 48 -1.0000000000000000
206 48 -9.0000000000000000
237 48 1.0000000000000000
238 48 1.0000000000000000
13 49 -1.0000000000000000
25 49 -1.0000000000000000
49 49 12.0000000000000000
51 49 -1.0000000000000000
110 49 -3.0000000000000000
112 49 -90.7999999999999972
122 49 -1.0000000000000000
243 49 -9.0000000000000000
246 49 1.0000000000000000
247 49 1.0000000000000000
14 50 -1.0000000000000000
26 50 -1.0000000000000000
50 50 12.0000000000000000
52 50 -1.0000000000000000
110 50 -3.0000000000000000
112 50 -90.7999999999999972
122 50 -1.0000000000000000
243 50 -9.0000000000000000
246 50 1.0000000000000000
247 50 1.0000000000000000
15 51 -1.0000000000000000
27 51 -1.0000000000000000
49 51 -1.0000000000000000
51 51 13.0000000000000000
53 51 -1.0000000000000000
112 51 -90.7999999999999972
122 51 1.0000000000000000
123 51 -1.0000000000000000
243 51 -9.0000000000000000
252 51 1.0000000000000000
253 51 1.0000000000000000
16 52 -1.0000000000000000
28 52 -1.0000000000000000
50 52 -1.0000000000000000
52 52 13.0000000000000000
54 52 -1.0000000000000000
112 52 -90.7999999999999972
122 52 1.0000000000000000
123 52 -1.0000000000000000
243 52 -9.0000000000000000
252 52 1.0000000000000000
253 52 1.0000000000000000
17 53 -1.0000000000000000
29 53 -1.0000000000000000
51 53 -1.0000000000000000
53 53 13.0000000000000000
55 53 -1.0000000000000000
112 53 -90.7999999999999972
123 53 1.0000000000000000
124 53 -1.0000000000000000
244 53 -9.0000000000000000
258 53 1.0000000000000000
259 53 1.0000000000000000
18 54 -1.0000000000000000
30 54 -1.0000000000000000
52 54 -1.0000000000000000
54 54 13.0000000000000000
56 54 -1.0000000000000000
112 54 -90.7999999999999972
123 54 1.0000000000000000
124 54 -1.0000000000000000
244 54 -9.0000000000000000
258 54 1.0000000000000000
259 54 1.0000000000000000
19 55 -1.0000000000000000
31 55 -1.0000000000000000
53 55 -1.0000000000000000
55 55 13.0000000000000000
57 55 -1.0000000000000000
112 55 -90.7999999999999972
124 55 1.0000000000000000
125 55 -1.0000000000000000
244 55 -9.0000000000000000
264 55 1.0000000000000000
265 55 1.0000000000000000
20 56 -1.0000000000000000
32 56 -1.0000000000000000
54 56 -1.0000000000000000
56 56 13.0000000000000000
58 56 -1.0000000000000000
112 56 -90.7999999999999972
124 56 1.0000000000000000
125 56 -1.0000000000000000
244 56 -9.0000000000000000
264 56 1.0000000000000000
265 56 1.0000000000000000
21 57 -1.0000000000000000
33 57 -1.0000000000000000
55 57 -1.0000000000000000
57 57 13.0000000000000000
59 57 -1.0000000000000000
112 57 -90.7999999999999972
125 57 1.0000000000000000
126 57 -1.0000000000000000
245 57 -9.0000000000000000
270 57 1.0000000000000000
271 57 1.0000000000000000
22 58 -1.0000000000000000
34 58 -1.0000000000000000
56 58 -1.0000000000000000
58 58 13.0000000000000000
60 58 -1.0000000000000000
112 58 -90.7999999999999972
125 58 1.0000000000000000
126 58 -1.0000000000000000
245 58 -9.0000000000000000
270 58 1.0000000000000000
271 58 1.0000000000000000
23 59 -1.0000000000000000
35 59 -1.0000000000000000
57 59 -1.0000000000000000
59 59 13.0000000000000000
112 59 -90.7999999999999972
126 59 1.0000000000000000
127 59 -1.0000000000000000
245 59 -9.0000000000000000
276 59 1.0000000000000000
277 59 1.0000000000000000
24 60 -1.0000000000000000
36 60 -1.0000000000000000
58 60 -1.0000000000000000
60 60 13.0000000000000000
112 60 -90.7999999999999972
126 60 1.0000000000000000
127 60 -1.0000000000000000
245 60 -9.0000000000000000
276 60 1.0000000000000000
277 60 1.0000000000000000
13 61 -1.0000000000000000
25 61 -1.0000000000000000
61 61 12.0000000000000000
63 61 -1.0000000000000000
110 61 -3.0000000000000000
112 61 -85.7999999999999972
128 61 -1.0000000000000000
282 61 -9.0000000000000000
285 61 1.0000000000000000
286 61 1.0000000000000000
14 62 -1.0000000000000000
26 62 -1.0000000000000000
62 62 12.0000000000000000
64 62 -1.0000000000000000
110 62 -3.0000000000000000
112 62 -85.7999999999999972
128 62 -1.0000000000000000
282 62 -9.0000000000000000
285 62 1.0000000000000000
286 62 1.0000000000000000
15 63 -1.0000000000000000
27 63 -1.0000000000000000
61 63 -1.0000000000000000
63 63 13.0000000000000000
65 63 -1.0000000000000000
112 63 -85.7999999999999972
128 63 1.0000000000000000
129 63 -1.0000000000000000
282 63 -9.0000000000000000
291 63 1.0000000000000000
292 63 1.0000000000000000
16 64 -1.0000000000000000
28 64 -1.0000000000000000
62 64 -1.0000000000000000
64 64 13.0000000000000000
66 64 -1.0000000000000000
112 64 -85.7999999999999972
128 64 1.0000000000000000
129 64 -1.0000000000000000
282 64 -9.0000000000000000
291 64 1.0000000000000000
292 64 1.0000000000000000
17 65 -1.0000000000000000
29 65 -1.0000000000000000
63 65 -1.0000000000000000
65 65 13.0000000000000000
67 65 -1.0000000000000000
112 65 -85.7999999999999972
129 65 1.0000000000000000
130 65 -1.0000000000000000
283 65 -9.0000000000000000
297 65 1.0000000000000000
298 65 1.0000000000000000
18 66 -1.0000000000000000
30 66 -1.0000000000000000
64 66 -1.0000000000000000
66 66 13.0000000000000000
68 66 -1.0000000000000000
112 66 -85.7999999999999972
129 66 1.0000000000000000
130 66 -1.0000000000000000
283 66 -9.0000000000000000
297 66 1.0000000000000000
298 66 1.0000000000000000
19 67 -1.0000000000000000
31 67 -1.0000000000000000
65 67 -1.0000000000000000
67 67 13.0000000000000000
69 67 -1.0000000000000000
112 67 -85.7999999999999972
130 67 1.0000000000000000
131 67 -1.0000000000000000
283 67 -9.0000000000000000
303 67 1.0000000000000000
304 67 1.0000000000000000
20 68 -1.0000000000000000
32 68 -1.0000000000000000
66 68 -1.0000000000000000
68 68 13.0000000000000000
70 68 -1.0000000000000000
112 68 -85.7999999999999972
130 68 1.0000000000000000
131 68 -1.0000000000000000
283 68 -9.0000000000000000
303 68 1.0000000000000000
304 68 1.0000000000000000
21 69 -1.0000000000000000
33 69 -1.0000000000000000
67 69 -1.0000000000000000
69 69 13.0000000000000000
71 69 -1.0000000000000000
112 69 -85.7999999999999972
131 69 1.0000000000000000
132 69 -1.0000000000000000
284 69 -9.0000000000000000
309 69 1.0000000000000000
310 69 1.0000000000000000
22 70 -1.0000000000000000
34 70 -1.0000000000000000
68 70 -1.0000000000000000
70 70 13.0000000000000000
72 70 -1.0000000000000000
112 70 -85.7999999999999972
131 70 1.0000000000000000
132 70 -1.0000000000000000
284 70 -9.0000000000000000
309 70 1.0000000000000000
310 70 1.0000000000000000
23 71 -1.0000000000000000
35 71 -1.0000000000000000
69 71 -1.0000000000000000
71 71 13.0000000000000000
112 71 -85.7999999999999972
132 71 1.0000000000000000
133 71 -1.0000000000000000
284 71 -9.0000000000000000
315 71 1.0000000000000000
316 71 1.0000000000000000
24 72 -1.0000000000000000
36 72 -1.0000000000000000
70 72 -1.0000000000000000
72 72 13.0000000000000000
112 72 -85.7999999999999972
132 72 1.0000000000000000
133 72 -1.0000000000000000
284 72 -9.0000000000000000
315 72 1.0000000000000000
316 72 1.0000000000000000
13 73 -1.0000000000000000
25 73 -1.0000000000000000
73 73 12.0000000000000000
75 73 -1.0000000000000000
110 73 -3.0000000000000000
112 73 -107.0499999999999972
134 73 -1.0000000000000000
321 73 -9.0000000000000000
324 73 1.0000000000000000
325 73 1.0000000000000000
14 74 -1.0000000000000000
26 74 -1.0000000000000000
74 74 12.0000000000000000
76 74 -1.0000000000000000
110 74 -3.0000000000000000
112 74 -107.0499999999999972
134 74 -1.0000000000000000
321 74 -9.0000000000000000
324 74 1.0000000000000000
325 74 1.0000000000000000
15 75 -1.0000000000000000
27 75 -1.0000000000000000
73 75 -1.0000000000000000
75 75 13.0000000000000000
77 75 -1.0000000000000000
112 75 -107.0499999999999972
134 75 1.0000000000000000
135 75 -1.0000000000000000
321 75 -9.0000000000000000
330 75 1.0000000000000000
331 75 1.0000000000000000
16 76 -1.0000000000000000
28 76 -1.0000000000000000
74 76 -1.0000000000000000
76 76 13.0000000000000000
78 76 -1.0000000000000000
112 76 -107.0499999999999972
134 76 1.0000000000000000
135 76 -1.0000000000000000
321 76 -9.0000000000000000
330 76 1.0000000000000000
331 76 1.0000000000000000
17 77 -1.0000000000000000
29 77 -1.0000000000000000
75 77 -1.0000000000000000
77 77 13.0000000000000000
79 77 -1.0000000000000000
112 77 -107.0499999999999972
135 77 1.0000000000000000
136 77 -1.0000000000000000
322 77 -9.0000000000000000
336 77 1.0000000000000000
337 77 1.0000000000000000
18 78 -1.0000000000000000
30 78 -1.0000000000000000
76 78 -1.0000000000000000
78 78 13.0000000000000000
80 78 -1.0000000000000000
112 78 -107.0499999999999972
135 78 1.0000000000000000
136 78 -1.0000000000000000
322 78 -9.0000000000000000
336 78 1.0000000000000000
337 78 1.0000000000000000
19 79 -1.0000000000000000
31 79 -1.0000000000000000
77 79 -1.0000000000000000
79 79 13.0000000000000000
81 79 -1.0000000000000000
112 79 -107.0499999999999972
136 79 1.0000000000000000
137 79 -1.0000000000000000
322 79 -9.0000000000000000
342 79 1.0000000000000000
343 79 1.0000000000000000
20 80 -1.0000000000000000
32 80 -1.0000000000000000
78 80 -1.0000000000000000
80 80 13.0000000000000000
82 80 -1.0000000000000000
112 80 -107.0499999999999972
136 80 1.0000000000000000
137 80 -1.0000000000000000
322 80 -9.0000000000000000
342 80 1.0000000000000000
343 80 1.0000000000000000
21 81 -1.0000000000000000
33 81 -1.0000000000000000
79 81 -1.0000000000000000
81 81 13.0000000000000000
83 81 -1.0000000000000000
112 81 -107.0499999999999972
137 81 1.0000000000000000
138 81 -1.0000000000000000
323 81 -9.0000000000000000
348 81 1.0000000000000000
349 81 1.0000000000000000
22 82 -1.0000000000000000
34 82 -1.0000000000000000
80 82 -1.0000000000000000
82 82 13.0000000000000000
84 82 -1.0000000000000000
112 82 -107.0499999999999972
137 82 1.0000000000000000
138 82 -1.0000000000000000
323 82 -9.0000000000000000
348 82 1.0000000000000000
349 82 1.0000000000000000
23 83 -1.0000000000000000
35 83 -1.0000000000000000
81 83 -1.0000000000000000
83 83 13.0000000000000000
112 83 -107.0499999999999972
138 83 1.0000000000000000
139 83 -1.0000000000000000
323 83 -9.0000000000000000
354 83 1.0000000000000000
355 83 1.0000000000000000
24 84 -1.0000000000000000
36 84 -1.0000000000000000
82 84 -1.0000000000000000
84 84 13.0000000000000000
112 84 -107.0499999999999972
138 84 1.0000000000000000
139 84 -1.0000000000000000
323 84 -9.0000000000000000
354 84 1.0000000000000000
355 84 1.0000000000000000
85 85 3.0000000000000000
86 85 -1.0000000000000000
109 85 13.4724500000000003
113 85 59.3500000000000014
116 85 1.0000000000000000
140 85 1.0000000000000000
141 85 -1.0000000000000000
166 85 1.0000000000000000
167 85 -1.0000000000000000
85 86 -1.0000000000000000
86 86 2.0000000000000000
87 86 -1.0000000000000000
116 86 -1.0000000000000000
117 86 1.0000000000000000
86 87 -1.0000000000000000
87 87 4.0000000000000000
88 87 -1.0000000000000000
109 87 9.4960000000000004
114 87 59.3500000000000014
117 87 -1.0000000000000000
118 87 1.0000000000000000
142 87 1.0000000000000000
143 87 -1.0000000000000000
169 87 1.0000000000000000
170 87 -1.0000000000000000
87 88 -1.0000000000000000
88 88 2.0000000000000000
89 88 -1.0000000000000000
118 88 -1.0000000000000000
119 88 1.0000000000000000
88 89 -1.0000000000000000
89 89 4.0000000000000000
90 89 -1.0000000000000000
109 89 5.0447500000000005
115 89 59.3500000000000014
119 89 -1.0000000000000000
120 89 1.0000000000000000
144 89 1.0000000000000000
145 89 -1.0000000000000000
172 89 1.0000000000000000
173 89 -1.0000000000000000
89 90 -1.0000000000000000
90 90 2.0000000000000000
120 90 -1.0000000000000000
121 90 1.0000000000000000
91 91 3.0000000000000000
92 91 -1.0000000000000000
109 91 13.4724500000000003
113 91 59.3500000000000014
122 91 1.0000000000000000
146 91 1.0000000000000000
147 91 -1.0000000000000000
176 91 1.0000000000000000
177 91 -1.0000000000000000
91 92 -1.0000000000000000
92 92 2.0000000000000000
93 92 -1.0000000000000000
122 92 -1.0000000000000000
123 92 1.0000000000000000
92 93 -1.0000000000000000
93 93 4.0000000000000000
94 93 -1.0000000000000000
109 93 9.4960000000000004
114 93 59.3500000000000014
123 93 -1.0000000000000000
124 93 1.0000000000000000
148 93 1.0000000000000000
149 93 -1.0000000000000000
179 93 1.0000000000000000
180 93 -1.0000000000000000
93 94 -1.0000000000000000
94 94 2.0000000000000000
95 94 -1.0000000000000000
124 94 -1.0000000000000000
125 94 1.0000000000000000
94 95 -1.0000000000000000
95 95 4.0000000000000000
96 95 -1.0000000000000000
109 95 5.0447500000000005
115 95 59.3500000000000014
125 95 -1.0000000000000000
126 95 1.0000000000000000
150 95 1.0000000000000000
151 95 -1.0000000000000000
182 95 1.0000000000000000
183 95 -1.0000000000000000
95 96 -1.0000000000000000
96 96 2.0000000000000000
126 96 -1.0000000000000000
127 96 1.0000000000000000
97 97 3.0000000000000000
98 97 -1.0000000000000000
109 97 13.4724500000000003
113 97 59.3500000000000014
128 97 1.0000000000000000
152 97 1.0000000000000000
153 97 -1.0000000000000000
186 97 1.0000000000000000
187 97 -1.0000000000000000
97 98 -1.0000000000000000
98 98 2.0000000000000000
99 98 -1.0000000000000000
128 98 -1.0000000000000000
129 98 1.0000000000000000
98 99 -1.0000000000000000
99 99 4.0000000000000000
100 99 -1.0000000000000000
109 99 9.4960000000000004
114 99 59.3500000000000014
129 99 -1.0000000000000000
130 99 1.0000000000000000
154 99 1.0000000000000000
155 99 -1.0000000000000000
189 99 1.0000000000000000
190 99 -1.0000000000000000
99 100 -1.0000000000000000
100 100 2.0000000000000000
101 100 -1.0000000000000000
130 100 -1.0000000000000000
131 100 1.0000000000000000
100 101 -1.0000000000000000
101 101 4.0000000000000000
102 101 -1.0000000000000000
109 101 5.0447500000000005
115 101 59.3500000000000014
131 101 -1.0000000000000000
132 101 1.0000000000000000
156 101 1.0000000000000000
157 101 -1.0000000000000000
192 101 1.0000000000000000
193 101 -1.0000000000000000
101 102 -1.0000000000000000
102 102 2.0000000000000000
132 102 -1.0000000000000000
133 102 1.0000000000000000
103 103 3.0000000000000000
104 103 -1.0000000000000000
109 103 13.4724500000000003
113 103 59.3500000000000014
134 103 1.0000000000000000
158 103 1.0000000000000000
159 103 -1.0000000000000000
196 103 1.0000000000000000
197 103 -1.0000000000000000
103 104 -1.0000000000000000
104 104 2.0000000000000000
105 104 -1.0000000000000000
134 104 -1.0000000000000000
135 104 1.0000000000000000
104 105 -1.0000000000000000
105 105 4.0000000000000000
106 105 -1.0000000000000000
109 105 9.4960000000000004
114 105 59.3500000000000014
135 105 -1.0000000000000000
136 105 1.0000000000000000
160 105 1.0000000000000000
161 105 -1.0000000000000000
199 105 1.0000000000000000
200 105 -1.0000000000000000
105 106 -1.0000000000000000
106 106 2.0000000000000000
107 106 -1.0000000000000000
136 106 -1.0000000000000000
137 106 1.0000000000000000
106 107 -1.0000000000000000
107 107 4.0000000000000000
108 107 -1.0000000000000000
109 107 5.0447500000000005
115 107 59.3500000000000014
137 107 -1.0000000000000000
138 107 1.0000000000000000
162 107 1.0000000000000000
163 107 -1.0000000000000000
202 107 1.0000000000000000
203 107 -1.0000000000000000
107 108 -1.0000000000000000
108 108 2.0000000000000000
138 108 -1.0000000000000000
139 108 1.0000000000000000
85 109 13.4724500000000003
87 109 9.4960000000000004
89 109 5.0447500000000005
91 109 13.4724500000000003
93 109 9.4960000000000004
95 109 5.0447500000000005
97 109 13.4724500000000003
99 109 9.4960000000000004
101 109 5.0447500000000005
103 109 13.4724500000000003
105 109 9.4960000000000004
107 109 5.0447500000000005
109 109 34828.6822126600018237
113 109 93722.6908299999922747
114 109 66060.0463999999919906
115 109 35094.3996499999993830
140 109 -1014.2927499999998417
141 109 197.0927499999999952
142 109 -714.9199999999999591
143 109 138.9199999999999875
144 109 -379.8012499999999818
145 109 73.8012499999999960
146 109 -1014.2927499999998417
147 109 197.0927499999999952
148 109 -714.9199999999999591
149 109 138.9199999999999875
150 109 -379.8012499999999818
151 109 73.8012499999999960
152 109 -1014.2927499999998417
153 109 197.0927499999999952
154 109 -714.9199999999999591
155 109 138.9199999999999875
156 109 -379.8012499999999818
157 109 73.8012499999999960
158 109 -1014.2927499999998417
159 109 197.0927499999999952
160 109 -714.9199999999999591
161 109 138.9199999999999875
162 109 -379.8012499999999818
163 109 73.8012499999999960
164 109 141.5999999999999943
165 109 24.2890000000000015
166 109 -236.6248000000000218
167 109 42.3128000000000029
168 109 -50.9799999999999898
169 109 -166.7840000000000202
170 109 29.8240000000000016
171 109 -107.0049999999999955
172 109 -88.6039999999999992
173 109 15.8440000000000012
174 109 141.5999999999999943
175 109 24.2890000000000015
176 109 -236.6248000000000218
177 109 42.3128000000000029
178 109 -50.9799999999999898
179 109 -166.7840000000000202
180 109 29.8240000000000016
181 109 -107.0049999999999955
182 109 -88.6039999999999992
183 109 15.8440000000000012
184 109 141.5999999999999943
185 109 24.2890000000000015
186 109 -236.6248000000000218
187 109 42.3128000000000029
188 109 -50.9799999999999898
189 109 -166.7840000000000202
190 109 29.8240000000000016
191 109 -107.0049999999999955
192 109 -88.6039999999999992
193 109 15.8440000000000012
194 109 141.5999999999999943
195 109 24.2890000000000015
196 109 -236.6248000000000218
197 109 42.3128000000000029
198 109 -50.9799999999999898
199 109 -166.7840000000000202
200 109 29.8240000000000016
201 109 -107.0049999999999955
202 109 -88.6039999999999992
203 109 15.8440000000000012
204 109 -1702.4999999999997726
205 109 -2902.5000000000000000
206 109 -3540.0000000000000000
243 109 -1702.4999999999997726
244 109 -2902.5000000000000000
245 109 -3540.0000000000000000
282 109 -1702.4999999999997726
283 109 -2902.5000000000000000
284 109 -3540.0000000000000000
321 109 -1702.4999999999997726
322 109 -2902.5000000000000000
323 109 -3540.0000000000000000
37 110 -3.0000000000000000
38 110 -3.0000000000000000
49 110 -3.0000000000000000
50 110 -3.0000000000000000
61 110 -3.0000000000000000
62 110 -3.0000000000000000
73 110 -3.0000000000000000
74 110 -3.0000000000000000
110 110 433.0000000000000000
116 110 6.0000000000000000
117 110 6.0000000000000000
118 110 6.0000000000000000
119 110 6.0000000000000000
120 110 6.0000000000000000
121 110 6.0000000000000000
122 110 6.0000000000000000
123 110 6.0000000000000000
124 110 6.0000000000000000
125 110 6.0000000000000000
126 110 6.0000000000000000
127 110 6.0000000000000000
128 110 6.0000000000000000
129 110 6.0000000000000000
130 110 6.0000000000000000
131 110 6.0000000000000000
132 110 6.0000000000000000
133 110 6.0000000000000000
134 110 6.0000000000000000
135 110 6.0000000000000000
136 110 6.0000000000000000
137 110 6.0000000000000000
138 110 6.0000000000000000
139 110 6.0000000000000000
2 111 -5.5000000000000000
4 111 -5.5000000000000000
6 111 -5.5000000000000000
8 111 -5.5000000000000000
10 111 -5.5000000000000000
12 111 -5.5000000000000000
111 111 92.5000000000000000
13 112 -245.5999999999999943
14 112 -245.5999999999999943
15 112 -245.5999999999999943
16 112 -245.5999999999999943
17 112 -245.5999999999999943
18 112 -245.5999999999999943
19 112 -245.5999999999999943
20 112 -245.5999999999999943
21 112 -245.5999999999999943
22 112 -245.5999999999999943
23 112 -245.5999999999999943
24 112 -245.5999999999999943
25 112 -263.6999999999999318
26 112 -263.6999999999999318
27 112 -263.6999999999999318
28 112 -263.6999999999999318
29 112 -263.6999999999999318
30 112 -263.6999999999999318
31 112 -263.6999999999999318
32 112 -263.6999999999999318
33 112 -263.6999999999999318
34 112 -263.6999999999999318
35 112 -263.6999999999999318
36 112 -263.6999999999999318
37 112 -79.9000000000000057
38 112 -79.9000000000000057
39 112 -79.9000000000000057
40 112 -79.9000000000000057
41 112 -79.9000000000000057
42 112 -79.9000000000000057
43 112 -79.9000000000000057
44 112 -79.9000000000000057
45 112 -79.9000000000000057
46 112 -79.9000000000000057
47 112 -79.9000000000000057
48 112 -79.9000000000000057
49 112 -90.7999999999999972
50 112 -90.7999999999999972
51 112 -90.7999999999999972
52 112 -90.7999999999999972
53 112 -90.7999999999999972
54 112 -90.7999999999999972
55 112 -90.7999999999999972
56 112 -90.7999999999999972
57 112 -90.7999999999999972
58 112 -90.7999999999999972
59 112 -90.7999999999999972
60 112 -90.7999999999999972
61 112 -85.7999999999999972
62 112 -85.7999999999999972
63 112 -85.7999999999999972
64 112 -85.7999999999999972
65 112 -85.7999999999999972
66 112 -85.7999999999999972
67 112 -85.7999999999999972
68 112 -85.7999999999999972
69 112 -85.7999999999999972
70 112 -85.7999999999999972
71 112 -85.7999999999999972
72 112 -85.7999999999999972
73 112 -107.0499999999999972
74 112 -107.0499999999999972
75 112 -107.0499999999999972
76 112 -107.0499999999999972
77 112 -107.0499999999999972
78 112 -107.0499999999999972
79 112 -107.0499999999999972
80 112 -107.0499999999999972
81 112 -107.0499999999999972
82 112 -107.0499999999999972
83 112 -107.0499999999999972
84 112 -107.0499999999999972
112 112 244515.8050000003131572
204 112 319.5999999999998522
205 112 319.5999999999998522
206 112 319.5999999999998522
207 112 -24.3999999999999986
208 112 -34.5000000000000000
209 112 10.5500000000000007
210 112 17.0000000000000000
211 112 -10.5500000000000007
212 112 -17.0000000000000000
213 112 -24.3999999999999986
214 112 -34.5000000000000000
215 112 10.5500000000000007
216 112 17.0000000000000000
217 112 -10.5500000000000007
218 112 -17.0000000000000000
219 112 -24.3999999999999986
220 112 -34.5000000000000000
221 112 10.5500000000000007
222 112 17.0000000000000000
223 112 -10.5500000000000007
224 112 -17.0000000000000000
225 112 -24.3999999999999986
226 112 -34.5000000000000000
227 112 10.5500000000000007
228 112 17.0000000000000000
229 112 -10.5500000000000007
230 112 -17.0000000000000000
231 112 -24.3999999999999986
232 112 -34.5000000000000000
233 112 10.5500000000000007
234 112 17.0000000000000000
235 112 -10.5500000000000007
236 112 -17.0000000000000000
237 112 -24.3999999999999986
238 112 -34.5000000000000000
239 112 10.5500000000000007
240 112 17.0000000000000000
241 112 -10.5500000000000007
242 112 -17.0000000000000000
243 112 363.1999999999999318
244 112 363.1999999999999318
245 112 363.1999999999999318
246 112 -30.1499999999999986
247 112 -33.5499999999999972
248 112 13.8499999999999996
249 112 16.5500000000000007
250 112 -13.8499999999999996
251 112 -16.5500000000000007
252 112 -30.1499999999999986
253 112 -33.5499999999999972
254 112 13.8499999999999996
255 112 16.5500000000000007
256 112 -13.8499999999999996
257 112 -16.5500000000000007
258 112 -30.1499999999999986
259 112 -33.5499999999999972
260 112 13.8499999999999996
261 112 16.5500000000000007
262 112 -13.8499999999999996
263 112 -16.5500000000000007
264 112 -30.1499999999999986
265 112 -33.5499999999999972
266 112 13.8499999999999996
267 112 16.5500000000000007
268 112 -13.8499999999999996
269 112 -16.5500000000000007
270 112 -30.1499999999999986
271 112 -33.5499999999999972
272 112 13.8499999999999996
273 112 16.5500000000000007
274 112 -13.8499999999999996
275 112 -16.5500000000000007
276 112 -30.1499999999999986
277 112 -33.5499999999999972
278 112 13.8499999999999996
279 112 16.5500000000000007
280 112 -13.8499999999999996
281 112 -16.5500000000000007
282 112 343.2000000000002728
283 112 343.2000000000002728
284 112 343.2000000000002728
285 112 -30.1499999999999986
286 112 -29.5500000000000007
287 112 13.8499999999999996
288 112 14.5500000000000007
289 112 -13.8499999999999996
290 112 -14.5500000000000007
291 112 -30.1499999999999986
292 112 -29.5500000000000007
293 112 13.8499999999999996
294 112 14.5500000000000007
295 112 -13.8499999999999996
296 112 -14.5500000000000007
297 112 -30.1499999999999986
298 112 -29.5500000000000007
299 112 13.8499999999999996
300 112 14.5500000000000007
301 112 -13.8499999999999996
302 112 -14.5500000000000007
303 112 -30.1499999999999986
304 112 -29.5500000000000007
305 112 13.8499999999999996
306 112 14.5500000000000007
307 112 -13.8499999999999996
308 112 -14.5500000000000007
309 112 -30.1499999999999986
310 112 -29.5500000000000007
311 112 13.8499999999999996
312 112 14.5500000000000007
313 112 -13.8499999999999996
314 112 -14.5500000000000007
315 112 -30.1499999999999986
316 112 -29.5500000000000007
317 112 13.8499999999999996
318 112 14.5500000000000007
319 112 -13.8499999999999996
320 112 -14.5500000000000007
321 112 428.1999999999998749
322 112 428.1999999999998749
323 112 428.1999999999998749
324 112 -30.1499999999999986
325 112 -28.3999999999999986
326 112 13.8499999999999996
327 112 13.8499999999999996
328 112 -13.8499999999999996
329 112 -13.8499999999999996
330 112 -30.1499999999999986
331 112 -28.3999999999999986
332 112 13.8499999999999996
333 112 13.8499999999999996
334 112 -13.8499999999999996
335 112 -13.8499999999999996
336 112 -30.1499999999999986
337 112 -28.3999999999999986
338 112 13.8499999999999996
339 112 13.8499999999999996
340 112 -13.8499999999999996
341 112 -13.8499999999999996
342 112 -30.1499999999999986
343 112 -28.3999999999999986
344 112 13.8499999999999996
345 112 13.8499999999999996
346 112 -13.8499999999999996
347 112 -13.8499999999999996
348 112 -30.1499999999999986
349 112 -28.3999999999999986
350 112 13.8499999999999996
351 112 13.8499999999999996
352 112 -13.8499999999999996
353 112 -13.8499999999999996
354 112 -30.1499999999999986
355 112 -28.3999999999999986
356 112 13.8499999999999996
357 112 13.8499999999999996
358 112 -13.8499999999999996
359 112 -13.8499999999999996
85 113 59.3500000000000014
91 113 59.3500000000000014
97 113 59.3500000000000014
103 113 59.3500000000000014
109 113 93722.6908299999922747
113 113 412877.2900000000372529
140 113 -4468.2500000000000000
141 113 868.2500000000000000
146 113 -4468.2500000000000000
147 113 868.2500000000000000
152 113 -4468.2500000000000000
153 113 868.2500000000000000
158 113 -4468.2500000000000000
159 113 868.2500000000000000
164 113 300.0000000000000000
165 113 107.0000000000000000
166 113 -1042.4000000000000909
167 113 186.4000000000000057
168 113 -300.0000000000000000
171 113 -300.0000000000000000
174 113 300.0000000000000000
175 113 107.0000000000000000
176 113 -1042.4000000000000909
177 113 186.4000000000000057
178 113 -300.0000000000000000
181 113 -300.0000000000000000
184 113 300.0000000000000000
185 113 107.0000000000000000
186 113 -1042.4000000000000909
187 113 186.4000000000000057
188 113 -300.0000000000000000
191 113 -300.0000000000000000
194 113 300.0000000000000000
195 113 107.0000000000000000
196 113 -1042.4000000000000909
197 113 186.4000000000000057
198 113 -300.0000000000000000
201 113 -300.0000000000000000
204 113 -7500.0000000000000000
205 113 -7500.0000000000000000
206 113 -7500.0000000000000000
243 113 -7500.0000000000000000
244 113 -7500.0000000000000000
245 113 -7500.0000000000000000
282 113 -7500.0000000000000000
283 113 -7500.0000000000000000
284 113 -7500.0000000000000000
321 113 -7500.0000000000000000
322 113 -7500.0000000000000000
323 113 -7500.0000000000000000
87 114 59.3500000000000014
93 114 59.3500000000000014
99 114 59.3500000000000014
105 114 59.3500000000000014
109 114 66060.0463999999919906
114 114 412877.2900000000372529
142 114 -4468.2500000000000000
143 114 868.2500000000000000
148 114 -4468.2500000000000000
149 114 868.2500000000000000
154 114 -4468.2500000000000000
155 114 868.2500000000000000
160 114 -4468.2500000000000000
161 114 868.2500000000000000
164 114 300.0000000000000000
168 114 107.0000000000000000
169 114 -1042.4000000000000909
170 114 186.4000000000000057
171 114 -300.0000000000000000
174 114 300.0000000000000000
178 114 107.0000000000000000
179 114 -1042.4000000000000909
180 114 186.4000000000000057
181 114 -300.0000000000000000
184 114 300.0000000000000000
188 114 107.0000000000000000
189 114 -1042.4000000000000909
190 114 186.4000000000000057
191 114 -300.0000000000000000
194 114 300.0000000000000000
198 114 107.0000000000000000
199 114 -1042.4000000000000909
200 114 186.4000000000000057
201 114 -300.0000000000000000
205 114 -7500.0000000000000000
206 114 -7500.0000000000000000
244 114 -7500.0000000000000000
245 114 -7500.0000000000000000
283 114 -7500.0000000000000000
284 114 -7500.0000000000000000
322 114 -7500.0000000000000000
323 114 -7500.0000000000000000
89 115 59.3500000000000014
95 115 59.3500000000000014
101 115 59.3500000000000014
107 115 59.3500000000000014
109 115 35094.3996499999993830
115 115 412877.2900000000372529
144 115 -4468.2500000000000000
145 115 868.2500000000000000
150 115 -4468.2500000000000000
151 115 868.2500000000000000
156 115 -4468.2500000000000000
157 115 868.2500000000000000
162 115 -4468.2500000000000000
163 115 868.2500000000000000
164 115 300.0000000000000000
171 115 107.0000000000000000
172 115 -1042.4000000000000909
173 115 186.4000000000000057
174 115 300.0000000000000000
181 115 107.0000000000000000
182 115 -1042.4000000000000909
183 115 186.4000000000000057
184 115 300.0000000000000000
191 115 107.0000000000000000
192 115 -1042.4000000000000909
193 115 186.4000000000000057
194 115 300.0000000000000000
201 115 107.0000000000000000
202 115 -1042.4000000000000909
203 115 186.4000000000000057
206 115 -7500.0000000000000000
245 115 -7500.0000000000000000
284 115 -7500.0000000000000000
323 115 -7500.0000000000000000
37 116 -1.0000000000000000
38 116 -1.0000000000000000
39 116 1.0000000000000000
40 116 1.0000000000000000
85 116 1.0000000000000000
86 116 -1.0000000000000000
110 116 6.0000000000000000
116 116 4.0000000000000000
39 117 -1.0000000000000000
40 117 -1.0000000000000000
41 117 1.0000000000000000
42 117 1.0000000000000000
86 117 1.0000000000000000
87 117 -1.0000000000000000
110 117 6.0000000000000000
117 117 4.0000000000000000
41 118 -1.0000000000000000
42 118 -1.0000000000000000
43 118 1.0000000000000000
44 118 1.0000000000000000
87 118 1.0000000000000000
88 118 -1.0000000000000000
110 118 6.0000000000000000
118 118 4.0000000000000000
43 119 -1.0000000000000000
44 119 -1.0000000000000000
45 119 1.0000000000000000
46 119 1.0000000000000000
88 119 1.0000000000000000
89 119 -1.0000000000000000
110 119 6.0000000000000000
119 119 4.0000000000000000
45 120 -1.0000000000000000
46 120 -1.0000000000000000
47 120 1.0000000000000000
48 120 1.0000000000000000
89 120 1.0000000000000000
90 120 -1.0000000000000000
110 120 6.0000000000000000
120 120 4.0000000000000000
47 121 -1.0000000000000000
48 121 -1.0000000000000000
90 121 1.0000000000000000
110 121 6.0000000000000000
121 121 4.0000000000000000
49 122 -1.0000000000000000
50 122 -1.0000000000000000
51 122 1.0000000000000000
52 122 1.0000000000000000
91 122 1.0000000000000000
92 122 -1.0000000000000000
110 122 6.0000000000000000
122 122 4.0000000000000000
51 123 -1.0000000000000000
52 123 -1.0000000000000000
53 123 1.0000000000000000
54 123 1.0000000000000000
92 123 1.0000000000000000
93 123 -1.0000000000000000
110 123 6.0000000000000000
123 123 4.0000000000000000
53 124 -1.0000000000000000
54 124 -1.0000000000000000
55 124 1.0000000000000000
56 124 1.0000000000000000
93 124 1.0000000000000000
94 124 -1.0000000000000000
110 124 6.0000000000000000
124 124 4.0000000000000000
55 125 -1.0000000000000000
56 125 -1.0000000000000000
57 125 1.0000000000000000
58 125 1.0000000000000000
94 125 1.0000000000000000
95 125 -1.0000000000000000
110 125 6.0000000000000000
125 125 4.0000000000000000
57 126 -1.0000000000000000
58 126 -1.0000000000000000
59 126 1.0000000000000000
60 126 1.0000000000000000
95 126 1.0000000000000000
96 126 -1.0000000000000000
110 126 6.0000000000000000
126 126 4.0000000000000000
59 127 -1.0000000000000000
60 127 -1.0000000000000000
96 127 1.0000000000000000
110 127 6.0000000000000000
127 127 4.0000000000000000
61 128 -1.0000000000000000
62 128 -1.0000000000000000
63 128 1.0000000000000000
64 128 1.0000000000000000
97 128 1.0000000000000000
98 128 -1.0000000000000000
110 128 6.0000000000000000
128 128 4.0000000000000000
63 129 -1.0000000000000000
64 129 -1.0000000000000000
65 129 1.0000000000000000
66 129 1.0000000000000000
98 129 1.0000000000000000
99 129 -1.0000000000000000
110 129 6.0000000000000000
129 129 4.0000000000000000
65 130 -1.0000000000000000
66 130 -1.0000000000000000
67 130 1.0000000000000000
68 130 1.0000000000000000
99 130 1.0000000000000000
100 130 -1.0000000000000000
110 130 6.0000000000000000
130 130 4.0000000000000000
67 131 -1.0000000000000000
68 131 -1.0000000000000000
69 131 1.0000000000000000
70 131 1.0000000000000000
100 131 1.0000000000000000
101 131 -1.0000000000000000
110 131 6.0000000000000000
131 131 4.0000000000000000
69 132 -1.0000000000000000
70 132 -1.0000000000000000
71 132 1.0000000000000000
72 132 1.0000000000000000
101 132 1.0000000000000000
102 132 -1.0000000000000000
110 132 6.0000000000000000
132 132 4.0000000000000000
71 133 -1.0000000000000000
72 133 -1.0000000000000000
102 133 1.0000000000000000
110 133 6.0000000000000000
133 133 4.0000000000000000
73 134 -1.0000000000000000
74 134 -1.0000000000000000
75 134 1.0000000000000000
76 134 1.0000000000000000
103 134 1.0000000000000000
104 134 -1.0000000000000000
110 134 6.0000000000000000
134 134 4.0000000000000000
75 135 -1.0000000000000000
76 135 -1.0000000000000000
77 135 1.0000000000000000
78 135 1.0000000000000000
104 135 1.0000000000000000
105 135 -1.0000000000000000
110 135 6.0000000000000000
135 135 4.0000000000000000
77 136 -1.0000000000000000
78 136 -1.0000000000000000
79 136 1.0000000000000000
80 136 1.0000000000000000
105 136 1.0000000000000000
106 136 -1.0000000000000000
110 136 6.0000000000000000
136 136 4.0000000000000000
79 137 -1.0000000000000000
80 137 -1.0000000000000000
81 137 1.0000000000000000
82 137 1.0000000000000000
106 137 1.0000000000000000
107 137 -1.0000000000000000
110 137 6.0000000000000000
137 137 4.0000000000000000
81 138 -1.0000000000000000
82 138 -1.0000000000000000
83 138 1.0000000000000000
84 138 1.0000000000000000
107 138 1.0000000000000000
108 138 -1.0000000000000000
110 138 6.0000000000000000
138 138 4.0000000000000000
83 139 -1.0000000000000000
84 139 -1.0000000000000000
108 139 1.0000000000000000
110 139 6.0000000000000000
139 139 4.0000000000000000
85 140 1.0000000000000000
109 140 -1014.2927499999998417
113 140 -4468.2500000000000000
140 140 227.0000000000000000
141 140 -46.0000000000000000
164 140 -15.0000000000000000
168 140 15.0000000000000000
171 140 15.0000000000000000
204 140 375.0000000000000000
205 140 375.0000000000000000
206 140 375.0000000000000000
85 141 -1.0000000000000000
109 141 197.0927499999999952
113 141 868.2500000000000000
140 141 -46.0000000000000000
141 141 11.0000000000000000
164 141 3.0000000000000000
168 141 -3.0000000000000000
171 141 -3.0000000000000000
204 141 -75.0000000000000000
205 141 -75.0000000000000000
206 141 -75.0000000000000000
87 142 1.0000000000000000
109 142 -714.9199999999999591
114 142 -4468.2500000000000000
142 142 227.0000000000000000
143 142 -46.0000000000000000
164 142 -15.0000000000000000
171 142 15.0000000000000000
205 142 375.0000000000000000
206 142 375.0000000000000000
87 143 -1.0000000000000000
109 143 138.9199999999999875
114 143 868.2500000000000000
142 143 -46.0000000000000000
143 143 11.0000000000000000
164 143 3.0000000000000000
171 143 -3.0000000000000000
205 143 -75.0000000000000000
206 143 -75.0000000000000000
89 144 1.0000000000000000
109 144 -379.8012499999999818
115 144 -4468.2500000000000000
144 144 227.0000000000000000
145 144 -46.0000000000000000
164 144 -15.0000000000000000
206 144 375.0000000000000000
89 145 -1.0000000000000000
109 145 73.8012499999999960
115 145 868.2500000000000000
144 145 -46.0000000000000000
145 145 11.0000000000000000
164 145 3.0000000000000000
206 145 -75.0000000000000000
91 146 1.0000000000000000
109 146 -1014.2927499999998417
113 146 -4468.2500000000000000
146 146 227.0000000000000000
147 146 -46.0000000000000000
174 146 -15.0000000000000000
178 146 15.0000000000000000
181 146 15.0000000000000000
243 146 375.0000000000000000
244 146 375.0000000000000000
245 146 375.0000000000000000
91 147 -1.0000000000000000
109 147 197.0927499999999952
113 147 868.2500000000000000
146 147 -46.0000000000000000
147 147 11.0000000000000000
174 147 3.0000000000000000
178 147 -3.0000000000000000
181 147 -3.0000000000000000
243 147 -75.0000000000000000
244 147 -75.0000000000000000
245 147 -75.0000000000000000
93 148 1.0000000000000000
109 148 -714.9199999999999591
114 148 -4468.2500000000000000
148 148 227.0000000000000000
149 148 -46.0000000000000000
174 148 -15.0000000000000000
181 148 15.0000000000000000
244 148 375.0000000000000000
245 148 375.0000000000000000
93 149 -1.0000000000000000
109 149 138.9199999999999875
114 149 868.2500000000000000
148 149 -46.0000000000000000
149 149 11.0000000000000000
174 149 3.0000000000000000
181 149 -3.0000000000000000
244 149 -75.0000000000000000
245 149 -75.0000000000000000
95 150 1.0000000000000000
109 150 -379.8012499999999818
115 150 -4468.2500000000000000
150 150 227.0000000000000000
151 150 -46.0000000000000000
174 150 -15.0000000000000000
245 150 375.0000000000000000
95 151 -1.0000000000000000
109 151 73.8012499999999960
115 151 868.2500000000000000
150 151 -46.0000000000000000
151 151 11.0000000000000000
174 151 3.0000000000000000
245 151 -75.0000000000000000
97 152 1.0000000000000000
109 152 -1014.2927499999998417
113 152 -4468.2500000000000000
152 152 227.0000000000000000
153 152 -46.0000000000000000
184 152 -15.0000000000000000
188 152 15.0000000000000000
191 152 15.0000000000000000
282 152 375.0000000000000000
283 152 375.0000000000000000
284 152 375.0000000000000000
97 153 -1.0000000000000000
109 153 197.0927499999999952
113 153 868.2500000000000000
152 153 -46.0000000000000000
153 153 11.0000000000000000
184 153 3.0000000000000000
188 153 -3.0000000000000000
191 153 -3.0000000000000000
282 153 -75.0000000000000000
283 153 -75.0000000000000000
284 153 -75.0000000000000000
99 154 1.0000000000000000
109 154 -714.9199999999999591
114 154 -4468.2500000000000000
154 154 227.0000000000000000
155 154 -46.0000000000000000
184 154 -15.0000000000000000
191 154 15.0000000000000000
283 154 375.0000000000000000
284 154 375.0000000000000000
99 155 -1.0000000000000000
109 155 138.9199999999999875
114 155 868.2500000000000000
154 155 -46.0000000000000000
155 155 11.0000000000000000
184 155 3.0000000000000000
191 155 -3.0000000000000000
283 155 -75.0000000000000000
284 155 -75.0000000000000000
101 156 1.0000000000000000
109 156 -379.8012499999999818
115 156 -4468.2500000000000000
156 156 227.0000000000000000
157 156 -46.0000000000000000
184 156 -15.0000000000000000
284 156 375.0000000000000000
101 157 -1.0000000000000000
109 157 73.8012499999999960
115 157 868.2500000000000000
156 157 -46.0000000000000000
157 157 11.0000000000000000
184 157 3.0000000000000000
284 157 -75.0000000000000000
103 158 1.0000000000000000
109 158 -1014.2927499999998417
113 158 -4468.2500000000000000
158 158 227.0000000000000000
159 158 -46.0000000000000000
194 158 -15.0000000000000000
198 158 15.0000000000000000
201 158 15.0000000000000000
321 158 375.0000000000000000
322 158 375.0000000000000000
323 158 375.0000000000000000
103 159 -1.0000000000000000
109 159 197.0927499999999952
113 159 868.2500000000000000
158 159 -46.0000000000000000
159 159 11.0000000000000000
194 159 3.0000000000000000
198 159 -3.0000000000000000
201 159 -3.0000000000000000
321 159 -75.0000000000000000
322 159 -75.0000000000000000
323 159 -75.0000000000000000
105 160 1.0000000000000000
109 160 -714.9199999999999591
114 160 -4468.2500000000000000
160 160 227.0000000000000000
161 160 -46.0000000000000000
194 160 -15.0000000000000000
201 160 15.0000000000000000
322 160 375.0000000000000000
323 160 375.0000000000000000
105 161 -1.0000000000000000
109 161 138.9199999999999875
114 161 868.2500000000000000
160 161 -46.0000000000000000
161 161 11.0000000000000000
194 161 3.0000000000000000
201 161 -3.0000000000000000
322 161 -75.0000000000000000
323 161 -75.0000000000000000
107 162 1.0000000000000000
109 162 -379.8012499999999818
115 162 -4468.2500000000000000
162 162 227.0000000000000000
163 162 -46.0000000000000000
194 162 -15.0000000000000000
323 162 375.0000000000000000
107 163 -1.0000000000000000
109 163 73.8012499999999960
115 163 868.2500000000000000
162 163 -46.0000000000000000
163 163 11.0000000000000000
194 163 3.0000000000000000
323 163 -75.0000000000000000
109 164 141.5999999999999943
113 164 300.0000000000000000
114 164 300.0000000000000000
115 164 300.0000000000000000
140 164 -15.0000000000000000
141 164 3.0000000000000000
142 164 -15.0000000000000000
143 164 3.0000000000000000
144 164 -15.0000000000000000
145 164 3.0000000000000000
164 164 4.0000000000000000
168 164 -1.0000000000000000
171 164 -2.0000000000000000
204 164 -25.0000000000000000
205 164 -50.0000000000000000
206 164 -75.0000000000000000
109 165 24.2890000000000015
113 165 107.0000000000000000
165 165 2.0000000000000000
166 165 -10.0000000000000000
167 165 2.0000000000000000
85 166 1.0000000000000000
109 166 -236.6248000000000218
113 166 -1042.4000000000000909
165 166 -10.0000000000000000
166 166 102.0000000000000000
167 166 -21.0000000000000000
85 167 -1.0000000000000000
109 167 42.3128000000000029
113 167 186.4000000000000057
165 167 2.0000000000000000
166 167 -21.0000000000000000
167 167 6.0000000000000000
109 168 -50.9799999999999898
113 168 -300.0000000000000000
114 168 107.0000000000000000
140 168 15.0000000000000000
141 168 -3.0000000000000000
164 168 -1.0000000000000000
168 168 3.0000000000000000
169 168 -10.0000000000000000
170 168 2.0000000000000000
171 168 1.0000000000000000
204 168 25.0000000000000000
205 168 25.0000000000000000
206 168 25.0000000000000000
87 169 1.0000000000000000
109 169 -166.7840000000000202
114 169 -1042.4000000000000909
168 169 -10.0000000000000000
169 169 102.0000000000000000
170 169 -21.0000000000000000
87 170 -1.0000000000000000
109 170 29.8240000000000016
114 170 186.4000000000000057
168 170 2.0000000000000000
169 170 -21.0000000000000000
170 170 6.0000000000000000
109 171 -107.0049999999999955
113 171 -300.0000000000000000
114 171 -300.0000000000000000
115 171 107.0000000000000000
140 171 15.0000000000000000
141 171 -3.0000000000000000
142 171 15.0000000000000000
143 171 -3.0000000000000000
164 171 -2.0000000000000000
168 171 1.0000000000000000
171 171 4.0000000000000000
172 171 -10.0000000000000000
173 171 2.0000000000000000
204 171 25.0000000000000000
205 171 50.0000000000000000
206 171 50.0000000000000000
89 172 1.0000000000000000
109 172 -88.6039999999999992
115 172 -1042.4000000000000909
171 172 -10.0000000000000000
172 172 102.0000000000000000
173 172 -21.0000000000000000
89 173 -1.0000000000000000
109 173 15.8440000000000012
115 173 186.4000000000000057
171 173 2.0000000000000000
172 173 -21.0000000000000000
173 173 6.0000000000000000
109 174 141.5999999999999943
113 174 300.0000000000000000
114 174 300.0000000000000000
115 174 300.0000000000000000
146 174 -15.0000000000000000
147 174 3.0000000000000000
148 174 -15.0000000000000000
149 174 3.0000000000000000
150 174 -15.0000000000000000
151 174 3.0000000000000000
174 174 4.0000000000000000
178 174 -1.0000000000000000
181 174 -2.0000000000000000
243 174 -25.0000000000000000
244 174 -50.0000000000000000
245 174 -75.0000000000000000
109 175 24.2890000000000015
113 175 107.0000000000000000
175 175 2.0000000000000000
176 175 -10.0000000000000000
177 175 2.0000000000000000
91 176 1.0000000000000000
109 176 -236.6248000000000218
113 176 -1042.4000000000000909
175 176 -10.0000000000000000
176 176 102.0000000000000000
177 176 -21.0000000000000000
91 177 -1.0000000000000000
109 177 42.3128000000000029
113 177 186.4000000000000057
175 177 2.0000000000000000
176 177 -21.0000000000000000
177 177 6.0000000000000000
109 178 -50.9799999999999898
113 178 -300.0000000000000000
114 178 107.0000000000000000
146 178 15.0000000000000000
147 178 -3.0000000000000000
174 178 -1.0000000000000000
178 178 3.0000000000000000
179 178 -10.0000000000000000
180 178 2.0000000000000000
181 178 1.0000000000000000
243 178 25.0000000000000000
244 178 25.0000000000000000
245 178 25.0000000000000000
93 179 1.0000000000000000
109 179 -166.7840000000000202
114 179 -1042.4000000000000909
178 179 -10.0000000000000000
179 179 102.0000000000000000
180 179 -21.0000000000000000
93 180 -1.0000000000000000
109 180 29.8240000000000016
114 180 186.4000000000000057
178 180 2.0000000000000000
179 180 -21.0000000000000000
180 180 6.0000000000000000
109 181 -107.0049999999999955
113 181 -300.0000000000000000
114 181 -300.0000000000000000
115 181 107.0000000000000000
146 181 15.0000000000000000
147 181 -3.0000000000000000
148 181 15.0000000000000000
149 181 -3.0000000000000000
174 181 -2.0000000000000000
178 181 1.0000000000000000
181 181 4.0000000000000000
182 181 -10.0000000000000000
183 181 2.0000000000000000
243 181 25.0000000000000000
244 181 50.0000000000000000
245 181 50.0000000000000000
95 182 1.0000000000000000
109 182 -88.6039999999999992
115 182 -1042.4000000000000909
181 182 -10.0000000000000000
182 182 102.0000000000000000
183 182 -21.0000000000000000
95 183 -1.0000000000000000
109 183 15.8440000000000012
115 183 186.4000000000000057
181 183 2.0000000000000000
182 183 -21.0000000000000000
183 183 6.0000000000000000
109 184 141.5999999999999943
113 184 300.0000000000000000
114 184 300.0000000000000000
115 184 300.0000000000000000
152 184 -15.0000000000000000
153 184 3.0000000000000000
154 184 -15.0000000000000000
155 184 3.0000000000000000
156 184 -15.0000000000000000
157 184 3.0000000000000000
184 184 4.0000000000000000
188 184 -1.0000000000000000
191 184 -2.0000000000000000
282 184 -25.0000000000000000
283 184 -50.0000000000000000
284 184 -75.0000000000000000
109 185 24.2890000000000015
113 185 107.0000000000000000
185 185 2.0000000000000000
186 185 -10.0000000000000000
187 185 2.0000000000000000
97 186 1.0000000000000000
109 186 -236.6248000000000218
113 186 -1042.4000000000000909
185 186 -10.0000000000000000
186 186 102.0000000000000000
187 186 -21.0000000000000000
97 187 -1.0000000000000000
109 187 42.3128000000000029
113 187 186.4000000000000057
185 187 2.0000000000000000
186 187 -21.0000000000000000
187 187 6.0000000000000000
109 188 -50.9799999999999898
113 188 -300.0000000000000000
114 188 107.0000000000000000
152 188 15.0000000000000000
153 188 -3.0000000000000000
184 188 -1.0000000000000000
188 188 3.0000000000000000
189 188 -10.0000000000000000
190 188 2.0000000000000000
191 188 1.0000000000000000
282 188 25.0000000000000000
283 188 25.0000000000000000
284 188 25.0000000000000000
99 189 1.0000000000000000
109 189 -166.7840000000000202
114 189 -1042.4000000000000909
188 189 -10.0000000000000000
189 189 102.0000000000000000
190 189 -21.0000000000000000
99 190 -1.0000000000000000
109 190 29.8240000000000016
114 190 186.4000000000000057
188 190 2.0000000000000000
189 190 -21.0000000000000000
190 190 6.0000000000000000
109 191 -107.0049999999999955
113 191 -300.0000000000000000
114 191 -300.0000000000000000
115 191 107.0000000000000000
152 191 15.0000000000000000
153 191 -3.0000000000000000
154 191 15.0000000000000000
155 191 -3.0000000000000000
184 191 -2.0000000000000000
188 191 1.0000000000000000
191 191 4.0000000000000000
192 191 -10.0000000000000000
193 191 2.0000000000000000
282 191 25.0000000000000000
283 191 50.0000000000000000
284 191 50.0000000000000000
101 192 1.0000000000000000
109 192 -88.6039999999999992
115 192 -1042.4000000000000909
191 192 -10.0000000000000000
192 192 102.0000000000000000
193 192 -21.0000000000000000
101 193 -1.0000000000000000
109 193 15.8440000000000012
115 193 186.4000000000000057
191 193 2.0000000000000000
192 193 -21.0000000000000000
193 193 6.0000000000000000
109 194 141.5999999999999943
113 194 300.0000000000000000
114 194 300.0000000000000000
115 194 300.0000000000000000
158 194 -15.0000000000000000
159 194 3.0000000000000000
160 194 -15.0000000000000000
161 194 3.0000000000000000
162 194 -15.0000000000000000
163 194 3.0000000000000000
194 194 4.0000000000000000
198 194 -1.0000000000000000
201 194 -2.0000000000000000
321 194 -25.0000000000000000
322 194 -50.0000000000000000
323 194 -75.0000000000000000
109 195 24.2890000000000015
113 195 107.0000000000000000
195 195 2.0000000000000000
196 195 -10.0000000000000000
197 195 2.0000000000000000
103 196 1.0000000000000000
109 196 -236.6248000000000218
113 196 -1042.4000000000000909
195 196 -10.0000000000000000
196 196 102.0000000000000000
197 196 -21.0000000000000000
103 197 -1.0000000000000000
109 197 42.3128000000000029
113 197 186.4000000000000057
195 197 2.0000000000000000
196 197 -21.0000000000000000
197 197 6.0000000000000000
109 198 -50.9799999999999898
113 198 -300.0000000000000000
114 198 107.0000000000000000
158 198 15.0000000000000000
159 198 -3.0000000000000000
194 198 -1.0000000000000000
198 198 3.0000000000000000
199 198 -10.0000000000000000
200 198 2.0000000000000000
201 198 1.0000000000000000
321 198 25.0000000000000000
322 198 25.0000000000000000
323 198 25.0000000000000000
105 199 1.0000000000000000
109 199 -166.7840000000000202
114 199 -1042.4000000000000909
198 199 -10.0000000000000000
199 199 102.0000000000000000
200 199 -21.0000000000000000
105 200 -1.0000000000000000
109 200 29.8240000000000016
114 200 186.4000000000000057
198 200 2.0000000000000000
199 200 -21.0000000000000000
200 200 6.0000000000000000
109 201 -107.0049999999999955
113 201 -300.0000000000000000
114 201 -300.0000000000000000
115 201 107.0000000000000000
158 201 15.0000000000000000
159 201 -3.0000000000000000
160 201 15.0000000000000000
161 201 -3.0000000000000000
194 201 -2.0000000000000000
198 201 1.0000000000000000
201 201 4.0000000000000000
202 201 -10.0000000000000000
203 201 2.0000000000000000
321 201 25.0000000000000000
322 201 50.0000000000000000
323 201 50.0000000000000000
107 202 1.0000000000000000
109 202 -88.6039999999999992
115 202 -1042.4000000000000909
201 202 -10.0000000000000000
202 202 102.0000000000000000
203 202 -21.0000000000000000
107 203 -1.0000000000000000
109 203 15.8440000000000012
115 203 186.4000000000000057
201 203 2.0000000000000000
202 203 -21.0000000000000000
203 203 6.0000000000000000
37 204 -9.0000000000000000
38 204 -9.0000000000000000
39 204 -9.0000000000000000
40 204 -9.0000000000000000
109 204 -1702.4999999999997726
112 204 319.5999999999998522
113 204 -7500.0000000000000000
140 204 375.0000000000000000
141 204 -75.0000000000000000
164 204 -25.0000000000000000
168 204 25.0000000000000000
171 204 25.0000000000000000
204 204 662.0000000000000000
205 204 625.0000000000000000
206 204 625.0000000000000000
41 205 -9.0000000000000000
42 205 -9.0000000000000000
43 205 -9.0000000000000000
44 205 -9.0000000000000000
109 205 -2902.5000000000000000
112 205 319.5999999999998522
113 205 -7500.0000000000000000
114 205 -7500.0000000000000000
140 205 375.0000000000000000
141 205 -75.0000000000000000
142 205 375.0000000000000000
143 205 -75.0000000000000000
164 205 -50.0000000000000000
168 205 25.0000000000000000
171 205 50.0000000000000000
204 205 625.0000000000000000
205 205 1287.0000000000000000
206 205 1250.0000000000000000
45 206 -9.0000000000000000
46 206 -9.0000000000000000
47 206 -9.0000000000000000
48 206 -9.0000000000000000
109 206 -3540.0000000000000000
112 206 319.5999999999998522
113 206 -7500.0000000000000000
114 206 -7500.0000000000000000
115 206 -7500.0000000000000000
140 206 375.0000000000000000
141 206 -75.0000000000000000
142 206 375.0000000000000000
143 206 -75.0000000000000000
144 206 375.0000000000000000
145 206 -75.0000000000000000
164 206 -75.0000000000000000
168 206 25.0000000000000000
171 206 50.0000000000000000
204 206 625.0000000000000000
205 206 1250.0000000000000000
206 206 1912.0000000000000000
13 207 -1.0000000000000000
14 207 -1.0000000000000000
37 207 1.0000000000000000
38 207 1.0000000000000000
112 207 -24.3999999999999986
207 207 4.0000000000000000
209 207 -1.0000000000000000
211 207 1.0000000000000000
25 208 -1.0000000000000000
26 208 -1.0000000000000000
37 208 1.0000000000000000
38 208 1.0000000000000000
112 208 -34.5000000000000000
208 208 4.0000000000000000
210 208 -1.0000000000000000
212 208 1.0000000000000000
112 209 10.5500000000000007
207 209 -1.0000000000000000
209 209 627.0000000000000000
211 209 -251.0000000000000000
112 210 17.0000000000000000
208 210 -1.0000000000000000
210 210 627.0000000000000000
212 210 -251.0000000000000000
112 211 -10.5500000000000007
207 211 1.0000000000000000
209 211 -251.0000000000000000
211 211 102.0000000000000000
112 212 -17.0000000000000000
208 212 1.0000000000000000
210 212 -251.0000000000000000
212 212 102.0000000000000000
15 213 -1.0000000000000000
16 213 -1.0000000000000000
39 213 1.0000000000000000
40 213 1.0000000000000000
112 213 -24.3999999999999986
213 213 4.0000000000000000
215 213 -1.0000000000000000
217 213 1.0000000000000000
27 214 -1.0000000000000000
28 214 -1.0000000000000000
39 214 1.0000000000000000
40 214 1.0000000000000000
112 214 -34.5000000000000000
214 214 4.0000000000000000
216 214 -1.0000000000000000
218 214 1.0000000000000000
112 215 10.5500000000000007
213 215 -1.0000000000000000
215 215 627.0000000000000000
217 215 -251.0000000000000000
112 216 17.0000000000000000
214 216 -1.0000000000000000
216 216 627.0000000000000000
218 216 -251.0000000000000000
112 217 -10.5500000000000007
213 217 1.0000000000000000
215 217 -251.0000000000000000
217 217 102.0000000000000000
112 218 -17.0000000000000000
214 218 1.0000000000000000
216 218 -251.0000000000000000
218 218 102.0000000000000000
17 219 -1.0000000000000000
18 219 -1.0000000000000000
41 219 1.0000000000000000
42 219 1.0000000000000000
112 219 -24.3999999999999986
219 219 4.0000000000000000
221 219 -1.0000000000000000
223 219 1.0000000000000000
29 220 -1.0000000000000000
30 220 -1.0000000000000000
41 220 1.0000000000000000
42 220 1.0000000000000000
112 220 -34.5000000000000000
220 220 4.0000000000000000
222 220 -1.0000000000000000
224 220 1.0000000000000000
112 221 10.5500000000000007
219 221 -1.0000000000000000
221 221 627.0000000000000000
223 221 -251.0000000000000000
112 222 17.0000000000000000
220 222 -1.0000000000000000
222 222 627.0000000000000000
224 222 -251.0000000000000000
112 223 -10.5500000000000007
219 223 1.0000000000000000
221 223 -251.0000000000000000
223 223 102.0000000000000000
112 224 -17.0000000000000000
220 224 1.0000000000000000
222 224 -251.0000000000000000
224 224 102.0000000000000000
19 225 -1.0000000000000000
20 225 -1.0000000000000000
43 225 1.0000000000000000
44 225 1.0000000000000000
112 225 -24.3999999999999986
225 225 4.0000000000000000
227 225 -1.0000000000000000
229 225 1.0000000000000000
31 226 -1.0000000000000000
32 226 -1.0000000000000000
43 226 1.0000000000000000
44 226 1.0000000000000000
112 226 -34.5000000000000000
226 226 4.0000000000000000
228 226 -1.0000000000000000
230 226 1.0000000000000000
112 227 10.5500000000000007
225 227 -1.0000000000000000
227 227 627.0000000000000000
229 227 -251.0000000000000000
112 228 17.0000000000000000
226 228 -1.0000000000000000
228 228 627.0000000000000000
230 228 -251.0000000000000000
112 229 -10.5500000000000007
225 229 1.0000000000000000
227 229 -251.0000000000000000
229 229 102.0000000000000000
112 230 -17.0000000000000000
226 230 1.0000000000000000
228 230 -251.0000000000000000
230 230 102.0000000000000000
21 231 -1.0000000000000000
22 231 -1.0000000000000000
45 231 1.0000000000000000
46 231 1.0000000000000000
112 231 -24.3999999999999986
231 231 4.0000000000000000
233 231 -1.0000000000000000
235 231 1.0000000000000000
33 232 -1.0000000000000000
34 232 -1.0000000000000000
45 232 1.0000000000000000
46 232 1.0000000000000000
112 232 -34.5000000000000000
232 232 4.0000000000000000
234 232 -1.0000000000000000
236 232 1.0000000000000000
112 233 10.5500000000000007
231 233 -1.0000000000000000
233 233 627.0000000000000000
235 233 -251.0000000000000000
112 234 17.0000000000000000
232 234 -1.0000000000000000
234 234 627.0000000000000000
236 234 -251.0000000000000000
112 235 -10.5500000000000007
231 235 1.0000000000000000
233 235 -251.0000000000000000
235 235 102.0000000000000000
112 236 -17.0000000000000000
232 236 1.0000000000000000
234 236 -251.0000000000000000
236 236 102.0000000000000000
23 237 -1.0000000000000000
24 237 -1.0000000000000000
47 237 1.0000000000000000
48 237 1.0000000000000000
112 237 -24.3999999999999986
237 237 4.0000000000000000
239 237 -1.0000000000000000
241 237 1.0000000000000000
35 238 -1.0000000000000000
36 238 -1.0000000000000000
47 238 1.0000000000000000
48 238 1.0000000000000000
112 238 -34.5000000000000000
238 238 4.0000000000000000
240 238 -1.0000000000000000
242 238 1.0000000000000000
112 239 10.5500000000000007
237 239 -1.0000000000000000
239 239 627.0000000000000000
241 239 -251.0000000000000000
112 240 17.0000000000000000
238 240 -1.0000000000000000
240 240 627.0000000000000000
242 240 -251.0000000000000000
112 241 -10.5500000000000007
237 241 1.0000000000000000
239 241 -251.0000000000000000
241 241 102.0000000000000000
112 242 -17.0000000000000000
238 242 1.0000000000000000
240 242 -251.0000000000000000
242 242 102.0000000000000000
49 243 -9.0000000000000000
50 243 -9.0000000000000000
51 243 -9.0000000000000000
52 243 -9.0000000000000000
109 243 -1702.4999999999997726
112 243 363.1999999999999318
113 243 -7500.0000000000000000
146 243 375.0000000000000000
147 243 -75.0000000000000000
174 243 -25.0000000000000000
178 243 25.0000000000000000
181 243 25.0000000000000000
243 243 662.0000000000000000
244 243 625.0000000000000000
245 243 625.0000000000000000
53 244 -9.0000000000000000
54 244 -9.0000000000000000
55 244 -9.0000000000000000
56 244 -9.0000000000000000
109 244 -2902.5000000000000000
112 244 363.1999999999999318
113 244 -7500.0000000000000000
114 244 -7500.0000000000000000
146 244 375.0000000000000000
147 244 -75.0000000000000000
148 244 375.0000000000000000
149 244 -75.0000000000000000
174 244 -50.0000000000000000
178 244 25.0000000000000000
181 244 50.0000000000000000
243 244 625.0000000000000000
244 244 1287.0000000000000000
245 244 1250.0000000000000000
57 245 -9.0000000000000000
58 245 -9.0000000000000000
59 245 -9.0000000000000000
60 245 -9.0000000000000000
109 245 -3540.0000000000000000
112 245 363.1999999999999318
113 245 -7500.0000000000000000
114 245 -7500.0000000000000000
115 245 -7500.0000000000000000
146 245 375.0000000000000000
147 245 -75.0000000000000000
148 245 375.0000000000000000
149 245 -75.0000000000000000
150 245 375.0000000000000000
151 245 -75.0000000000000000
174 245 -75.0000000000000000
178 245 25.0000000000000000
181 245 50.0000000000000000
243 245 625.0000000000000000
244 245 1250.0000000000000000
245 245 1912.0000000000000000
13 246 -1.0000000000000000
14 246 -1.0000000000000000
49 246 1.0000000000000000
50 246 1.0000000000000000
112 246 -30.1499999999999986
246 246 4.0000000000000000
248 246 -1.0000000000000000
250 246 1.0000000000000000
25 247 -1.0000000000000000
26 247 -1.0000000000000000
49 247 1.0000000000000000
50 247 1.0000000000000000
112 247 -33.5499999999999972
247 247 4.0000000000000000
249 247 -1.0000000000000000
251 247 1.0000000000000000
112 248 13.8499999999999996
246 248 -1.0000000000000000
248 248 627.0000000000000000
250 248 -251.0000000000000000
112 249 16.5500000000000007
247 249 -1.0000000000000000
249 249 627.0000000000000000
251 249 -251.0000000000000000
112 250 -13.8499999999999996
246 250 1.0000000000000000
248 250 -251.0000000000000000
250 250 102.0000000000000000
112 251 -16.5500000000000007
247 251 1.0000000000000000
249 251 -251.0000000000000000
251 251 102.0000000000000000
15 252 -1.0000000000000000
16 252 -1.0000000000000000
51 252 1.0000000000000000
52 252 1.0000000000000000
112 252 -30.1499999999999986
252 252 4.0000000000000000
254 252 -1.0000000000000000
256 252 1.0000000000000000
27 253 -1.0000000000000000
28 253 -1.0000000000000000
51 253 1.0000000000000000
52 253 1.0000000000000000
112 253 -33.5499999999999972
253 253 4.0000000000000000
255 253 -1.0000000000000000
257 253 1.0000000000000000
112 254 13.8499999999999996
252 254 -1.0000000000000000
254 254 627.0000000000000000
256 254 -251.0000000000000000
112 255 16.5500000000000007
253 255 -1.0000000000000000
255 255 627.0000000000000000
257 255 -251.0000000000000000
112 256 -13.8499999999999996
252 256 1.0000000000000000
254 256 -251.0000000000000000
256 256 102.0000000000000000
112 257 -16.5500000000000007
253 257 1.0000000000000000
255 257 -251.0000000000000000
257 257 102.0000000000000000
17 258 -1.0000000000000000
18 258 -1.0000000000000000
53 258 1.0000000000000000
54 258 1.0000000000000000
112 258 -30.1499999999999986
258 258 4.0000000000000000
260 258 -1.0000000000000000
262 258 1.0000000000000000
29 259 -1.0000000000000000
30 259 -1.0000000000000000
53 259 1.0000000000000000
54 259 1.0000000000000000
112 259 -33.5499999999999972
259 259 4.0000000000000000
261 259 -1.0000000000000000
263 259 1.0000000000000000
112 260 13.8499999999999996
258 260 -1.0000000000000000
260 260 627.0000000000000000
262 260 -251.0000000000000000
112 261 16.5500000000000007
259 261 -1.0000000000000000
261 261 627.0000000000000000
263 261 -251.0000000000000000
112 262 -13.8499999999999996
258 262 1.0000000000000000
260 262 -251.0000000000000000
262 262 102.0000000000000000
112 263 -16.5500000000000007
259 263 1.0000000000000000
261 263 -251.0000000000000000
263 263 102.0000000000000000
19 264 -1.0000000000000000
20 264 -1.0000000000000000
55 264 1.0000000000000000
56 264 1.0000000000000000
112 264 -30.1499999999999986
264 264 4.0000000000000000
266 264 -1.0000000000000000
268 264 1.0000000000000000
31 265 -1.0000000000000000
32 265 -1.0000000000000000
55 265 1.0000000000000000
56 265 1.0000000000000000
112 265 -33.5499999999999972
265 265 4.0000000000000000
267 265 -1.0000000000000000
269 265 1.0000000000000000
112 266 13.8499999999999996
264 266 -1.0000000000000000
266 266 627.0000000000000000
268 266 -251.0000000000000000
112 267 16.5500000000000007
265 267 -1.0000000000000000
267 267 627.0000000000000000
269 267 -251.0000000000000000
112 268 -13.8499999999999996
264 268 1.0000000000000000
266 268 -251.0000000000000000
268 268 102.0000000000000000
112 269 -16.5500000000000007
265 269 1.0000000000000000
267 269 -251.0000000000000000
269 269 102.0000000000000000
21 270 -1.0000000000000000
22 270 -1.0000000000000000
57 270 1.0000000000000000
58 270 1.0000000000000000
112 270 -30.1499999999999986
270 270 4.0000000000000000
272 270 -1.0000000000000000
274 270 1.0000000000000000
33 271 -1.0000000000000000
34 271 -1.0000000000000000
57 271 1.0000000000000000
58 271 1.0000000000000000
112 271 -33.5499999999999972
271 271 4.0000000000000000
273 271 -1.0000000000000000
275 271 1.0000000000000000
112 272 13.8499999999999996
270 272 -1.0000000000000000
272 272 627.0000000000000000
274 272 -251.0000000000000000
112 273 16.5500000000000007
271 273 -1.0000000000000000
273 273 627.0000000000000000
275 273 -251.0000000000000000
112 274 -13.8499999999999996
270 274 1.0000000000000000
272 274 -251.0000000000000000
274 274 102.0000000000000000
112 275 -16.5500000000000007
271 275 1.0000000000000000
273 275 -251.0000000000000000
275 275 102.0000000000000000
23 276 -1.0000000000000000
24 276 -1.0000000000000000
59 276 1.0000000000000000
60 276 1.0000000000000000
112 276 -30.1499999999999986
276 276 4.0000000000000000
278 276 -1.0000000000000000
280 276 1.0000000000000000
35 277 -1.0000000000000000
36 277 -1.0000000000000000
59 277 1.0000000000000000
60 277 1.0000000000000000
112 277 -33.5499999999999972
277 277 4.0000000000000000
279 277 -1.0000000000000000
281 277 1.0000000000000000
112 278 13.8499999999999996
276 278 -1.0000000000000000
278 278 627.0000000000000000
280 278 -251.0000000000000000
112 279 16.5500000000000007
277 279 -1.0000000000000000
279 279 627.0000000000000000
281 279 -251.0000000000000000
112 280 -13.8499999999999996
276 280 1.0000000000000000
278 280 -251.0000000000000000
280 280 102.0000000000000000
112 281 -16.5500000000000007
277 281 1.0000000000000000
279 281 -251.0000000000000000
281 281 102.0000000000000000
61 282 -9.0000000000000000
62 282 -9.0000000000000000
63 282 -9.0000000000000000
64 282 -9.0000000000000000
109 282 -1702.4999999999997726
112 282 343.2000000000002728
113 282 -7500.0000000000000000
152 282 375.0000000000000000
153 282 -75.0000000000000000
184 282 -25.0000000000000000
188 282 25.0000000000000000
191 282 25.0000000000000000
282 282 662.0000000000000000
283 282 625.0000000000000000
284 282 625.0000000000000000
65 283 -9.0000000000000000
66 283 -9.0000000000000000
67 283 -9.0000000000000000
68 283 -9.0000000000000000
109 283 -2902.5000000000000000
112 283 343.2000000000002728
113 283 -7500.0000000000000000
114 283 -7500.0000000000000000
152 283 375.0000000000000000
153 283 -75.0000000000000000
154 283 375.0000000000000000
155 283 -75.0000000000000000
184 283 -50.0000000000000000
188 283 25.0000000000000000
191 283 50.0000000000000000
282 283 625.0000000000000000
283 283 1287.0000000000000000
284 283 1250.0000000000000000
69 284 -9.0000000000000000
70 284 -9.0000000000000000
71 284 -9.0000000000000000
72 284 -9.0000000000000000
109 284 -3540.0000000000000000
112 284 343.2000000000002728
113 284 -7500.0000000000000000
114 284 -7500.0000000000000000
115 284 -7500.0000000000000000
152 284 375.0000000000000000
153 284 -75.0000000000000000
154 284 375.0000000000000000
155 284 -75.0000000000000000
156 284 375.0000000000000000
157 284 -75.0000000000000000
184 284 -75.0000000000000000
188 284 25.0000000000000000
191 284 50.0000000000000000
282 284 625.0000000000000000
283 284 1250.0000000000000000
284 284 1912.0000000000000000
13 285 -1.0000000000000000
14 285 -1.0000000000000000
61 285 1.0000000000000000
62 285 1.0000000000000000
112 285 -30.1499999999999986
285 285 4.0000000000000000
287 285 -1.0000000000000000
289 285 1.0000000000000000
25 286 -1.0000000000000000
26 286 -1.0000000000000000
61 286 1.0000000000000000
62 286 1.0000000000000000
112 286 -29.5500000000000007
286 286 4.0000000000000000
288 286 -1.0000000000000000
290 286 1.0000000000000000
112 287 13.8499999999999996
285 287 -1.0000000000000000
287 287 627.0000000000000000
289 287 -251.0000000000000000
112 288 14.5500000000000007
286 288 -1.0000000000000000
288 288 627.0000000000000000
290 288 -251.0000000000000000
112 289 -13.8499999999999996
285 289 1.0000000000000000
287 289 -251.0000000000000000
289 289 102.0000000000000000
112 290 -14.5500000000000007
286 290 1.0000000000000000
288 290 -251.0000000000000000
290 290 102.0000000000000000
15 291 -1.0000000000000000
16 291 -1.0000000000000000
63 291 1.0000000000000000
64 291 1.0000000000000000
112 291 -30.1499999999999986
291 291 4.0000000000000000
293 291 -1.0000000000000000
295 291 1.0000000000000000
27 292 -1.0000000000000000
28 292 -1.0000000000000000
63 292 1.0000000000000000
64 292 1.0000000000000000
112 292 -29.5500000000000007
292 292 4.0000000000000000
294 292 -1.0000000000000000
296 292 1.0000000000000000
112 293 13.8499999999999996
291 293 -1.0000000000000000
293 293 627.0000000000000000
295 293 -251.0000000000000000
112 294 14.5500000000000007
292 294 -1.0000000000000000
294 294 627.0000000000000000
296 294 -251.0000000000000000
112 295 -13.8499999999999996
291 295 1.0000000000000000
293 295 -251.0000000000000000
295 295 102.0000000000000000
112 296 -14.5500000000000007
292 296 1.0000000000000000
294 296 -251.0000000000000000
296 296 102.0000000000000000
17 297 -1.0000000000000000
18 297 -1.0000000000000000
65 297 1.0000000000000000
66 297 1.0000000000000000
112 297 -30.1499999999999986
297 297 4.0000000000000000
299 297 -1.0000000000000000
301 297 1.0000000000000000
29 298 -1.0000000000000000
30 298 -1.0000000000000000
65 298 1.0000000000000000
66 298 1.0000000000000000
112 298 -29.5500000000000007
298 298 4.0000000000000000
300 298 -1.0000000000000000
302 298 1.0000000000000000
112 299 13.8499999999999996
297 299 -1.0000000000000000
299 299 627.0000000000000000
301 299 -251.0000000000000000
112 300 14.5500000000000007
298 300 -1.0000000000000000
300 300 627.0000000000000000
302 300 -251.0000000000000000
112 301 -13.8499999999999996
297 301 1.0000000000000000
299 301 -251.0000000000000000
301 301 102.0000000000000000
112 302 -14.5500000000000007
298 302 1.0000000000000000
300 302 -251.0000000000000000
302 302 102.0000000000000000
19 303 -1.0000000000000000
20 303 -1.0000000000000000
67 303 1.0000000000000000
68 303 1.0000000000000000
112 303 -30.1499999999999986
303 303 4.0000000000000000
305 303 -1.0000000000000000
307 303 1.0000000000000000
31 304 -1.0000000000000000
32 304 -1.0000000000000000
67 304 1.0000000000000000
68 304 1.0000000000000000
112 304 -29.5500000000000007
304 304 4.0000000000000000
306 304 -1.0000000000000000
308 304 1.0000000000000000
112 305 13.8499999999999996
303 305 -1.0000000000000000
305 305 627.0000000000000000
307 305 -251.0000000000000000
112 306 14.5500000000000007
304 306 -1.0000000000000000
306 306 627.0000000000000000
308 306 -251.0000000000000000
112 307 -13.8499999999999996
303 307 1.0000000000000000
305 307 -251.0000000000000000
307 307 102.0000000000000000
112 308 -14.5500000000000007
304 308 1.0000000000000000
306 308 -251.0000000000000000
308 308 102.0000000000000000
21 309 -1.0000000000000000
22 309 -1.0000000000000000
69 309 1.0000000000000000
70 309 1.0000000000000000
112 309 -30.1499999999999986
309 309 4.0000000000000000
311 309 -1.0000000000000000
313 309 1.0000000000000000
33 310 -1.0000000000000000
34 310 -1.0000000000000000
69 310 1.0000000000000000
70 310 1.0000000000000000
112 310 -29.5500000000000007
310 310 4.0000000000000000
312 310 -1.0000000000000000
314 310 1.0000000000000000
112 311 13.8499999999999996
309 311 -1.0000000000000000
311 311 627.0000000000000000
313 311 -251.0000000000000000
112 312 14.5500000000000007
310 312 -1.0000000000000000
312 312 627.0000000000000000
314 312 -251.0000000000000000
112 313 -13.8499999999999996
309 313 1.0000000000000000
311 313 -251.0000000000000000
313 313 102.0000000000000000
112 314 -14.5500000000000007
310 314 1.0000000000000000
312 314 -251.0000000000000000
314 314 102.0000000000000000
23 315 -1.0000000000000000
24 315 -1.0000000000000000
71 315 1.0000000000000000
72 315 1.0000000000000000
112 315 -30.1499999999999986
315 315 4.0000000000000000
317 315 -1.0000000000000000
319 315 1.0000000000000000
35 316 -1.0000000000000000
36 316 -1.0000000000000000
71 316 1.0000000000000000
72 316 1.0000000000000000
112 316 -29.5500000000000007
316 316 4.0000000000000000
318 316 -1.0000000000000000
320 316 1.0000000000000000
112 317 13.8499999999999996
315 317 -1.0000000000000000
317 317 627.0000000000000000
319 317 -251.0000000000000000
112 318 14.5500000000000007
316 318 -1.0000000000000000
318 318 627.0000000000000000
320 318 -251.0000000000000000
112 319 -13.8499999999999996
315 319 1.0000000000000000
317 319 -251.0000000000000000
319 319 102.0000000000000000
112 320 -14.5500000000000007
316 320 1.0000000000000000
318 320 -251.0000000000000000
320 320 102.0000000000000000
73 321 -9.0000000000000000
74 321 -9.0000000000000000
75 321 -9.0000000000000000
76 321 -9.0000000000000000
109 321 -1702.4999999999997726
112 321 428.1999999999998749
113 321 -7500.0000000000000000
158 321 375.0000000000000000
159 321 -75.0000000000000000
194 321 -25.0000000000000000
198 321 25.0000000000000000
201 321 25.0000000000000000
321 321 662.0000000000000000
322 321 625.0000000000000000
323 321 625.0000000000000000
77 322 -9.0000000000000000
78 322 -9.0000000000000000
79 322 -9.0000000000000000
80 322 -9.0000000000000000
109 322 -2902.5000000000000000
112 322 428.1999999999998749
113 322 -7500.0000000000000000
114 322 -7500.0000000000000000
158 322 375.0000000000000000
159 322 -75.0000000000000000
160 322 375.0000000000000000
161 322 -75.0000000000000000
194 322 -50.0000000000000000
198 322 25.0000000000000000
201 322 50.0000000000000000
321 322 625.0000000000000000
322 322 1287.0000000000000000
323 322 1250.0000000000000000
81 323 -9.0000000000000000
82 323 -9.0000000000000000
83 323 -9.0000000000000000
84 323 -9.0000000000000000
109 323 -3540.0000000000000000
112 323 428.1999999999998749
113 323 -7500.0000000000000000
114 323 -7500.0000000000000000
115 323 -7500.0000000000000000
158 323 375.0000000000000000
159 323 -75.0000000000000000
160 323 375.0000000000000000
161 323 -75.0000000000000000
162 323 375.0000000000000000
163 323 -75.0000000000000000
194 323 -75.0000000000000000
198 323 25.0000000000000000
201 323 50.0000000000000000
321 323 625.0000000000000000
322 323 1250.0000000000000000
323 323 1912.0000000000000000
13 324 -1.0000000000000000
14 324 -1.0000000000000000
73 324 1.0000000000000000
74 324 1.0000000000000000
112 324 -30.1499999999999986
324 324 4.0000000000000000
326 324 -1.0000000000000000
328 324 1.0000000000000000
25 325 -1.0000000000000000
26 325 -1.0000000000000000
73 325 1.0000000000000000
74 325 1.0000000000000000
112 325 -28.3999999999999986
325 325 4.0000000000000000
327 325 -1.0000000000000000
329 325 1.0000000000000000
112 326 13.8499999999999996
324 326 -1.0000000000000000
326 326 627.0000000000000000
328 326 -251.0000000000000000
112 327 13.8499999999999996
325 327 -1.0000000000000000
327 327 627.0000000000000000
329 327 -251.0000000000000000
112 328 -13.8499999999999996
324 328 1.0000000000000000
326 328 -251.0000000000000000
328 328 102.0000000000000000
112 329 -13.8499999999999996
325 329 1.0000000000000000
327 329 -251.0000000000000000
329 329 102.0000000000000000
15 330 -1.0000000000000000
16 330 -1.0000000000000000
75 330 1.0000000000000000
76 330 1.0000000000000000
112 330 -30.1499999999999986
330 330 4.0000000000000000
332 330 -1.0000000000000000
334 330 1.0000000000000000
27 331 -1.0000000000000000
28 331 -1.0000000000000000
75 331 1.0000000000000000
76 331 1.0000000000000000
112 331 -28.3999999999999986
331 331 4.0000000000000000
333 331 -1.0000000000000000
335 331 1.0000000000000000
112 332 13.8499999999999996
330 332 -1.0000000000000000
332 332 627.0000000000000000
334 332 -251.0000000000000000
112 333 13.8499999999999996
331 333 -1.0000000000000000
333 333 627.0000000000000000
335 333 -251.0000000000000000
112 334 -13.8499999999999996
330 334 1.0000000000000000
332 334 -251.0000000000000000
334 334 102.0000000000000000
112 335 -13.8499999999999996
331 335 1.0000000000000000
333 335 -251.0000000000000000
335 335 102.0000000000000000
17 336 -1.0000000000000000
18 336 -1.0000000000000000
77 336 1.0000000000000000
78 336 1.0000000000000000
112 336 -30.1499999999999986
336 336 4.0000000000000000
338 336 -1.0000000000000000
340 336 1.0000000000000000
29 337 -1.0000000000000000
30 337 -1.0000000000000000
77 337 1.0000000000000000
78 337 1.0000000000000000
112 337 -28.3999999999999986
337 337 4.0000000000000000
339 337 -1.0000000000000000
341 337 1.0000000000000000
112 338 13.8499999999999996
336 338 -1.0000000000000000
338 338 627.0000000000000000
340 338 -251.0000000000000000
112 339 13.8499999999999996
337 339 -1.0000000000000000
339 339 627.0000000000000000
341 339 -251.0000000000000000
112 340 -13.8499999999999996
336 340 1.0000000000000000
338 340 -251.0000000000000000
340 340 102.0000000000000000
112 341 -13.8499999999999996
337 341 1.0000000000000000
339 341 -251.0000000000000000
341 341 102.0000000000000000
19 342 -1.0000000000000000
20 342 -1.0000000000000000
79 342 1.0000000000000000
80 342 1.0000000000000000
112 342 -30.1499999999999986
342 342 4.0000000000000000
344 342 -1.0000000000000000
346 342 1.0000000000000000
31 343 -1.0000000000000000
32 343 -1.0000000000000000
79 343 1.0000000000000000
80 343 1.0000000000000000
112 343 -28.3999999999999986
343 343 4.0000000000000000
345 343 -1.0000000000000000
347 343 1.0000000000000000
112 344 13.8499999999999996
342 344 -1.0000000000000000
344 344 627.0000000000000000
346 344 -251.0000000000000000
112 345 13.8499999999999996
343 345 -1.0000000000000000
345 345 627.0000000000000000
347 345 -251.0000000000000000
112 346 -13.8499999999999996
342 346 1.0000000000000000
344 346 -251.0000000000000000
346 346 102.0000000000000000
112 347 -13.8499999999999996
343 347 1.0000000000000000
345 347 -251.0000000000000000
347 347 102.0000000000000000
21 348 -1.0000000000000000
22 348 -1.0000000000000000
81 348 1.0000000000000000
82 348 1.0000000000000000
112 348 -30.1499999999999986
348 348 4.0000000000000000
350 348 -1.0000000000000000
352 348 1.0000000000000000
33 349 -1.0000000000000000
34 349 -1.0000000000000000
81 349 1.0000000000000000
82 349 1.0000000000000000
112 349 -28.3999999999999986
349 349 4.0000000000000000
351 349 -1.0000000000000000
353 349 1.0000000000000000
112 350 13.8499999999999996
348 350 -1.0000000000000000
350 350 627.0000000000000000
352 350 -251.0000000000000000
112 351 13.8499999999999996
349 351 -1.0000000000000000
351 351 627.0000000000000000
353 351 -251.0000000000000000
112 352 -13.8499999999999996
348 352 1.0000000000000000
350 352 -251.0000000000000000
352 352 102.0000000000000000
112 353 -13.8499999999999996
349 353 1.0000000000000000
351 353 -251.0000000000000000
353 353 102.0000000000000000
23 354 -1.0000000000000000
24 354 -1.0000000000000000
83 354 1.0000000000000000
84 354 1.0000000000000000
112 354 -30.1499999999999986
354 354 4.0000000000000000
356 354 -1.0000000000000000
358 354 1.0000000000000000
35 355 -1.0000000000000000
36 355 -1.0000000000000000
83 355 1.0000000000000000
84 355 1.0000000000000000
112 355 -28.3999999999999986
355 355 4.0000000000000000
357 355 -1.0000000000000000
359 355 1.0000000000000000
112 356 13.8499999999999996
354 356 -1.0000000000000000
356 356 627.0000000000000000
358 356 -251.0000000000000000
112 357 13.8499999999999996
355 357 -1.0000000000000000
357 357 627.0000000000000000
359 357 -251.0000000000000000
112 358 -13.8499999999999996
354 358 1.0000000000000000
356 358 -251.0000000000000000
358 358 102.0000000000000000
112 359 -13.8499999999999996
355 359 1.0000000000000000
357 359 -251.0000000000000000
359 359 102.0000000000000000
