117 117 1125
1 1 3.0000000000000000
9 1 -1.0000000000000000
15 1 16.0000000000000000
22 1 -0.8748400000000001
25 1 1.8748400000000001
30 1 14.4000000000000004
31 1 17.6000000000000014
2 2 3.0000000000000000
10 2 -1.0000000000000000
15 2 107.0000000000000000
22 2 -0.8748400000000001
26 2 1.8748400000000001
30 2 96.2999999999999972
31 2 117.7000000000000028
3 3 3.0000000000000000
11 3 -1.0000000000000000
15 3 217.0000000000000000
22 3 -0.8748400000000001
27 3 1.8748400000000001
30 3 195.3000000000000114
31 3 238.6999999999999886
4 4 3.0000000000000000
12 4 -1.0000000000000000
15 4 275.0000000000000000
22 4 -0.8748400000000001
28 4 1.8748400000000001
30 4 247.5000000000000000
31 4 302.5000000000000000
5 5 3.0000000000000000
13 5 -1.0000000000000000
15 5 298.0000000000000000
22 5 -0.8748400000000001
29 5 1.8748400000000001
30 5 268.1999999999999886
31 5 327.8000000000000114
6 6 3.0000000000000000
14 6 -1.0000000000000000
15 6 306.0000000000000000
22 6 -0.8748400000000001
29 6 1.8748400000000001
30 6 275.3999999999999773
31 6 336.6000000000000227
7 7 1.0000000000000000
22 7 -0.0625800000000000
23 7 -0.9374200000000000
8 8 1.0000000000000000
22 8 -0.0625800000000000
24 8 -0.9374200000000000
1 9 -1.0000000000000000
9 9 1.0000000000000000
22 9 -0.0625800000000000
25 9 -0.9374200000000000
2 10 -1.0000000000000000
10 10 1.0000000000000000
22 10 -0.0625800000000000
26 10 -0.9374200000000000
3 11 -1.0000000000000000
11 11 1.0000000000000000
22 11 -0.0625800000000000
27 11 -0.9374200000000000
4 12 -1.0000000000000000
12 12 1.0000000000000000
22 12 -0.0625800000000000
28 12 -0.9374200000000000
5 13 -1.0000000000000000
13 13 1.0000000000000000
22 13 -0.0625800000000000
29 13 -0.9374200000000000
6 14 -1.0000000000000000
14 14 1.0000000000000000
22 14 -0.0625800000000000
29 14 -0.9374200000000000
1 15 16.0000000000000000
2 15 107.0000000000000000
3 15 217.0000000000000000
4 15 275.0000000000000000
5 15 298.0000000000000000
6 15 306.0000000000000000
15 15 316860.0000000000000000
22 15 -1142.7149799999999686
25 15 14.9987200000000005
26 15 100.3039399999999972
27 15 203.4201400000000035
28 15 257.7905000000000086
29 15 566.2016800000000103
30 15 285173.0999999999767169
31 15 348544.9000000000232831
16 16 3.0000000000000000
24 16 -1.0000000000000000
32 16 16.0000000000000000
39 16 -0.8748400000000001
42 16 1.8748400000000001
47 16 14.4000000000000004
48 16 17.6000000000000014
17 17 3.0000000000000000
25 17 -1.0000000000000000
32 17 107.0000000000000000
39 17 -0.8748400000000001
43 17 1.8748400000000001
47 17 96.2999999999999972
48 17 117.7000000000000028
18 18 3.0000000000000000
26 18 -1.0000000000000000
32 18 217.0000000000000000
39 18 -0.8748400000000001
44 18 1.8748400000000001
47 18 195.3000000000000114
48 18 238.6999999999999886
19 19 3.0000000000000000
27 19 -1.0000000000000000
32 19 275.0000000000000000
39 19 -0.8748400000000001
45 19 1.8748400000000001
47 19 247.5000000000000000
48 19 302.5000000000000000
20 20 3.0000000000000000
28 20 -1.0000000000000000
32 20 298.0000000000000000
39 20 -0.8748400000000001
46 20 1.8748400000000001
47 20 268.1999999999999886
48 20 327.8000000000000114
21 21 3.0000000000000000
29 21 -1.0000000000000000
32 21 306.0000000000000000
39 21 -0.8748400000000001
46 21 1.8748400000000001
47 21 275.3999999999999773
48 21 336.6000000000000227
1 22 -0.8748400000000001
2 22 -0.8748400000000001
3 22 -0.8748400000000001
4 22 -0.8748400000000001
5 22 -0.8748400000000001
6 22 -0.8748400000000001
7 22 -0.0625800000000000
8 22 -0.0625800000000000
9 22 -0.0625800000000000
10 22 -0.0625800000000000
11 22 -0.0625800000000000
12 22 -0.0625800000000000
13 22 -0.0625800000000000
14 22 -0.0625800000000000
15 22 -1142.7149799999999686
22 22 6.3038675896000020
23 22 0.0586637436000000
24 22 0.0586637436000000
25 22 -0.8200925128000001
26 22 -0.8200925128000001
27 22 -0.8200925128000001
28 22 -0.8200925128000001
29 22 -1.6401850256000003
30 22 -1028.4434819999999036
31 22 -1256.9864780000000337
39 22 -0.0625800000000000
40 22 -0.9374200000000000
7 23 -0.9374200000000000
22 23 0.0586637436000000
23 23 1.8787562564000000
39 23 -0.0625800000000000
41 23 -0.9374200000000000
8 24 -0.9374200000000000
16 24 -1.0000000000000000
22 24 0.0586637436000000
24 24 1.8787562564000000
39 24 -0.0625800000000000
42 24 -0.9374200000000000
1 25 1.8748400000000001
9 25 -0.9374200000000000
15 25 14.9987200000000005
17 25 -1.0000000000000000
22 25 -0.8200925128000001
25 25 2.7575125128000000
30 25 13.4988480000000006
31 25 16.4985920000000021
39 25 -0.0625800000000000
43 25 -0.9374200000000000
2 26 1.8748400000000001
10 26 -0.9374200000000000
15 26 100.3039399999999972
18 26 -1.0000000000000000
22 26 -0.8200925128000001
26 26 2.7575125128000000
30 26 90.2735459999999961
31 26 110.3343340000000126
39 26 -0.0625800000000000
44 26 -0.9374200000000000
3 27 1.8748400000000001
11 27 -0.9374200000000000
15 27 203.4201400000000035
19 27 -1.0000000000000000
22 27 -0.8200925128000001
27 27 2.7575125128000000
30 27 183.0781260000000259
31 27 223.7621540000000095
39 27 -0.0625800000000000
45 27 -0.9374200000000000
4 28 1.8748400000000001
12 28 -0.9374200000000000
15 28 257.7905000000000086
20 28 -1.0000000000000000
22 28 -0.8200925128000001
28 28 2.7575125128000000
30 28 232.0114499999999964
31 28 283.5695499999999925
39 28 -0.0625800000000000
46 28 -0.9374200000000000
5 29 1.8748400000000001
6 29 1.8748400000000001
13 29 -0.9374200000000000
14 29 -0.9374200000000000
15 29 566.2016800000000103
21 29 -1.0000000000000000
22 29 -1.6401850256000003
29 29 4.5150250256000000
30 29 509.5815119999999752
31 29 622.8218480000000454
39 29 -0.0625800000000000
46 29 -0.9374200000000000
1 30 14.4000000000000004
2 30 96.2999999999999972
3 30 195.3000000000000114
4 30 247.5000000000000000
5 30 268.1999999999999886
6 30 275.3999999999999773
15 30 285173.0999999999767169
22 30 -1028.4434819999999036
25 30 13.4988480000000006
26 30 90.2735459999999961
27 30 183.0781260000000259
28 30 232.0114499999999964
29 30 509.5815119999999752
30 30 256658.7899999999790452
31 30 313691.4100000000325963
32 30 1.0000000000000000
1 31 17.6000000000000014
2 31 117.7000000000000028
3 31 238.6999999999999886
4 31 302.5000000000000000
5 31 327.8000000000000114
6 31 336.6000000000000227
15 31 348544.9000000000232831
22 31 -1256.9864780000000337
25 31 16.4985920000000021
26 31 110.3343340000000126
27 31 223.7621540000000095
28 31 283.5695499999999925
29 31 622.8218480000000454
30 31 313691.4100000000325963
31 31 383401.3900000000139698
32 31 1.0000000000000000
16 32 16.0000000000000000
17 32 107.0000000000000000
18 32 217.0000000000000000
19 32 275.0000000000000000
20 32 298.0000000000000000
21 32 306.0000000000000000
30 32 1.0000000000000000
31 32 1.0000000000000000
32 32 316860.0000000000000000
39 32 -1142.7149799999999686
42 32 14.9987200000000005
43 32 100.3039399999999972
44 32 203.4201400000000035
45 32 257.7905000000000086
46 32 566.2016800000000103
47 32 285173.0999999999767169
48 32 348544.9000000000232831
33 33 3.0000000000000000
41 33 -1.0000000000000000
49 33 16.0000000000000000
56 33 -0.8748400000000001
59 33 1.8748400000000001
64 33 14.4000000000000004
65 33 17.6000000000000014
34 34 3.0000000000000000
42 34 -1.0000000000000000
49 34 107.0000000000000000
56 34 -0.8748400000000001
60 34 1.8748400000000001
64 34 96.2999999999999972
65 34 117.7000000000000028
35 35 3.0000000000000000
43 35 -1.0000000000000000
49 35 217.0000000000000000
56 35 -0.8748400000000001
61 35 1.8748400000000001
64 35 195.3000000000000114
65 35 238.6999999999999886
36 36 3.0000000000000000
44 36 -1.0000000000000000
49 36 275.0000000000000000
56 36 -0.8748400000000001
62 36 1.8748400000000001
64 36 247.5000000000000000
65 36 302.5000000000000000
37 37 3.0000000000000000
45 37 -1.0000000000000000
49 37 298.0000000000000000
56 37 -0.8748400000000001
63 37 1.8748400000000001
64 37 268.1999999999999886
65 37 327.8000000000000114
38 38 3.0000000000000000
46 38 -1.0000000000000000
49 38 306.0000000000000000
56 38 -0.8748400000000001
63 38 1.8748400000000001
64 38 275.3999999999999773
65 38 336.6000000000000227
16 39 -0.8748400000000001
17 39 -0.8748400000000001
18 39 -0.8748400000000001
19 39 -0.8748400000000001
20 39 -0.8748400000000001
21 39 -0.8748400000000001
22 39 -0.0625800000000000
23 39 -0.0625800000000000
24 39 -0.0625800000000000
25 39 -0.0625800000000000
26 39 -0.0625800000000000
27 39 -0.0625800000000000
28 39 -0.0625800000000000
29 39 -0.0625800000000000
32 39 -1142.7149799999999686
39 39 6.3038675896000020
40 39 0.0586637436000000
41 39 0.0586637436000000
42 39 -0.8200925128000001
43 39 -0.8200925128000001
44 39 -0.8200925128000001
45 39 -0.8200925128000001
46 39 -1.6401850256000003
47 39 -1028.4434819999999036
48 39 -1256.9864780000000337
56 39 -0.0625800000000000
57 39 -0.9374200000000000
22 40 -0.9374200000000000
39 40 0.0586637436000000
40 40 1.8787562564000000
56 40 -0.0625800000000000
58 40 -0.9374200000000000
23 41 -0.9374200000000000
33 41 -1.0000000000000000
39 41 0.0586637436000000
41 41 1.8787562564000000
56 41 -0.0625800000000000
59 41 -0.9374200000000000
16 42 1.8748400000000001
24 42 -0.9374200000000000
32 42 14.9987200000000005
34 42 -1.0000000000000000
39 42 -0.8200925128000001
42 42 2.7575125128000000
47 42 13.4988480000000006
48 42 16.4985920000000021
56 42 -0.0625800000000000
60 42 -0.9374200000000000
17 43 1.8748400000000001
25 43 -0.9374200000000000
32 43 100.3039399999999972
35 43 -1.0000000000000000
39 43 -0.8200925128000001
43 43 2.7575125128000000
47 43 90.2735459999999961
48 43 110.3343340000000126
56 43 -0.0625800000000000
61 43 -0.9374200000000000
18 44 1.8748400000000001
26 44 -0.9374200000000000
32 44 203.4201400000000035
36 44 -1.0000000000000000
39 44 -0.8200925128000001
44 44 2.7575125128000000
47 44 183.0781260000000259
48 44 223.7621540000000095
56 44 -0.0625800000000000
62 44 -0.9374200000000000
19 45 1.8748400000000001
27 45 -0.9374200000000000
32 45 257.7905000000000086
37 45 -1.0000000000000000
39 45 -0.8200925128000001
45 45 2.7575125128000000
47 45 232.0114499999999964
48 45 283.5695499999999925
56 45 -0.0625800000000000
63 45 -0.9374200000000000
20 46 1.8748400000000001
21 46 1.8748400000000001
28 46 -0.9374200000000000
29 46 -0.9374200000000000
32 46 566.2016800000000103
38 46 -1.0000000000000000
39 46 -1.6401850256000003
46 46 4.5150250256000000
47 46 509.5815119999999752
48 46 622.8218480000000454
56 46 -0.0625800000000000
63 46 -0.9374200000000000
16 47 14.4000000000000004
17 47 96.2999999999999972
18 47 195.3000000000000114
19 47 247.5000000000000000
20 47 268.1999999999999886
21 47 275.3999999999999773
32 47 285173.0999999999767169
39 47 -1028.4434819999999036
42 47 13.4988480000000006
43 47 90.2735459999999961
44 47 183.0781260000000259
45 47 232.0114499999999964
46 47 509.5815119999999752
47 47 256658.7899999999790452
48 47 313691.4100000000325963
49 47 1.0000000000000000
16 48 17.6000000000000014
17 48 117.7000000000000028
18 48 238.6999999999999886
19 48 302.5000000000000000
20 48 327.8000000000000114
21 48 336.6000000000000227
32 48 348544.9000000000232831
39 48 -1256.9864780000000337
42 48 16.4985920000000021
43 48 110.3343340000000126
44 48 223.7621540000000095
45 48 283.5695499999999925
46 48 622.8218480000000454
47 48 313691.4100000000325963
48 48 383401.3900000000139698
49 48 1.0000000000000000
33 49 16.0000000000000000
34 49 107.0000000000000000
35 49 217.0000000000000000
36 49 275.0000000000000000
37 49 298.0000000000000000
38 49 306.0000000000000000
47 49 1.0000000000000000
48 49 1.0000000000000000
49 49 316860.0000000000000000
56 49 -1142.7149799999999686
59 49 14.9987200000000005
60 49 100.3039399999999972
61 49 203.4201400000000035
62 49 257.7905000000000086
63 49 566.2016800000000103
64 49 285173.0999999999767169
65 49 348544.9000000000232831
50 50 3.0000000000000000
58 50 -1.0000000000000000
66 50 16.0000000000000000
73 50 -0.8748400000000001
76 50 1.8748400000000001
81 50 14.4000000000000004
82 50 17.6000000000000014
51 51 3.0000000000000000
59 51 -1.0000000000000000
66 51 107.0000000000000000
73 51 -0.8748400000000001
77 51 1.8748400000000001
81 51 96.2999999999999972
82 51 117.7000000000000028
52 52 3.0000000000000000
60 52 -1.0000000000000000
66 52 217.0000000000000000
73 52 -0.8748400000000001
78 52 1.8748400000000001
81 52 195.3000000000000114
82 52 238.6999999999999886
53 53 3.0000000000000000
61 53 -1.0000000000000000
66 53 275.0000000000000000
73 53 -0.8748400000000001
79 53 1.8748400000000001
81 53 247.5000000000000000
82 53 302.5000000000000000
54 54 3.0000000000000000
62 54 -1.0000000000000000
66 54 298.0000000000000000
73 54 -0.8748400000000001
80 54 1.8748400000000001
81 54 268.1999999999999886
82 54 327.8000000000000114
55 55 3.0000000000000000
63 55 -1.0000000000000000
66 55 306.0000000000000000
73 55 -0.8748400000000001
80 55 1.8748400000000001
81 55 275.3999999999999773
82 55 336.6000000000000227
33 56 -0.8748400000000001
34 56 -0.8748400000000001
35 56 -0.8748400000000001
36 56 -0.8748400000000001
37 56 -0.8748400000000001
38 56 -0.8748400000000001
39 56 -0.0625800000000000
40 56 -0.0625800000000000
41 56 -0.0625800000000000
42 56 -0.0625800000000000
43 56 -0.0625800000000000
44 56 -0.0625800000000000
45 56 -0.0625800000000000
46 56 -0.0625800000000000
49 56 -1142.7149799999999686
56 56 6.3038675896000020
57 56 0.0586637436000000
58 56 0.0586637436000000
59 56 -0.8200925128000001
60 56 -0.8200925128000001
61 56 -0.8200925128000001
62 56 -0.8200925128000001
63 56 -1.6401850256000003
64 56 -1028.4434819999999036
65 56 -1256.9864780000000337
73 56 -0.0625800000000000
74 56 -0.9374200000000000
39 57 -0.9374200000000000
56 57 0.0586637436000000
57 57 1.8787562564000000
73 57 -0.0625800000000000
75 57 -0.9374200000000000
40 58 -0.9374200000000000
50 58 -1.0000000000000000
56 58 0.0586637436000000
58 58 1.8787562564000000
73 58 -0.0625800000000000
76 58 -0.9374200000000000
33 59 1.8748400000000001
41 59 -0.9374200000000000
49 59 14.9987200000000005
51 59 -1.0000000000000000
56 59 -0.8200925128000001
59 59 2.7575125128000000
64 59 13.4988480000000006
65 59 16.4985920000000021
73 59 -0.0625800000000000
77 59 -0.9374200000000000
34 60 1.8748400000000001
42 60 -0.9374200000000000
49 60 100.3039399999999972
52 60 -1.0000000000000000
56 60 -0.8200925128000001
60 60 2.7575125128000000
64 60 90.2735459999999961
65 60 110.3343340000000126
73 60 -0.0625800000000000
78 60 -0.9374200000000000
35 61 1.8748400000000001
43 61 -0.9374200000000000
49 61 203.4201400000000035
53 61 -1.0000000000000000
56 61 -0.8200925128000001
61 61 2.7575125128000000
64 61 183.0781260000000259
65 61 223.7621540000000095
73 61 -0.0625800000000000
79 61 -0.9374200000000000
36 62 1.8748400000000001
44 62 -0.9374200000000000
49 62 257.7905000000000086
54 62 -1.0000000000000000
56 62 -0.8200925128000001
62 62 2.7575125128000000
64 62 232.0114499999999964
65 62 283.5695499999999925
73 62 -0.0625800000000000
80 62 -0.9374200000000000
37 63 1.8748400000000001
38 63 1.8748400000000001
45 63 -0.9374200000000000
46 63 -0.9374200000000000
49 63 566.2016800000000103
55 63 -1.0000000000000000
56 63 -1.6401850256000003
63 63 4.5150250256000000
64 63 509.5815119999999752
65 63 622.8218480000000454
73 63 -0.0625800000000000
80 63 -0.9374200000000000
33 64 14.4000000000000004
34 64 96.2999999999999972
35 64 195.3000000000000114
36 64 247.5000000000000000
37 64 268.1999999999999886
38 64 275.3999999999999773
49 64 285173.0999999999767169
56 64 -1028.4434819999999036
59 64 13.4988480000000006
60 64 90.2735459999999961
61 64 183.0781260000000259
62 64 232.0114499999999964
63 64 509.5815119999999752
64 64 256658.7899999999790452
65 64 313691.4100000000325963
66 64 1.0000000000000000
33 65 17.6000000000000014
34 65 117.7000000000000028
35 65 238.6999999999999886
36 65 302.5000000000000000
37 65 327.8000000000000114
38 65 336.6000000000000227
49 65 348544.9000000000232831
56 65 -1256.9864780000000337
59 65 16.4985920000000021
60 65 110.3343340000000126
61 65 223.7621540000000095
62 65 283.5695499999999925
63 65 622.8218480000000454
64 65 313691.4100000000325963
65 65 383401.3900000000139698
66 65 1.0000000000000000
50 66 16.0000000000000000
51 66 107.0000000000000000
52 66 217.0000000000000000
53 66 275.0000000000000000
54 66 298.0000000000000000
55 66 306.0000000000000000
64 66 1.0000000000000000
65 66 1.0000000000000000
66 66 316860.0000000000000000
73 66 -1142.7149799999999686
76 66 14.9987200000000005
77 66 100.3039399999999972
78 66 203.4201400000000035
79 66 257.7905000000000086
80 66 566.2016800000000103
81 66 285173.0999999999767169
82 66 348544.9000000000232831
67 67 3.0000000000000000
75 67 -1.0000000000000000
83 67 16.0000000000000000
90 67 -0.8748400000000001
93 67 1.8748400000000001
98 67 14.4000000000000004
99 67 17.6000000000000014
68 68 3.0000000000000000
76 68 -1.0000000000000000
83 68 107.0000000000000000
90 68 -0.8748400000000001
94 68 1.8748400000000001
98 68 96.2999999999999972
99 68 117.7000000000000028
69 69 3.0000000000000000
77 69 -1.0000000000000000
83 69 217.0000000000000000
90 69 -0.8748400000000001
95 69 1.8748400000000001
98 69 195.3000000000000114
99 69 238.6999999999999886
70 70 3.0000000000000000
78 70 -1.0000000000000000
83 70 275.0000000000000000
90 70 -0.8748400000000001
96 70 1.8748400000000001
98 70 247.5000000000000000
99 70 302.5000000000000000
71 71 3.0000000000000000
79 71 -1.0000000000000000
83 71 298.0000000000000000
90 71 -0.8748400000000001
97 71 1.8748400000000001
98 71 268.1999999999999886
99 71 327.8000000000000114
72 72 3.0000000000000000
80 72 -1.0000000000000000
83 72 306.0000000000000000
90 72 -0.8748400000000001
97 72 1.8748400000000001
98 72 275.3999999999999773
99 72 336.6000000000000227
50 73 -0.8748400000000001
51 73 -0.8748400000000001
52 73 -0.8748400000000001
53 73 -0.8748400000000001
54 73 -0.8748400000000001
55 73 -0.8748400000000001
56 73 -0.0625800000000000
57 73 -0.0625800000000000
58 73 -0.0625800000000000
59 73 -0.0625800000000000
60 73 -0.0625800000000000
61 73 -0.0625800000000000
62 73 -0.0625800000000000
63 73 -0.0625800000000000
66 73 -1142.7149799999999686
73 73 6.3038675896000020
74 73 0.0586637436000000
75 73 0.0586637436000000
76 73 -0.8200925128000001
77 73 -0.8200925128000001
78 73 -0.8200925128000001
79 73 -0.8200925128000001
80 73 -1.6401850256000003
81 73 -1028.4434819999999036
82 73 -1256.9864780000000337
90 73 -0.0625800000000000
91 73 -0.9374200000000000
56 74 -0.9374200000000000
73 74 0.0586637436000000
74 74 1.8787562564000000
90 74 -0.0625800000000000
92 74 -0.9374200000000000
57 75 -0.9374200000000000
67 75 -1.0000000000000000
73 75 0.0586637436000000
75 75 1.8787562564000000
90 75 -0.0625800000000000
93 75 -0.9374200000000000
50 76 1.8748400000000001
58 76 -0.9374200000000000
66 76 14.9987200000000005
68 76 -1.0000000000000000
73 76 -0.8200925128000001
76 76 2.7575125128000000
81 76 13.4988480000000006
82 76 16.4985920000000021
90 76 -0.0625800000000000
94 76 -0.9374200000000000
51 77 1.8748400000000001
59 77 -0.9374200000000000
66 77 100.3039399999999972
69 77 -1.0000000000000000
73 77 -0.8200925128000001
77 77 2.7575125128000000
81 77 90.2735459999999961
82 77 110.3343340000000126
90 77 -0.0625800000000000
95 77 -0.9374200000000000
52 78 1.8748400000000001
60 78 -0.9374200000000000
66 78 203.4201400000000035
70 78 -1.0000000000000000
73 78 -0.8200925128000001
78 78 2.7575125128000000
81 78 183.0781260000000259
82 78 223.7621540000000095
90 78 -0.0625800000000000
96 78 -0.9374200000000000
53 79 1.8748400000000001
61 79 -0.9374200000000000
66 79 257.7905000000000086
71 79 -1.0000000000000000
73 79 -0.8200925128000001
79 79 2.7575125128000000
81 79 232.0114499999999964
82 79 283.5695499999999925
90 79 -0.0625800000000000
97 79 -0.9374200000000000
54 80 1.8748400000000001
55 80 1.8748400000000001
62 80 -0.9374200000000000
63 80 -0.9374200000000000
66 80 566.2016800000000103
72 80 -1.0000000000000000
73 80 -1.6401850256000003
80 80 4.5150250256000000
81 80 509.5815119999999752
82 80 622.8218480000000454
90 80 -0.0625800000000000
97 80 -0.9374200000000000
50 81 14.4000000000000004
51 81 96.2999999999999972
52 81 195.3000000000000114
53 81 247.5000000000000000
54 81 268.1999999999999886
55 81 275.3999999999999773
66 81 285173.0999999999767169
73 81 -1028.4434819999999036
76 81 13.4988480000000006
77 81 90.2735459999999961
78 81 183.0781260000000259
79 81 232.0114499999999964
80 81 509.5815119999999752
81 81 256658.7899999999790452
82 81 313691.4100000000325963
83 81 1.0000000000000000
50 82 17.6000000000000014
51 82 117.7000000000000028
52 82 238.6999999999999886
53 82 302.5000000000000000
54 82 327.8000000000000114
55 82 336.6000000000000227
66 82 348544.9000000000232831
73 82 -1256.9864780000000337
76 82 16.4985920000000021
77 82 110.3343340000000126
78 82 223.7621540000000095
79 82 283.5695499999999925
80 82 622.8218480000000454
81 82 313691.4100000000325963
82 82 383401.3900000000139698
83 82 1.0000000000000000
67 83 16.0000000000000000
68 83 107.0000000000000000
69 83 217.0000000000000000
70 83 275.0000000000000000
71 83 298.0000000000000000
72 83 306.0000000000000000
81 83 1.0000000000000000
82 83 1.0000000000000000
83 83 316860.0000000000000000
90 83 -1142.7149799999999686
93 83 14.9987200000000005
94 83 100.3039399999999972
95 83 203.4201400000000035
96 83 257.7905000000000086
97 83 566.2016800000000103
98 83 285173.0999999999767169
99 83 348544.9000000000232831
84 84 3.0000000000000000
92 84 -1.0000000000000000
100 84 16.0000000000000000
107 84 -0.8748400000000001
110 84 1.8748400000000001
115 84 14.4000000000000004
116 84 17.6000000000000014
85 85 3.0000000000000000
93 85 -1.0000000000000000
100 85 107.0000000000000000
107 85 -0.8748400000000001
111 85 1.8748400000000001
115 85 96.2999999999999972
116 85 117.7000000000000028
86 86 3.0000000000000000
94 86 -1.0000000000000000
100 86 217.0000000000000000
107 86 -0.8748400000000001
112 86 1.8748400000000001
115 86 195.3000000000000114
116 86 238.6999999999999886
87 87 3.0000000000000000
95 87 -1.0000000000000000
100 87 275.0000000000000000
107 87 -0.8748400000000001
113 87 1.8748400000000001
115 87 247.5000000000000000
116 87 302.5000000000000000
88 88 3.0000000000000000
96 88 -1.0000000000000000
100 88 298.0000000000000000
107 88 -0.8748400000000001
114 88 1.8748400000000001
115 88 268.1999999999999886
116 88 327.8000000000000114
89 89 3.0000000000000000
97 89 -1.0000000000000000
100 89 306.0000000000000000
107 89 -0.8748400000000001
114 89 1.8748400000000001
115 89 275.3999999999999773
116 89 336.6000000000000227
67 90 -0.8748400000000001
68 90 -0.8748400000000001
69 90 -0.8748400000000001
70 90 -0.8748400000000001
71 90 -0.8748400000000001
72 90 -0.8748400000000001
73 90 -0.0625800000000000
74 90 -0.0625800000000000
75 90 -0.0625800000000000
76 90 -0.0625800000000000
77 90 -0.0625800000000000
78 90 -0.0625800000000000
79 90 -0.0625800000000000
80 90 -0.0625800000000000
83 90 -1142.7149799999999686
90 90 6.3038675896000020
91 90 0.0586637436000000
92 90 0.0586637436000000
93 90 -0.8200925128000001
94 90 -0.8200925128000001
95 90 -0.8200925128000001
96 90 -0.8200925128000001
97 90 -1.6401850256000003
98 90 -1028.4434819999999036
99 90 -1256.9864780000000337
107 90 -0.0625800000000000
108 90 -0.9374200000000000
73 91 -0.9374200000000000
90 91 0.0586637436000000
91 91 1.8787562564000000
107 91 -0.0625800000000000
109 91 -0.9374200000000000
74 92 -0.9374200000000000
84 92 -1.0000000000000000
90 92 0.0586637436000000
92 92 1.8787562564000000
107 92 -0.0625800000000000
110 92 -0.9374200000000000
67 93 1.8748400000000001
75 93 -0.9374200000000000
83 93 14.9987200000000005
85 93 -1.0000000000000000
90 93 -0.8200925128000001
93 93 2.7575125128000000
98 93 13.4988480000000006
99 93 16.4985920000000021
107 93 -0.0625800000000000
111 93 -0.9374200000000000
68 94 1.8748400000000001
76 94 -0.9374200000000000
83 94 100.3039399999999972
86 94 -1.0000000000000000
90 94 -0.8200925128000001
94 94 2.7575125128000000
98 94 90.2735459999999961
99 94 110.3343340000000126
107 94 -0.0625800000000000
112 94 -0.9374200000000000
69 95 1.8748400000000001
77 95 -0.9374200000000000
83 95 203.4201400000000035
87 95 -1.0000000000000000
90 95 -0.8200925128000001
95 95 2.7575125128000000
98 95 183.0781260000000259
99 95 223.7621540000000095
107 95 -0.0625800000000000
113 95 -0.9374200000000000
70 96 1.8748400000000001
78 96 -0.9374200000000000
83 96 257.7905000000000086
88 96 -1.0000000000000000
90 96 -0.8200925128000001
96 96 2.7575125128000000
98 96 232.0114499999999964
99 96 283.5695499999999925
107 96 -0.0625800000000000
114 96 -0.9374200000000000
71 97 1.8748400000000001
72 97 1.8748400000000001
79 97 -0.9374200000000000
80 97 -0.9374200000000000
83 97 566.2016800000000103
89 97 -1.0000000000000000
90 97 -1.6401850256000003
97 97 4.5150250256000000
98 97 509.5815119999999752
99 97 622.8218480000000454
107 97 -0.0625800000000000
114 97 -0.9374200000000000
67 98 14.4000000000000004
68 98 96.2999999999999972
69 98 195.3000000000000114
70 98 247.5000000000000000
71 98 268.1999999999999886
72 98 275.3999999999999773
83 98 285173.0999999999767169
90 98 -1028.4434819999999036
93 98 13.4988480000000006
94 98 90.2735459999999961
95 98 183.0781260000000259
96 98 232.0114499999999964
97 98 509.5815119999999752
98 98 256658.7899999999790452
99 98 313691.4100000000325963
100 98 1.0000000000000000
67 99 17.6000000000000014
68 99 117.7000000000000028
69 99 238.6999999999999886
70 99 302.5000000000000000
71 99 327.8000000000000114
72 99 336.6000000000000227
83 99 348544.9000000000232831
90 99 -1256.9864780000000337
93 99 16.4985920000000021
94 99 110.3343340000000126
95 99 223.7621540000000095
96 99 283.5695499999999925
97 99 622.8218480000000454
98 99 313691.4100000000325963
99 99 383401.3900000000139698
100 99 1.0000000000000000
84 100 16.0000000000000000
85 100 107.0000000000000000
86 100 217.0000000000000000
87 100 275.0000000000000000
88 100 298.0000000000000000
89 100 306.0000000000000000
98 100 1.0000000000000000
99 100 1.0000000000000000
100 100 316860.0000000000000000
107 100 -1142.7149799999999686
110 100 14.9987200000000005
111 100 100.3039399999999972
112 100 203.4201400000000035
113 100 257.7905000000000086
114 100 566.2016800000000103
115 100 285173.0999999999767169
116 100 348544.9000000000232831
101 101 3.0000000000000000
109 101 -1.0000000000000000
117 101 16.0000000000000000
102 102 3.0000000000000000
110 102 -1.0000000000000000
117 102 107.0000000000000000
103 103 3.0000000000000000
111 103 -1.0000000000000000
117 103 217.0000000000000000
104 104 3.0000000000000000
112 104 -1.0000000000000000
117 104 275.0000000000000000
105 105 3.0000000000000000
113 105 -1.0000000000000000
117 105 298.0000000000000000
106 106 3.0000000000000000
114 106 -1.0000000000000000
117 106 306.0000000000000000
84 107 -0.8748400000000001
85 107 -0.8748400000000001
86 107 -0.8748400000000001
87 107 -0.8748400000000001
88 107 -0.8748400000000001
89 107 -0.8748400000000001
90 107 -0.0625800000000000
91 107 -0.0625800000000000
92 107 -0.0625800000000000
93 107 -0.0625800000000000
94 107 -0.0625800000000000
95 107 -0.0625800000000000
96 107 -0.0625800000000000
97 107 -0.0625800000000000
100 107 -1142.7149799999999686
107 107 6.3038675896000020
108 107 0.0586637436000000
109 107 0.0586637436000000
110 107 -0.8200925128000001
111 107 -0.8200925128000001
112 107 -0.8200925128000001
113 107 -0.8200925128000001
114 107 -1.6401850256000003
115 107 -1028.4434819999999036
116 107 -1256.9864780000000337
90 108 -0.9374200000000000
107 108 0.0586637436000000
108 108 1.8787562564000000
91 109 -0.9374200000000000
101 109 -1.0000000000000000
107 109 0.0586637436000000
109 109 1.8787562564000000
84 110 1.8748400000000001
92 110 -0.9374200000000000
100 110 14.9987200000000005
102 110 -1.0000000000000000
107 110 -0.8200925128000001
110 110 2.7575125128000000
115 110 13.4988480000000006
116 110 16.4985920000000021
85 111 1.8748400000000001
93 111 -0.9374200000000000
100 111 100.3039399999999972
103 111 -1.0000000000000000
107 111 -0.8200925128000001
111 111 2.7575125128000000
115 111 90.2735459999999961
116 111 110.3343340000000126
86 112 1.8748400000000001
94 112 -0.9374200000000000
100 112 203.4201400000000035
104 112 -1.0000000000000000
107 112 -0.8200925128000001
112 112 2.7575125128000000
115 112 183.0781260000000259
116 112 223.7621540000000095
87 113 1.8748400000000001
95 113 -0.9374200000000000
100 113 257.7905000000000086
105 113 -1.0000000000000000
107 113 -0.8200925128000001
113 113 2.7575125128000000
115 113 232.0114499999999964
116 113 283.5695499999999925
88 114 1.8748400000000001
89 114 1.8748400000000001
96 114 -0.9374200000000000
97 114 -0.9374200000000000
100 114 566.2016800000000103
106 114 -1.0000000000000000
107 114 -1.6401850256000003
114 114 4.5150250256000000
115 114 509.5815119999999752
116 114 622.8218480000000454
84 115 14.4000000000000004
85 115 96.2999999999999972
86 115 195.3000000000000114
87 115 247.5000000000000000
88 115 268.1999999999999886
89 115 275.3999999999999773
100 115 285173.0999999999767169
107 115 -1028.4434819999999036
110 115 13.4988480000000006
111 115 90.2735459999999961
112 115 183.0781260000000259
113 115 232.0114499999999964
114 115 509.5815119999999752
115 115 256658.7899999999790452
116 115 313691.4100000000325963
117 115 1.0000000000000000
84 116 17.6000000000000014
85 116 117.7000000000000028
86 116 238.6999999999999886
87 116 302.5000000000000000
88 116 327.8000000000000114
89 116 336.6000000000000227
100 116 348544.9000000000232831
107 116 -1256.9864780000000337
110 116 16.4985920000000021
111 116 110.3343340000000126
112 116 223.7621540000000095
113 116 283.5695499999999925
114 116 622.8218480000000454
115 116 313691.4100000000325963
116 116 383401.3900000000139698
117 116 1.0000000000000000
101 117 16.0000000000000000
102 117 107.0000000000000000
103 117 217.0000000000000000
104 117 275.0000000000000000
105 117 298.0000000000000000
106 117 306.0000000000000000
115 117 1.0000000000000000
116 117 1.0000000000000000
117 117 316860.0000000000000000
