85 85 523
1 1 4.0000000000000000
2 1 1.0000000000000000
6 1 1.0000000000000000
7 1 1.0000000000000000
8 1 1.0000000000000000
1 2 1.0000000000000000
2 2 5.0000000000000000
3 2 1.0000000000000000
8 2 1.0000000000000000
9 2 1.0000000000000000
10 2 1.0000000000000000
2 3 1.0000000000000000
3 3 3.0000000000000000
4 3 1.0000000000000000
10 3 1.0000000000000000
3 4 1.0000000000000000
4 4 5.0000000000000000
5 4 1.0000000000000000
10 4 1.0000000000000000
11 4 1.0000000000000000
12 4 1.0000000000000000
4 5 1.0000000000000000
5 5 3.0000000000000000
12 5 1.0000000000000000
23 5 1.0000000000000000
1 6 1.0000000000000000
6 6 5.0000000000000000
7 6 1.0000000000000000
13 6 1.0000000000000000
14 6 1.0000000000000000
45 6 1.0000000000000000
1 7 1.0000000000000000
6 7 1.0000000000000000
7 7 6.0000000000000000
8 7 1.0000000000000000
14 7 1.0000000000000000
15 7 1.0000000000000000
16 7 1.0000000000000000
1 8 1.0000000000000000
2 8 1.0000000000000000
7 8 1.0000000000000000
8 8 6.0000000000000000
9 8 1.0000000000000000
16 8 1.0000000000000000
18 8 1.0000000000000000
2 9 1.0000000000000000
8 9 1.0000000000000000
9 9 7.0000000000000000
10 9 1.0000000000000000
11 9 1.0000000000000000
18 9 1.0000000000000000
19 9 1.0000000000000000
20 9 1.0000000000000000
2 10 1.0000000000000000
3 10 1.0000000000000000
4 10 1.0000000000000000
9 10 1.0000000000000000
10 10 5.0000000000000000
11 10 1.0000000000000000
4 11 1.0000000000000000
9 11 1.0000000000000000
10 11 1.0000000000000000
11 11 7.0000000000000000
12 11 1.0000000000000000
20 11 1.0000000000000000
21 11 1.0000000000000000
22 11 1.0000000000000000
4 12 1.0000000000000000
5 12 1.0000000000000000
11 12 1.0000000000000000
12 12 5.0000000000000000
22 12 1.0000000000000000
23 12 1.0000000000000000
6 13 1.0000000000000000
13 13 3.0000000000000000
44 13 1.0000000000000000
45 13 1.0000000000000000
6 14 1.0000000000000000
7 14 1.0000000000000000
14 14 6.0000000000000000
15 14 1.0000000000000000
45 14 1.0000000000000000
46 14 1.0000000000000000
47 14 1.0000000000000000
7 15 1.0000000000000000
14 15 1.0000000000000000
15 15 7.0000000000000000
16 15 1.0000000000000000
17 15 1.0000000000000000
31 15 1.0000000000000000
47 15 1.0000000000000000
48 15 1.0000000000000000
7 16 1.0000000000000000
8 16 1.0000000000000000
15 16 1.0000000000000000
16 16 5.0000000000000000
17 16 1.0000000000000000
18 16 1.0000000000000000
15 17 1.0000000000000000
16 17 1.0000000000000000
17 17 6.0000000000000000
18 17 1.0000000000000000
29 17 1.0000000000000000
30 17 1.0000000000000000
31 17 1.0000000000000000
8 18 1.0000000000000000
9 18 1.0000000000000000
16 18 1.0000000000000000
17 18 1.0000000000000000
18 18 7.0000000000000000
19 18 1.0000000000000000
28 18 1.0000000000000000
29 18 1.0000000000000000
9 19 1.0000000000000000
18 19 1.0000000000000000
19 19 5.0000000000000000
20 19 1.0000000000000000
27 19 1.0000000000000000
28 19 1.0000000000000000
9 20 1.0000000000000000
11 20 1.0000000000000000
19 20 1.0000000000000000
20 20 5.0000000000000000
21 20 1.0000000000000000
27 20 1.0000000000000000
11 21 1.0000000000000000
20 21 1.0000000000000000
21 21 7.0000000000000000
22 21 1.0000000000000000
24 21 1.0000000000000000
25 21 1.0000000000000000
26 21 1.0000000000000000
27 21 1.0000000000000000
11 22 1.0000000000000000
12 22 1.0000000000000000
21 22 1.0000000000000000
22 22 5.0000000000000000
23 22 1.0000000000000000
24 22 1.0000000000000000
5 23 1.0000000000000000
12 23 1.0000000000000000
22 23 1.0000000000000000
23 23 5.0000000000000000
24 23 1.0000000000000000
32 23 1.0000000000000000
21 24 1.0000000000000000
22 24 1.0000000000000000
23 24 1.0000000000000000
24 24 7.0000000000000000
25 24 1.0000000000000000
32 24 1.0000000000000000
33 24 1.0000000000000000
34 24 1.0000000000000000
21 25 1.0000000000000000
24 25 1.0000000000000000
25 25 4.0000000000000000
26 25 1.0000000000000000
34 25 1.0000000000000000
21 26 1.0000000000000000
25 26 1.0000000000000000
26 26 6.0000000000000000
27 26 1.0000000000000000
34 26 1.0000000000000000
36 26 1.0000000000000000
37 26 1.0000000000000000
19 27 1.0000000000000000
20 27 1.0000000000000000
21 27 1.0000000000000000
26 27 1.0000000000000000
27 27 7.0000000000000000
28 27 1.0000000000000000
37 27 1.0000000000000000
39 27 1.0000000000000000
18 28 1.0000000000000000
19 28 1.0000000000000000
27 28 1.0000000000000000
28 28 5.0000000000000000
29 28 1.0000000000000000
39 28 1.0000000000000000
17 29 1.0000000000000000
18 29 1.0000000000000000
28 29 1.0000000000000000
29 29 6.0000000000000000
30 29 1.0000000000000000
39 29 1.0000000000000000
40 29 1.0000000000000000
17 30 1.0000000000000000
29 30 1.0000000000000000
30 30 6.0000000000000000
31 30 1.0000000000000000
40 30 1.0000000000000000
42 30 1.0000000000000000
43 30 1.0000000000000000
15 31 1.0000000000000000
17 31 1.0000000000000000
30 31 1.0000000000000000
31 31 6.0000000000000000
43 31 1.0000000000000000
48 31 1.0000000000000000
49 31 1.0000000000000000
23 32 1.0000000000000000
24 32 1.0000000000000000
32 32 4.0000000000000000
33 32 1.0000000000000000
64 32 1.0000000000000000
24 33 1.0000000000000000
32 33 1.0000000000000000
33 33 5.0000000000000000
34 33 1.0000000000000000
63 33 1.0000000000000000
64 33 1.0000000000000000
24 34 1.0000000000000000
25 34 1.0000000000000000
26 34 1.0000000000000000
33 34 1.0000000000000000
34 34 8.0000000000000000
35 34 1.0000000000000000
36 34 1.0000000000000000
64 34 1.0000000000000000
65 34 1.0000000000000000
34 35 1.0000000000000000
35 35 5.0000000000000000
36 35 1.0000000000000000
38 35 1.0000000000000000
65 35 1.0000000000000000
66 35 1.0000000000000000
26 36 1.0000000000000000
34 36 1.0000000000000000
35 36 1.0000000000000000
36 36 5.0000000000000000
37 36 1.0000000000000000
38 36 1.0000000000000000
26 37 1.0000000000000000
27 37 1.0000000000000000
36 37 1.0000000000000000
37 37 5.0000000000000000
38 37 1.0000000000000000
39 37 1.0000000000000000
35 38 1.0000000000000000
36 38 1.0000000000000000
37 38 1.0000000000000000
38 38 7.0000000000000000
39 38 1.0000000000000000
66 38 1.0000000000000000
67 38 1.0000000000000000
69 38 1.0000000000000000
27 39 1.0000000000000000
28 39 1.0000000000000000
29 39 1.0000000000000000
37 39 1.0000000000000000
38 39 1.0000000000000000
39 39 9.0000000000000000
40 39 1.0000000000000000
41 39 1.0000000000000000
69 39 1.0000000000000000
70 39 1.0000000000000000
29 40 1.0000000000000000
30 40 1.0000000000000000
39 40 1.0000000000000000
40 40 6.0000000000000000
41 40 1.0000000000000000
42 40 1.0000000000000000
71 40 1.0000000000000000
39 41 1.0000000000000000
40 41 1.0000000000000000
41 41 4.0000000000000000
70 41 1.0000000000000000
71 41 1.0000000000000000
30 42 1.0000000000000000
40 42 1.0000000000000000
42 42 6.0000000000000000
43 42 1.0000000000000000
50 42 1.0000000000000000
71 42 1.0000000000000000
72 42 1.0000000000000000
30 43 1.0000000000000000
31 43 1.0000000000000000
42 43 1.0000000000000000
43 43 6.0000000000000000
49 43 1.0000000000000000
50 43 1.0000000000000000
51 43 1.0000000000000000
13 44 1.0000000000000000
44 44 5.0000000000000000
45 44 1.0000000000000000
52 44 1.0000000000000000
53 44 1.0000000000000000
54 44 1.0000000000000000
6 45 1.0000000000000000
13 45 1.0000000000000000
14 45 1.0000000000000000
44 45 1.0000000000000000
45 45 7.0000000000000000
46 45 1.0000000000000000
52 45 1.0000000000000000
57 45 1.0000000000000000
14 46 1.0000000000000000
45 46 1.0000000000000000
46 46 5.0000000000000000
47 46 1.0000000000000000
57 46 1.0000000000000000
58 46 1.0000000000000000
14 47 1.0000000000000000
15 47 1.0000000000000000
46 47 1.0000000000000000
47 47 5.0000000000000000
48 47 1.0000000000000000
58 47 1.0000000000000000
15 48 1.0000000000000000
31 48 1.0000000000000000
47 48 1.0000000000000000
48 48 6.0000000000000000
49 48 1.0000000000000000
58 48 1.0000000000000000
59 48 1.0000000000000000
31 49 1.0000000000000000
43 49 1.0000000000000000
48 49 1.0000000000000000
49 49 6.0000000000000000
51 49 1.0000000000000000
59 49 1.0000000000000000
60 49 1.0000000000000000
42 50 1.0000000000000000
43 50 1.0000000000000000
50 50 5.0000000000000000
51 50 1.0000000000000000
72 50 1.0000000000000000
73 50 1.0000000000000000
43 51 1.0000000000000000
49 51 1.0000000000000000
50 51 1.0000000000000000
51 51 6.0000000000000000
60 51 1.0000000000000000
61 51 1.0000000000000000
73 51 1.0000000000000000
44 52 1.0000000000000000
45 52 1.0000000000000000
52 52 5.0000000000000000
54 52 1.0000000000000000
57 52 1.0000000000000000
81 52 1.0000000000000000
44 53 1.0000000000000000
53 53 4.0000000000000000
54 53 1.0000000000000000
55 53 1.0000000000000000
85 53 1.0000000000000000
44 54 1.0000000000000000
52 54 1.0000000000000000
53 54 1.0000000000000000
54 54 6.0000000000000000
55 54 1.0000000000000000
56 54 1.0000000000000000
81 54 1.0000000000000000
53 55 1.0000000000000000
54 55 1.0000000000000000
55 55 6.0000000000000000
56 55 1.0000000000000000
83 55 1.0000000000000000
84 55 1.0000000000000000
85 55 1.0000000000000000
54 56 1.0000000000000000
55 56 1.0000000000000000
56 56 5.0000000000000000
81 56 1.0000000000000000
82 56 1.0000000000000000
83 56 1.0000000000000000
45 57 1.0000000000000000
46 57 1.0000000000000000
52 57 1.0000000000000000
57 57 6.0000000000000000
58 57 1.0000000000000000
80 57 1.0000000000000000
81 57 1.0000000000000000
46 58 1.0000000000000000
47 58 1.0000000000000000
48 58 1.0000000000000000
57 58 1.0000000000000000
58 58 6.0000000000000000
59 58 1.0000000000000000
80 58 1.0000000000000000
48 59 1.0000000000000000
49 59 1.0000000000000000
58 59 1.0000000000000000
59 59 7.0000000000000000
60 59 1.0000000000000000
61 59 1.0000000000000000
79 59 1.0000000000000000
80 59 1.0000000000000000
49 60 1.0000000000000000
51 60 1.0000000000000000
59 60 1.0000000000000000
60 60 4.0000000000000000
61 60 1.0000000000000000
51 61 1.0000000000000000
59 61 1.0000000000000000
60 61 1.0000000000000000
61 61 8.0000000000000000
62 61 1.0000000000000000
73 61 1.0000000000000000
76 61 1.0000000000000000
78 61 1.0000000000000000
79 61 1.0000000000000000
61 62 1.0000000000000000
62 62 5.0000000000000000
73 62 1.0000000000000000
74 62 1.0000000000000000
76 62 1.0000000000000000
78 62 1.0000000000000000
33 63 1.0000000000000000
63 63 2.0000000000000000
64 63 1.0000000000000000
32 64 1.0000000000000000
33 64 1.0000000000000000
34 64 1.0000000000000000
63 64 1.0000000000000000
64 64 5.0000000000000000
65 64 1.0000000000000000
34 65 1.0000000000000000
35 65 1.0000000000000000
64 65 1.0000000000000000
65 65 4.0000000000000000
66 65 1.0000000000000000
35 66 1.0000000000000000
38 66 1.0000000000000000
65 66 1.0000000000000000
66 66 4.0000000000000000
67 66 1.0000000000000000
38 67 1.0000000000000000
66 67 1.0000000000000000
67 67 4.0000000000000000
68 67 1.0000000000000000
69 67 1.0000000000000000
67 68 1.0000000000000000
68 68 2.0000000000000000
69 68 1.0000000000000000
38 69 1.0000000000000000
39 69 1.0000000000000000
67 69 1.0000000000000000
68 69 1.0000000000000000
69 69 5.0000000000000000
70 69 1.0000000000000000
39 70 1.0000000000000000
41 70 1.0000000000000000
69 70 1.0000000000000000
70 70 4.0000000000000000
71 70 1.0000000000000000
40 71 1.0000000000000000
41 71 1.0000000000000000
42 71 1.0000000000000000
70 71 1.0000000000000000
71 71 5.0000000000000000
72 71 1.0000000000000000
42 72 1.0000000000000000
50 72 1.0000000000000000
71 72 1.0000000000000000
72 72 4.0000000000000000
73 72 1.0000000000000000
50 73 1.0000000000000000
51 73 1.0000000000000000
61 73 1.0000000000000000
62 73 1.0000000000000000
72 73 1.0000000000000000
73 73 6.0000000000000000
74 73 1.0000000000000000
62 74 1.0000000000000000
73 74 1.0000000000000000
74 74 4.0000000000000000
75 74 1.0000000000000000
76 74 1.0000000000000000
74 75 1.0000000000000000
75 75 2.0000000000000000
76 75 1.0000000000000000
61 76 1.0000000000000000
62 76 1.0000000000000000
74 76 1.0000000000000000
75 76 1.0000000000000000
76 76 6.0000000000000000
77 76 1.0000000000000000
78 76 1.0000000000000000
76 77 1.0000000000000000
77 77 2.0000000000000000
78 77 1.0000000000000000
61 78 1.0000000000000000
62 78 1.0000000000000000
76 78 1.0000000000000000
77 78 1.0000000000000000
78 78 5.0000000000000000
79 78 1.0000000000000000
59 79 1.0000000000000000
61 79 1.0000000000000000
78 79 1.0000000000000000
79 79 4.0000000000000000
80 79 1.0000000000000000
57 80 1.0000000000000000
58 80 1.0000000000000000
59 80 1.0000000000000000
79 80 1.0000000000000000
80 80 5.0000000000000000
81 80 1.0000000000000000
52 81 1.0000000000000000
54 81 1.0000000000000000
56 81 1.0000000000000000
57 81 1.0000000000000000
80 81 1.0000000000000000
81 81 6.0000000000000000
82 81 1.0000000000000000
56 82 1.0000000000000000
81 82 1.0000000000000000
82 82 3.0000000000000000
83 82 1.0000000000000000
55 83 1.0000000000000000
56 83 1.0000000000000000
82 83 1.0000000000000000
83 83 4.0000000000000000
84 83 1.0000000000000000
55 84 1.0000000000000000
83 84 1.0000000000000000
84 84 3.0000000000000000
85 84 1.0000000000000000
53 85 1.0000000000000000
55 85 1.0000000000000000
84 85 1.0000000000000000
85 85 3.0000000000000000
