485 485 485
1 1 459.3784347859000263
2 2 459.3784347859000263
3 3 1201564.1216150000691414
4 4 619.1400459947999479
5 5 619.1400459947999479
6 6 1268424.4896269999444485
7 7 321.4372992292999811
8 8 321.4372992292999811
9 9 134521.7787710000120569
10 10 325.1378477317999796
11 11 325.1378477317999796
12 12 136070.4614167000108864
13 13 328.8383962341999904
14 14 328.8383962341999904
15 15 137619.1440623000089545
16 16 332.5389447366999889
17 17 332.5389447366999889
18 18 139167.8267080000077840
19 19 336.2394932390999998
20 20 336.2394932390999998
21 21 140716.5093536000058521
22 22 339.9400417415000106
23 23 339.9400417415000106
24 24 142265.1919992000039201
25 25 343.6405902440000091
26 26 343.6405902440000091
27 27 143813.8746449000027496
28 28 347.3411387465000075
29 29 347.3411387465000075
30 30 145362.5572906000015792
31 31 351.0416872489000184
32 32 351.0416872489000184
33 33 146911.2399361999996472
34 34 354.7422357512999724
35 35 354.7422357512999724
36 36 148459.9225817999977153
37 37 358.4427842536999833
38 38 358.4427842536999833
39 39 150008.6052273999957833
40 40 362.1433327561999818
41 41 362.1433327561999818
42 42 151557.2878730999946129
43 43 365.8438812585999926
44 44 365.8438812585999926
45 45 153105.9705186999926809
46 46 369.5444297610999911
47 47 369.5444297610999911
48 48 154654.6531642999907490
49 49 373.2449782635000020
50 50 373.2449782635000020
51 51 156203.3358099999895785
52 52 376.9455267659000128
53 53 376.9455267659000128
54 54 157752.0184555999876466
55 55 380.5184701476999862
56 56 380.5184701476999862
57 57 159247.2982515000039712
58 58 384.2190186500999971
59 59 384.2190186500999971
60 60 160795.9808971000020392
61 61 387.9195671525000080
62 62 387.9195671525000080
63 63 162344.6635427000001073
64 64 391.6201156549000189
65 65 391.6201156549000189
66 66 163893.3461882999981754
67 67 395.3206641574000173
68 68 395.3206641574000173
69 69 165442.0288338999962434
70 70 399.0212126598000282
71 71 399.0212126598000282
72 72 166990.7114795999950729
73 73 402.7217611623000266
74 74 402.7217611623000266
75 75 168539.3941251999931410
76 76 406.4223096646999807
77 77 406.4223096646999807
78 78 170088.0767708999919705
79 79 410.1228581671999791
80 80 410.1228581671999791
81 81 171636.7594164999900386
82 82 413.8234066695999900
83 83 413.8234066695999900
84 84 173185.4420620999881066
85 85 417.5239551720999884
86 86 417.5239551720999884
87 87 174734.1247078999876976
88 88 421.2245036745999869
89 89 421.2245036745999869
90 90 176282.8073534999857657
91 91 424.9250521768000226
92 92 424.9250521768000226
93 93 177831.4899989000114147
94 94 428.6256006793000211
95 95 428.6256006793000211
96 96 179380.1726446000102442
97 97 432.3261491818000195
98 98 432.3261491818000195
99 99 180928.8552904000098351
100 100 436.0266976843000180
101 101 436.0266976843000180
102 102 182477.5379360000079032
103 103 402.9344363627999996
104 104 402.9344363627999996
105 105 145103.9490447000134736
106 106 616.1909498692999705
107 107 616.1909498692999705
108 108 737375.0496964999474585
109 109 1124.8492369129999133
110 110 1124.8492369129999133
111 111 1590618.9437810000963509
112 112 1055.7354215889999978
113 113 1055.7354215889999978
114 114 1459301.6833599999081343
115 115 729.9012908263999861
116 116 729.9012908263999861
117 117 2681297.7544459998607635
118 118 1072.2867870630000198
119 119 1072.2867870630000198
120 120 1256934.2083610000554472
121 121 1122.9250628100000995
122 122 1122.9250628100000995
123 123 5221611.9852889999747276
124 124 1090.8665421870000500
125 125 1090.8665421870000500
126 126 1278713.3910199999809265
127 127 1122.9250628100000995
128 128 1122.9250628100000995
129 129 5221611.9852889999747276
130 130 1109.4462973100000909
131 131 1109.4462973100000909
132 132 1300492.5736779998987913
133 133 1122.9250628100000995
134 134 1122.9250628100000995
135 135 5221611.9852889999747276
136 136 1128.0260524339998938
137 137 1128.0260524339998938
138 138 1322271.7563360000494868
139 139 729.9012908263999861
140 140 729.9012908263999861
141 141 2681297.7544459998607635
142 142 1146.6058075569999346
143 143 1146.6058075569999346
144 144 1344050.9389949999749660
145 145 1124.8492369129999133
146 146 1124.8492369129999133
147 147 1590618.9437810000963509
148 148 1165.1855626799999754
149 149 1165.1855626799999754
150 150 1365830.1216529998928308
151 151 616.1909498692999705
152 152 616.1909498692999705
153 153 737375.0496964999474585
154 154 1055.7354215889999978
155 155 1055.7354215889999978
156 156 1459301.6833599999081343
157 157 1183.7653178040000057
158 158 1183.7653178040000057
159 159 1387609.3043110000435263
160 160 402.9344363627999996
161 161 402.9344363627999996
162 162 145103.9490447000134736
163 163 1072.2867870630000198
164 164 1072.2867870630000198
165 165 1256934.2083610000554472
166 166 1202.3450729270000465
167 167 1202.3450729270000465
168 168 1409388.4869699999690056
169 169 436.0266976843000180
170 170 436.0266976843000180
171 171 182477.5379360000079032
172 172 1090.8665421870000500
173 173 1090.8665421870000500
174 174 1278713.3910199999809265
175 175 1323.3845065059999797
176 176 1323.3845065059999797
177 177 1854832.9718849998898804
178 178 432.3261491818000195
179 179 432.3261491818000195
180 180 180928.8552904000098351
181 181 1109.4462973100000909
182 182 1109.4462973100000909
183 183 1300492.5736779998987913
184 184 1677.9822286749999876
185 185 1677.9822286749999876
186 186 2473949.5748379998840392
187 187 428.6256006793000211
188 188 428.6256006793000211
189 189 179380.1726446000102442
190 190 1128.0260524339998938
191 191 1128.0260524339998938
192 192 1322271.7563360000494868
193 193 1306.4968406469999991
194 194 1306.4968406469999991
195 195 1861884.5219050000887364
196 196 364.9506454131999931
197 197 364.9506454131999931
198 198 182430.0687359999865294
199 199 424.9250521768000226
200 200 424.9250521768000226
201 201 177831.4899989000114147
202 202 1146.6058075569999346
203 203 1146.6058075569999346
204 204 1344050.9389949999749660
205 205 1045.5917365989998871
206 206 1045.5917365989998871
207 207 1225642.2792539999354631
208 208 3186.0526908480001111
209 209 3186.0526908480001111
210 210 3036371.7038219999521971
211 211 421.2245036745999869
212 212 421.2245036745999869
213 213 176282.8073534999857657
214 214 1165.1855626799999754
215 215 1165.1855626799999754
216 216 1365830.1216529998928308
217 217 1078.0529179640000166
218 218 1078.0529179640000166
219 219 1263693.2650480000302196
220 220 47269.8638795700026094
221 221 2428.0782734519998485
222 222 313627.4042424000217579
223 223 3551.0033362620001753
224 224 3551.0033362620001753
225 225 5535239.3895319998264313
226 226 417.5239551720999884
227 227 417.5239551720999884
228 228 174734.1247078999876976
229 229 1183.7653178040000057
230 230 1183.7653178040000057
231 231 1387609.3043110000435263
232 232 1108.3784952920000251
233 233 1108.3784952920000251
234 234 1299240.8965139999054372
235 235 47269.8638795700026094
236 236 2428.0782734519998485
237 237 313627.4042424000217579
238 238 655.0396199724000326
239 239 655.0396199724000326
240 240 2622893.0574249997735023
241 241 413.8234066695999900
242 242 413.8234066695999900
243 243 173185.4420620999881066
244 244 1202.3450729270000465
245 245 1202.3450729270000465
246 246 1409388.4869699999690056
247 247 1136.5684685819999231
248 248 1136.5684685819999231
249 249 1332285.1736510000191629
250 250 187.1541771349999976
251 251 187.1541771349999976
252 252 24174.1295615300005011
253 253 410.1228581671999791
254 254 410.1228581671999791
255 255 171636.7594164999900386
256 256 1323.3845065059999797
257 257 1323.3845065059999797
258 258 1854832.9718849998898804
259 259 1162.8363982400001078
260 260 1162.8363982400001078
261 261 1363076.4318909998983145
262 262 655.0396199724000326
263 263 655.0396199724000326
264 264 2622893.0574249997735023
265 265 406.4223096646999807
266 266 406.4223096646999807
267 267 170088.0767708999919705
268 268 1677.9822286749999876
269 269 1677.9822286749999876
270 270 2473949.5748379998840392
271 271 1186.9687238599999546
272 272 1186.9687238599999546
273 273 1391364.3358040000312030
274 274 3551.0033362620001753
275 275 3551.0033362620001753
276 276 5535239.3895319998264313
277 277 402.7217611623000266
278 278 402.7217611623000266
279 279 168539.3941251999931410
280 280 1306.4968406469999991
281 281 1306.4968406469999991
282 282 1861884.5219050000887364
283 283 364.9506454131999931
284 284 364.9506454131999931
285 285 182430.0687359999865294
286 286 1209.1790058460001092
287 287 1209.1790058460001092
288 288 1417399.2208209999371320
289 289 47269.8638795700026094
290 290 2428.0782734519998485
291 291 313627.4042424000217579
292 292 3186.0526908480001111
293 293 3186.0526908480001111
294 294 3036371.7038219999521971
295 295 399.0212126598000282
296 296 399.0212126598000282
297 297 166990.7114795999950729
298 298 1045.5917365989998871
299 299 1045.5917365989998871
300 300 1225642.2792539999354631
301 301 1229.2536837959999048
302 302 1229.2536837959999048
303 303 1440930.7515090000815690
304 304 47269.8638795700026094
305 305 2428.0782734519998485
306 306 313627.4042424000217579
307 307 395.3206641574000173
308 308 395.3206641574000173
309 309 165442.0288338999962434
310 310 1078.0529179640000166
311 311 1078.0529179640000166
312 312 1263693.2650480000302196
313 313 1247.1927577080000447
314 314 1247.1927577080000447
315 315 1461958.9278690000064671
316 316 391.6201156549000189
317 317 391.6201156549000189
318 318 163893.3461882999981754
319 319 1108.3784952920000251
320 320 1108.3784952920000251
321 321 1299240.8965139999054372
322 322 1263.2097879870000270
323 323 1263.2097879870000270
324 324 1480734.0853329999372363
325 325 387.9195671525000080
326 326 387.9195671525000080
327 327 162344.6635427000001073
328 328 1136.5684685819999231
329 329 1136.5684685819999231
330 330 1332285.1736510000191629
331 331 1277.0912142279998989
332 332 1277.0912142279998989
333 333 1497005.8884690001141280
334 334 384.2190186500999971
335 335 384.2190186500999971
336 336 160795.9808971000020392
337 337 1162.8363982400001078
338 338 1162.8363982400001078
339 339 1363076.4318909998983145
340 340 1288.8370364330000939
341 341 1288.8370364330000939
342 342 1510774.3372760000638664
343 343 380.5184701476999862
344 344 380.5184701476999862
345 345 159247.2982515000039712
346 346 1186.9687238599999546
347 347 1186.9687238599999546
348 348 1391364.3358040000312030
349 349 1298.6608150039999146
350 350 1298.6608150039999146
351 351 1522289.7671870000194758
352 352 376.9455267659000128
353 353 376.9455267659000128
354 354 157752.0184555999876466
355 355 1209.1790058460001092
356 356 1209.1790058460001092
357 357 1417399.2208209999371320
358 358 1306.3489895370000795
359 359 1306.3489895370000795
360 360 1531301.8427699999883771
361 361 373.2449782635000020
362 362 373.2449782635000020
363 363 156203.3358099999895785
364 364 1229.2536837959999048
365 365 1229.2536837959999048
366 366 1440930.7515090000815690
367 367 1311.9015600340001129
368 368 1311.9015600340001129
369 369 1537810.5640239999629557
370 370 369.5444297610999911
371 371 369.5444297610999911
372 372 154654.6531642999907490
373 373 1247.1927577080000447
374 374 1247.1927577080000447
375 375 1461958.9278690000064671
376 376 1315.5320868969999992
377 377 1315.5320868969999992
378 378 1542066.2663819999434054
379 379 365.8438812585999926
380 380 365.8438812585999926
381 381 153105.9705186999926809
382 382 1263.2097879870000270
383 383 1263.2097879870000270
384 384 1480734.0853329999372363
385 385 9884.2161652380000305
386 386 9884.2161652380000305
387 387 11586274.8387899994850159
388 388 362.1433327561999818
389 389 362.1433327561999818
390 390 151557.2878730999946129
391 391 1277.0912142279998989
392 392 1277.0912142279998989
393 393 1497005.8884690001141280
394 394 13875.1549541999993380
395 395 13875.1549541999993380
396 396 12198592.7009500004351139
397 397 358.4427842536999833
398 398 358.4427842536999833
399 399 150008.6052273999957833
400 400 1288.8370364330000939
401 401 1288.8370364330000939
402 402 1510774.3372760000638664
403 403 71466.8206167900061700
404 404 354.7422357512999724
405 405 354.7422357512999724
406 406 148459.9225817999977153
407 407 1298.6608150039999146
408 408 1298.6608150039999146
409 409 1522289.7671870000194758
410 410 10208.4096619100000680
411 411 10208.4096619100000680
412 412 47469199.8662699982523918
413 413 10489.1409276100002899
414 414 10489.1409276100002899
415 415 47795550.6153500005602837
416 416 351.0416872489000184
417 417 351.0416872489000184
418 418 146911.2399361999996472
419 419 1306.3489895370000795
420 420 1306.3489895370000795
421 421 1531301.8427699999883771
422 422 903.0189046762000089
423 423 903.0189046762000089
424 424 3880910.2271580002270639
425 425 347.3411387465000075
426 426 347.3411387465000075
427 427 145362.5572906000015792
428 428 1311.9015600340001129
429 429 1311.9015600340001129
430 430 1537810.5640239999629557
431 431 1244.5752779479998935
432 432 1244.5752779479998935
433 433 7109118.9561550002545118
434 434 343.6405902440000091
435 435 343.6405902440000091
436 436 143813.8746449000027496
437 437 1315.5320868969999992
438 438 1315.5320868969999992
439 439 1542066.2663819999434054
440 440 1244.5752779479998935
441 441 1244.5752779479998935
442 442 7109118.9561550002545118
443 443 339.9400417415000106
444 444 339.9400417415000106
445 445 142265.1919992000039201
446 446 9884.2161652380000305
447 447 9884.2161652380000305
448 448 11586274.8387899994850159
449 449 1244.5752779479998935
450 450 1244.5752779479998935
451 451 7109118.9561550002545118
452 452 336.2394932390999998
453 453 336.2394932390999998
454 454 140716.5093536000058521
455 455 13875.1549541999993380
456 456 13875.1549541999993380
457 457 12198592.7009500004351139
458 458 903.0189046762000089
459 459 903.0189046762000089
460 460 3880910.2271580002270639
461 461 332.5389447366999889
462 462 332.5389447366999889
463 463 139167.8267080000077840
464 464 71466.8206167900061700
465 465 10489.1409276100002899
466 466 10489.1409276100002899
467 467 47795550.6153500005602837
468 468 328.8383962341999904
469 469 328.8383962341999904
470 470 137619.1440623000089545
471 471 10208.4096619100000680
472 472 10208.4096619100000680
473 473 47469199.8662699982523918
474 474 325.1378477317999796
475 475 325.1378477317999796
476 476 136070.4614167000108864
477 477 321.4372992292999811
478 478 321.4372992292999811
479 479 134521.7787710000120569
480 480 619.1400459947999479
481 481 619.1400459947999479
482 482 1268424.4896269999444485
483 483 459.3784347859000263
484 484 459.3784347859000263
485 485 1201564.1216150000691414
