138 138 138
1 1 0.0001882734061879
2 2 0.0001882734061879
3 3 0.0000180732052129
4 4 0.0003833644440367
5 5 0.0001121119328294
6 6 0.0005928348883776
7 7 0.0014567782976100
8 8 0.0005822319874157
9 9 0.0015131699644840
10 10 0.0006039903623284
11 11 0.0014834842876550
12 12 0.0003977417414029
13 13 0.0001338026022497
14 14 0.0001770263438884
15 15 0.0000103449709931
16 16 0.0006564098009114
17 17 0.0006564098009114
18 18 0.0031044247509260
19 19 0.0006726934556215
20 20 0.0006726934556215
21 21 0.0033151269798240
22 22 0.0001770263438884
23 23 0.0000103449709931
24 24 0.0004018143520015
25 25 0.0001361863012331
26 26 0.0006059672113169
27 27 0.0015309790708270
28 28 0.0005822319874157
29 29 0.0015131699644840
30 30 0.0005948117373687
31 31 0.0015042730807200
32 32 0.0003833644440367
33 33 0.0001121119328294
34 34 0.0001882734061879
35 35 0.0001882734061879
36 36 0.0000180732052129
37 37 0.0005770975269991
38 38 0.0005770975269991
39 39 0.0029033180369450
40 40 0.0005631279294281
41 41 0.0005631279294281
42 42 0.0026632574340400
43 43 0.0012002750875590
44 44 0.0012002750875590
45 45 0.0079541725798350
46 46 0.0015903590235960
47 47 0.0015903590235960
48 48 0.0097376658261670
49 49 0.0012913590235960
50 50 0.0012913590235960
51 51 0.0097376658261670
52 52 0.0014409590235960
53 53 0.0014409590235960
54 54 0.0097376658261660
55 55 0.0014409590235960
56 56 0.0014409590235960
57 57 0.0097376658261660
58 58 0.0012913590235960
59 59 0.0012913590235960
60 60 0.0097376658261660
61 61 0.0015903590235960
62 62 0.0015903590235960
63 63 0.0097376658261660
64 64 0.0012124861316700
65 65 0.0012124861316700
66 66 0.0081624911097490
67 67 0.0002192773460676
68 68 0.0002192773460676
69 69 0.0011249825781330
70 70 0.0002181777081544
71 71 0.0002181777081544
72 72 0.0011851484170460
73 73 0.0002181777081544
74 74 0.0002181777081544
75 75 0.0011851484170460
76 76 0.0002181777081544
77 77 0.0002181777081544
78 78 0.0011851484170460
79 79 0.0002181777081544
80 80 0.0002181777081544
81 81 0.0011851484170460
82 82 0.0002181777081544
83 83 0.0002181777081544
84 84 0.0011851484170460
85 85 0.0002181777081544
86 86 0.0002181777081544
87 87 0.0011851484170460
88 88 0.0002212641898709
89 89 0.0002212641898709
90 90 0.0011678277523610
91 91 0.0010297045988580
92 92 0.0010297045988580
93 93 0.0068238096214220
94 94 0.0014068446696390
95 95 0.0014068446696390
96 96 0.0083538520698450
97 97 0.0011078446696390
98 98 0.0011078446696390
99 99 0.0083538520698450
100 100 0.0012574446696390
101 101 0.0012574446696390
102 102 0.0083538520698450
103 103 0.0012574446696390
104 104 0.0012574446696390
105 105 0.0083538520698450
106 106 0.0011078446696390
107 107 0.0011078446696390
108 108 0.0083538520698440
109 109 0.0014068446696390
110 110 0.0014068446696390
111 111 0.0083538520698440
112 112 0.0010436741964290
113 113 0.0010436741964290
114 114 0.0070638702243260
115 115 0.0002192755294508
116 116 0.0002192755294508
117 117 0.0011249822450710
118 118 0.0002181758916445
119 119 0.0002181758916445
120 120 0.0011851480862340
121 121 0.0002181758916445
122 122 0.0002181758916445
123 123 0.0011851480862340
124 124 0.0002181758916445
125 125 0.0002181758916445
126 126 0.0011851480862340
127 127 0.0002181758916445
128 128 0.0002181758916445
129 129 0.0011851480862340
130 130 0.0002181758916445
131 131 0.0002181758916445
132 132 0.0011851480862340
133 133 0.0002181758916445
134 134 0.0002181758916445
135 135 0.0011851480862340
136 136 0.0002212623732566
137 137 0.0002212623732566
138 138 0.0011678274192380
