1922 1922 1922
1 1 0.1822505901593000
2 2 0.1822505901593000
3 3 0.1822505901593000
4 4 0.0001934960906114
5 5 0.0001917529392232
6 6 0.0001822505901593
7 7 0.0632559884832600
8 8 0.0632559884832600
9 9 0.0632559884832600
10 10 0.0000856215473457
11 11 0.0000822966862278
12 12 0.0000632559884833
13 13 0.5851883682367000
14 14 0.5851883682367000
15 15 0.5851883682367000
16 16 0.0015362991368810
17 17 0.0020523722058400
18 18 0.0009664215072992
19 19 0.4048414685761000
20 20 0.4048414685761000
21 21 0.4048414685761000
22 22 0.0013559522372210
23 23 0.0014097897598080
24 24 0.0004248284339067
25 25 0.1241844603122000
26 26 0.1241844603122000
27 27 0.1241844603122000
28 28 0.0003395914034581
29 29 0.0003395914034581
30 30 0.0001241844603122
31 31 0.1667192753702000
32 32 0.1667192753702000
33 33 0.1667192753702000
34 34 0.0002062825139292
35 35 0.0002028772807519
36 36 0.0001667192753702
37 37 0.0729085052968900
38 38 0.0729085052968900
39 39 0.0729085052968900
40 40 0.0000729085052969
41 41 0.0000729085052969
42 42 0.0000729085052969
43 43 0.3755841594367000
44 44 0.3755841594367000
45 45 0.3755841594367000
46 46 0.0003755841594367
47 47 0.0008916852348395
48 48 0.0007568172984993
49 49 0.1889533832750000
50 50 0.1889533832750000
51 51 0.1889533832750000
52 52 0.0001889533832750
53 53 0.0002428189123069
54 54 0.0002089403486056
55 55 0.1654387391101000
56 56 0.1654387391101000
57 57 0.1654387391101000
58 58 0.0003808456822560
59 59 0.0003808456822560
60 60 0.0001654387391101
61 61 0.0730897463478500
62 62 0.0730897463478500
63 63 0.0730897463478500
64 64 0.0001306101634338
65 65 0.0001269556761164
66 66 0.0000730897463478
67 67 0.1592390327452000
68 68 0.1592390327452000
69 69 0.1592390327452000
70 70 0.0001592390327452
71 71 0.0007575201116059
72 72 0.0007509933936210
73 73 0.2021901316921000
74 74 0.2021901316921000
75 75 0.2021901316921000
76 76 0.0002021901316921
77 77 0.0002238600748642
78 78 0.0002238600748642
79 79 0.4876887355404000
80 80 0.4876887355404000
81 81 0.4876887355404000
82 82 0.0010126756298410
83 83 0.0015114532091770
84 84 0.0008549791424655
85 85 0.1568256753829000
86 86 0.1568256753829000
87 87 0.1568256753829000
88 88 0.0001568256753829
89 89 0.0001568256753829
90 90 0.0001568256753829
91 91 0.3255576148812000
92 92 0.3255576148812000
93 93 0.3255576148812000
94 94 0.0003860912971413
95 95 0.0007168365046553
96 96 0.0005585839814563
97 97 0.3164500143396000
98 98 0.3164500143396000
99 99 0.3164500143396000
100 100 0.0003164500143396
101 101 0.0015125414242250
102 102 0.0014995188383120
103 103 0.1316509536022000
104 104 0.1316509536022000
105 105 0.1316509536022000
106 106 0.0001666830545561
107 107 0.0001648819479147
108 108 0.0001316509536022
109 109 0.5415190753071000
110 110 0.5415190753071000
111 111 0.5415190753071000
112 112 0.0005415190753071
113 113 0.0013724156342720
114 114 0.0011416271493650
115 115 0.0407313491868200
116 116 0.0407313491868200
117 117 0.0407313491868200
118 118 0.0000407313491868
119 119 0.0000407313491868
120 120 0.0000407313491868
121 121 0.1811413683746000
122 122 0.1811413683746000
123 123 0.1811413683746000
124 124 0.0001811413683746
125 125 0.0002028113115467
126 126 0.0002028113115467
127 127 0.1622980224771000
128 128 0.1622980224771000
129 129 0.1622980224771000
130 130 0.0001622980224771
131 131 0.0001839679656492
132 132 0.0001839679656492
133 133 0.3535649179833000
134 134 0.3535649179833000
135 135 0.3535649179833000
136 136 0.0003535649179833
137 137 0.0006879993347845
138 138 0.0005865912845584
139 139 0.2044868584962000
140 140 0.2044868584962000
141 141 0.2044868584962000
142 142 0.0007294737527969
143 143 0.0007294590398634
144 144 0.0002044868584962
145 145 0.0330163960819600
146 146 0.0330163960819600
147 147 0.0330163960819600
148 148 0.0000330163960820
149 149 0.0000330163960820
150 150 0.0000330163960820
151 151 0.1279867658935000
152 152 0.1279867658935000
153 153 0.1279867658935000
154 154 0.0001279867658935
155 155 0.0001279867658935
156 156 0.0001279867658935
157 157 0.1461289046513000
158 158 0.1461289046513000
159 159 0.1461289046513000
160 160 0.0001461289046513
161 161 0.0001743455878246
162 162 0.0001461289046513
163 163 0.0598513495643400
164 164 0.0598513495643400
165 165 0.0598513495643400
166 166 0.0000598513495643
167 167 0.0000598513495643
168 168 0.0000598513495643
169 169 0.0743298166964700
170 170 0.0743298166964700
171 171 0.0743298166964700
172 172 0.0001371473347542
173 173 0.0001335262165072
174 174 0.0000743298166965
175 175 0.0759419081496800
176 176 0.0759419081496800
177 177 0.0759419081496800
178 178 0.0001460061100575
179 179 0.0001424038967748
180 180 0.0000759419081497
181 181 0.2694635992719000
182 182 0.2694635992719000
183 183 0.2694635992719000
184 184 0.0002694635992719
185 185 0.0008672739302964
186 186 0.0008607780623687
187 187 0.0559208723962600
188 188 0.0559208723962600
189 189 0.0559208723962600
190 190 0.0000559208723963
191 191 0.0000559208723963
192 192 0.0000559208723963
193 193 0.1411063612091000
194 194 0.1411063612091000
195 195 0.1411063612091000
196 196 0.0001411063612091
197 197 0.0001411063612091
198 198 0.0001411063612091
199 199 0.0534680745341300
200 200 0.0534680745341300
201 201 0.0534680745341300
202 202 0.0000871086258471
203 203 0.0000534680745341
204 204 0.0000871086258471
205 205 0.1291651187847000
206 206 0.1291651187847000
207 207 0.1291651187847000
208 208 0.0001491274499671
209 209 0.0001999264695638
210 210 0.0001291651187847
211 211 0.1617243847655000
212 212 0.1617243847655000
213 213 0.1617243847655000
214 214 0.0001617243847655
215 215 0.0001693617010627
216 216 0.0001617243847655
217 217 0.1303169972421000
218 218 0.1303169972421000
219 219 0.1303169972421000
220 220 0.0001303169972421
221 221 0.0001756447079393
222 222 0.0001303169972421
223 223 0.0546396274917000
224 224 0.0546396274917000
225 225 0.0546396274917000
226 226 0.0000546396274917
227 227 0.0000546396274917
228 228 0.0000546396274917
229 229 0.1315344065489000
230 230 0.1315344065489000
231 231 0.1315344065489000
232 232 0.0001315344065489
233 233 0.0001315344065489
234 234 0.0001315344065489
235 235 0.2689446124792000
236 236 0.2689446124792000
237 237 0.2689446124792000
238 238 0.0002689446124792
239 239 0.0006010488791753
240 240 0.0005017622796116
241 241 0.1829422986593000
242 242 0.1829422986593000
243 243 0.0547381727271000
244 244 0.0547381727271000
245 245 0.0547381727271000
246 246 0.0000547381727271
247 247 0.0000547381727271
248 248 0.0000547381727271
249 249 0.1592484936411000
250 250 0.1592484936411000
251 251 0.1592484936411000
252 252 0.0001592484936411
253 253 0.0002319292641302
254 254 0.0001779349642427
255 255 0.2220388884722000
256 256 0.2220388884722000
257 257 0.2220388884722000
258 258 0.0002767803537181
259 259 0.0002958916680865
260 260 0.0002437088316443
261 261 0.1836802489088000
262 262 0.1836802489088000
263 263 0.1836802489088000
264 264 0.0001836802489088
265 265 0.0001836802489088
266 266 0.0001836802489088
267 267 0.2264899012632000
268 268 0.2264899012632000
269 269 0.2264899012632000
270 270 0.0002264899012632
271 271 0.0006324813735592
272 272 0.0005270486359824
273 273 0.0646304120158100
274 274 0.0646304120158100
275 275 0.0646304120158100
276 276 0.0000646304120158
277 277 0.0000646304120158
278 278 0.0000646304120158
279 279 0.0575298485237100
280 280 0.0575298485237100
281 281 0.0575298485237100
282 282 0.0000575298485237
283 283 0.0000644930454477
284 284 0.0000575298485237
285 285 0.1467799637284000
286 286 0.1467799637284000
287 287 0.1467799637284000
288 288 0.0001467799637284
289 289 0.0001749966469018
290 290 0.0001467799637284
291 291 0.2050756789772000
292 292 0.2050756789772000
293 293 0.2050756789772000
294 294 0.0002121179300429
295 295 0.0002733682864879
296 296 0.0002104065562573
297 297 0.2026573173550000
298 298 0.2026573173550000
299 299 0.2026573173550000
300 300 0.0002107654771855
301 301 0.0002709499248658
302 302 0.0002069207717860
303 303 0.1385389366406000
304 304 0.1385389366406000
305 305 0.1385389366406000
306 306 0.0001684527619001
307 307 0.0001786199492917
308 308 0.0001385389366406
309 309 0.2123165869998000
310 310 0.2123165869998000
311 311 0.2123165869998000
312 312 0.0002787097606887
313 313 0.0003119955674625
314 314 0.0002210845186739
315 315 0.0976555399540700
316 316 0.0976555399540700
317 317 0.0976555399540700
318 318 0.0000976555399541
319 319 0.0000976555399541
320 320 0.0000976555399541
321 321 0.4715379964618000
322 322 0.4715379964618000
323 323 0.4715379964618000
324 324 0.0005194638996879
325 325 0.0009051856153459
326 326 0.0007456614761175
327 327 0.0712311109603800
328 328 0.0712311109603800
329 329 0.0712311109603800
330 330 0.0000712311109604
331 331 0.0000712311109604
332 332 0.0000712311109604
333 333 0.0704792881985800
334 334 0.0704792881985800
335 335 0.0704792881985800
336 336 0.0001041198395115
337 337 0.0000704792881986
338 338 0.0001041198395115
339 339 0.1903920191207000
340 340 0.1903920191207000
341 341 0.1903920191207000
342 342 0.0001903920191207
343 343 0.0002472064130152
344 344 0.0001903920191207
345 345 0.1788171249499000
346 346 0.1788171249499000
347 347 0.1788171249499000
348 348 0.0001856037463405
349 349 0.0002750005011316
350 350 0.0001788171249499
351 351 0.2710537357657000
352 352 0.2710537357657000
353 353 0.2710537357657000
354 354 0.0002864838127449
355 355 0.0004050614708577
356 356 0.0002710537357657
357 357 0.3518147516661000
358 358 0.3518147516661000
359 359 0.3518147516661000
360 360 0.0004197029860747
361 361 0.0008492605244053
362 362 0.0006259382313218
363 363 0.0837003029754100
364 364 0.0837003029754100
365 365 0.0837003029754100
366 366 0.0001287987421724
367 367 0.0000837003029754
368 368 0.0001287987421724
369 369 0.0481914654917300
370 370 0.0481914654917300
371 371 0.0481914654917300
372 372 0.0000481914654917
373 373 0.0000481914654917
374 374 0.0000481914654917
375 375 0.1086673646498000
376 376 0.1086673646498000
377 377 0.1086673646498000
378 378 0.0001148549387081
379 379 0.0001086673646498
380 380 0.0001148549387081
381 381 0.1057954277617000
382 382 0.1057954277617000
383 383 0.1057954277617000
384 384 0.0001508938669587
385 385 0.0001057954277617
386 386 0.0001508938669587
387 387 0.0234373295889800
388 388 0.0234373295889800
389 389 0.0234373295889800
390 390 0.0000234373295890
391 391 0.0000234373295890
392 392 0.0000234373295890
393 393 0.1208155575877000
394 394 0.1208155575877000
395 395 0.1208155575877000
396 396 0.0001208155575877
397 397 0.0001340604835509
398 398 0.0001208155575877
399 399 0.2004003384869000
400 400 0.2004003384869000
401 401 0.2004003384869000
402 402 0.0002071820675623
403 403 0.0002144618266251
404 404 0.0002053918119437
405 405 0.1769767957543000
406 406 0.1769767957543000
407 407 0.1769767957543000
408 408 0.0001769767957543
409 409 0.0001769767957543
410 410 0.0001769767957543
411 411 0.2367291184506000
412 412 0.2367291184506000
413 413 0.2367291184506000
414 414 0.0002367291184506
415 415 0.0004421870926545
416 416 0.0003110622785675
417 417 0.2626040989214000
418 418 0.2626040989214000
419 419 0.2626040989214000
420 420 0.0002839983882772
421 421 0.0003893327132524
422 422 0.0002626040989214
423 423 0.5679215330419000
424 424 0.5679215330419000
425 425 0.5679215330419000
426 426 0.0005679215330418
427 427 0.0006679298435495
428 428 0.0005712352682107
429 429 0.1356701789978000
430 430 0.1356701789978000
431 431 0.1356701789978000
432 432 0.0001356701789978
433 433 0.0001951780566813
434 434 0.0001356701789978
435 435 0.1133867613926000
436 436 0.1133867613926000
437 437 0.1133867613926000
438 438 0.0001133867613926
439 439 0.0001133867613926
440 440 0.0001133867613926
441 441 0.1021950630366000
442 442 0.1021950630366000
443 443 0.1021950630366000
444 444 0.0001021950630366
445 445 0.0001021950630366
446 446 0.0001021950630366
447 447 0.4657761884474000
448 448 0.4657761884474000
449 449 0.4657761884474000
450 450 0.0012461325585410
451 451 0.0016371983591600
452 452 0.0006187923814114
453 453 0.0578361615232300
454 454 0.0578361615232300
455 455 0.0578361615232300
456 456 0.0000578361615232
457 457 0.0000578361615232
458 458 0.0000578361615232
459 459 0.0565113820200000
460 460 0.0565113820200000
461 461 0.0565113820200000
462 462 0.0000565113820200
463 463 0.0000565113820200
464 464 0.0000565113820200
465 465 0.1905443251027000
466 466 0.1905443251027000
467 467 0.1905443251027000
468 468 0.0002452857903486
469 469 0.0002427271615449
470 470 0.0001905443251027
471 471 0.4605672527726000
472 472 0.4605672527726000
473 473 0.4605672527726000
474 474 0.0012409236228660
475 475 0.0018046202243880
476 476 0.0007165968533537
477 477 0.2002841071139000
478 478 0.2002841071139000
479 479 0.2002841071139000
480 480 0.0002002841071139
481 481 0.0006062755794099
482 482 0.0005008428418331
483 483 0.6946535453602000
484 484 0.6946535453602000
485 485 0.6946535453602000
486 486 0.0007130965693595
487 487 0.0008424265448864
488 488 0.0006946535453602
489 489 0.0646593070525800
490 490 0.0646593070525800
491 491 0.0646593070525800
492 492 0.0000646593070526
493 493 0.0000646593070526
494 494 0.0000646593070526
495 495 0.2009797350905000
496 496 0.2009797350905000
497 497 0.2009797350905000
498 498 0.0002009797350905
499 499 0.0002009797350905
500 500 0.0002009797350905
501 501 0.0664714049910000
502 502 0.0664714049910000
503 503 0.0664714049910000
504 504 0.0000664714049910
505 505 0.0000664714049910
506 506 0.0000664714049910
507 507 0.0679635275824500
508 508 0.0679635275824500
509 509 0.0679635275824500
510 510 0.0000679635275825
511 511 0.0000679635275825
512 512 0.0000679635275825
513 513 0.0057820976722050
514 514 0.0057820976722050
515 515 0.0057820976722050
516 516 0.0000309573671329
517 517 0.0000057820976722
518 518 0.0000308629606979
519 519 0.4640172201475000
520 520 0.4640172201475000
521 521 0.4640172201475000
522 522 0.0004640172201475
523 523 0.0004640172201475
524 524 0.0004640172201475
525 525 0.2827723097678000
526 526 0.2827723097678000
527 527 0.2827723097678000
528 528 0.0003126861350273
529 529 0.0003597031086637
530 530 0.0002915402414419
531 531 0.3583423688523000
532 532 0.3583423688523000
533 533 0.3583423688523000
534 534 0.0003583423688523
535 535 0.0003583423688523
536 536 0.0003583423688523
537 537 0.0565733393151600
538 538 0.0565733393151600
539 539 0.0565733393151600
540 540 0.0000611252472264
541 541 0.0000569424105147
542 542 0.0000629523081007
543 543 0.0551705686981100
544 544 0.0551705686981100
545 545 0.0551705686981100
546 546 0.0000551705686981
547 547 0.0000551705686981
548 548 0.0000551705686981
549 549 0.2157262492776000
550 550 0.2157262492776000
551 551 0.2157262492776000
552 552 0.0002225128706682
553 553 0.0003368525823615
554 554 0.0002157262492776
555 555 0.3167197092218000
556 556 0.3167197092218000
557 557 0.3167197092218000
558 558 0.0003321497862010
559 559 0.0004053997336165
560 560 0.0003167197092218
561 561 0.0853476941022500
562 562 0.0853476941022500
563 563 0.0853476941022500
564 564 0.0000853476941022
565 565 0.0000853476941022
566 566 0.0000853476941022
567 567 0.3039302541153000
568 568 0.3039302541153000
569 569 0.3039302541153000
570 570 0.0003101178281735
571 571 0.0003145461313662
572 572 0.0003101178281735
573 573 0.0784149900366300
574 574 0.0784149900366300
575 575 0.0784149900366300
576 576 0.0000784149900366
577 577 0.0000784149900366
578 578 0.0000784149900366
579 579 0.2593386265999000
580 580 0.2593386265999000
581 581 0.2593386265999000
582 582 0.0002593386265999
583 583 0.0003168368811557
584 584 0.0002593386265999
585 585 0.0063369590418020
586 586 0.0063369590418020
587 587 0.0063369590418020
588 588 0.0000287033595075
589 589 0.0000090817489146
590 590 0.0000300110368623
591 591 0.1337103772504000
592 592 0.1337103772504000
593 593 0.1337103772504000
594 594 0.0001337103772504
595 595 0.0001337103772504
596 596 0.0001337103772504
597 597 0.1435793676083000
598 598 0.1435793676083000
599 599 0.1435793676083000
600 600 0.0001435793676083
601 601 0.0001730699704375
602 602 0.0001435793676083
603 603 0.2694019478423000
604 604 0.2694019478423000
605 605 0.2694019478423000
606 606 0.0002718181320721
607 607 0.0003942491561787
608 608 0.0002694019478423
609 609 0.2624992935476000
610 610 0.2624992935476000
611 611 0.2624992935476000
612 612 0.0009635295153210
613 613 0.0010286627858620
614 614 0.0002624992935476
615 615 0.3299225512305000
616 616 0.3299225512305000
617 617 0.3299225512305000
618 618 0.0003299225512305
619 619 0.0003299225512305
620 620 0.0003299225512305
621 621 0.2385545014825000
622 622 0.2385545014825000
623 623 0.2385545014825000
624 624 0.0002385545014825
625 625 0.0004008223080264
626 626 0.0002942011909979
627 627 0.1779000453020000
628 628 0.1779000453020000
629 629 0.1779000453020000
630 630 0.0001992943346578
631 631 0.0002871048648001
632 632 0.0001779000453020
633 633 0.2629593760286000
634 634 0.2629593760286000
635 635 0.2629593760286000
636 636 0.0002629593760286
637 637 0.0003125662415813
638 638 0.0002662731111974
639 639 0.2995652314953000
640 640 0.2995652314953000
641 641 0.2995652314953000
642 642 0.0010005954532690
643 643 0.0010657287238100
644 644 0.0002995652314953
645 645 0.1139923844102000
646 646 0.1139923844102000
647 647 0.1139923844102000
648 648 0.0001139923844102
649 649 0.0001139923844102
650 650 0.0001139923844102
651 651 0.2389489265935000
652 652 0.2389489265935000
653 653 0.2389489265935000
654 654 0.0002389489265935
655 655 0.0002748444715802
656 656 0.0002389489265935
657 657 0.1385273851615000
658 658 0.1385273851615000
659 659 0.1385273851615000
660 660 0.0001385273851615
661 661 0.0001385273851615
662 662 0.0001385273851615
663 663 0.1687455732357000
664 664 0.1687455732357000
665 665 0.1687455732357000
666 666 0.0001687455732357
667 667 0.0001890949059957
668 668 0.0001687455732357
669 669 0.4654970514975000
670 670 0.4654970514975000
671 671 0.4654970514975000
672 672 0.0004739499982824
673 673 0.0004654970514975
674 674 0.0004728456828681
675 675 0.2001823782038000
676 676 0.2001823782038000
677 677 0.2001823782038000
678 678 0.0002001823782038
679 679 0.0002001823782038
680 680 0.0002001823782038
681 681 0.0075671440735180
682 682 0.0075671440735180
683 683 0.0075671440735180
684 684 0.0000075671440735
685 685 0.0000075671440735
686 686 0.0000075671440735
687 687 0.0539581800724300
688 688 0.0539581800724300
689 689 0.0539581800724300
690 690 0.0000539581800724
691 691 0.0000539581800724
692 692 0.0000539581800724
693 693 0.7235983074483000
694 694 0.7235983074483000
695 695 0.7235983074483000
696 696 0.0007420413314475
697 697 0.0010440021078780
698 698 0.0008266117150655
699 699 0.0754293701978900
700 700 0.0754293701978900
701 701 0.0754293701978900
702 702 0.0000754293701979
703 703 0.0000754293701979
704 704 0.0000754293701979
705 705 0.2551410604169000
706 706 0.2551410604169000
707 707 0.2551410604169000
708 708 0.0002551410604169
709 709 0.0003112303299565
710 710 0.0002796080412567
711 711 0.4222132940757000
712 712 0.4222132940757000
713 713 0.4222132940757000
714 714 0.0004293835980511
715 715 0.0004222132940757
716 716 0.0004303511940197
717 717 0.0728577683653300
718 718 0.0728577683653300
719 719 0.0728577683653300
720 720 0.0000728577683653
721 721 0.0000728577683653
722 722 0.0000728577683653
723 723 0.6028450607816001
724 724 0.6028450607816001
725 725 0.6028450607816001
726 726 0.0006028450607816
727 727 0.0006334710598025
728 728 0.0006028450607816
729 729 0.1090348127514000
730 730 0.1090348127514000
731 731 0.1090348127514000
732 732 0.0001090348127514
733 733 0.0001090348127514
734 734 0.0001090348127514
735 735 0.4480525576679000
736 736 0.4480525576679000
737 737 0.4480525576679000
738 738 0.0004480525576679
739 739 0.0005955162708252
740 740 0.0004480525576679
741 741 0.2802274120473000
742 742 0.2802274120473000
743 743 0.2802274120473000
744 744 0.0002802274120473
745 745 0.0003591993016820
746 746 0.0002814782703932
747 747 0.0438984903412600
748 748 0.0438984903412600
749 749 0.0438984903412600
750 750 0.0000438984903413
751 751 0.0000438984903413
752 752 0.0000438984903413
753 753 0.0987375302756000
754 754 0.0987375302756000
755 755 0.0987375302756000
756 756 0.0000987375302756
757 757 0.0000987375302756
758 758 0.0000987375302756
759 759 0.1519657477478000
760 760 0.1519657477478000
761 761 0.1519657477478000
762 762 0.0001519657477478
763 763 0.0001621337470392
764 764 0.0001519657477478
765 765 0.1601540303852000
766 766 0.1601540303852000
767 767 0.1601540303852000
768 768 0.0001601540303852
769 769 0.0001601540303852
770 770 0.0001601540303852
771 771 0.1784812517135000
772 772 0.1784812517135000
773 773 0.1784812517135000
774 774 0.0001844914800622
775 775 0.0001786336183047
776 776 0.0001829776057403
777 777 0.0908707832725700
778 778 0.0908707832725700
779 779 0.0908707832725700
780 780 0.0000908707832726
781 781 0.0000908707832726
782 782 0.0000908707832726
783 783 0.1899131467312000
784 784 0.1899131467312000
785 785 0.1899131467312000
786 786 0.0001949356818615
787 787 0.0002488181911940
788 788 0.0001977204282825
789 789 0.0681131215046900
790 790 0.0681131215046900
791 791 0.0681131215046900
792 792 0.0000681131215047
793 793 0.0000681131215047
794 794 0.0000681131215047
795 795 0.2843102383829000
796 796 0.2843102383829000
797 797 0.2843102383829000
798 798 0.0002843102383829
799 799 0.0003481639212252
800 800 0.0002843102383829
801 801 0.0542087580782600
802 802 0.0542087580782600
803 803 0.0542087580782600
804 804 0.0000542087580783
805 805 0.0000542087580783
806 806 0.0000542087580783
807 807 0.0483306837051700
808 808 0.0483306837051700
809 809 0.0483306837051700
810 810 0.0000483306837052
811 811 0.0000483306837052
812 812 0.0000483306837052
813 813 0.2452699204689000
814 814 0.2452699204689000
815 815 0.2452699204689000
816 816 0.0002476861046988
817 817 0.0003106092511218
818 818 0.0002452699204689
819 819 0.5773619167398000
820 820 0.5773619167398000
821 821 0.5773619167398000
822 822 0.0005773619167398
823 823 0.0005973100307975
824 824 0.0005773619167398
825 825 0.1315114217197000
826 826 0.1315114217197000
827 827 0.1315114217197000
828 828 0.0001315114217197
829 829 0.0001382217475820
830 830 0.0001315114217197
831 831 0.4237684287516000
832 832 0.4237684287516000
833 833 0.4237684287516000
834 834 0.0004474478647012
835 835 0.0006256585586989
836 836 0.0004878286928362
837 837 0.2483931532237000
838 838 0.2483931532237000
839 839 0.2483931532237000
840 840 0.0003909429684290
841 841 0.0006740732839861
842 842 0.0004206960340414
843 843 0.0092865924869690
844 844 0.0092865924869690
845 845 0.0092865924869690
846 846 0.0000955110029700
847 847 0.0000096725881671
848 848 0.0000953726603992
849 849 0.1474228200631000
850 850 0.1474228200631000
851 851 0.1474228200631000
852 852 0.0001679222165373
853 853 0.0002403985268176
854 854 0.0001792378318154
855 855 0.0717227544583000
856 856 0.0717227544583000
857 857 0.0717227544583000
858 858 0.0000717227544583
859 859 0.0000717227544583
860 860 0.0000717227544583
861 861 0.1328397360568000
862 862 0.1328397360568000
863 863 0.1328397360568000
864 864 0.0001846588940649
865 865 0.0002634228788918
866 866 0.0001328397360568
867 867 0.1640524845766000
868 868 0.1640524845766000
869 869 0.1640524845766000
870 870 0.0001640524845766
871 871 0.0001742338180452
872 872 0.0001640524845766
873 873 0.4586464940523000
874 874 0.4586464940523000
875 875 0.4586464940523000
876 876 0.0004586464940523
877 877 0.0004586464940523
878 878 0.0004586464940523
879 879 0.6771893374345000
880 880 0.6771893374345000
881 881 0.6771893374345000
882 882 0.0010556466100210
883 883 0.0013547696366190
884 884 0.0006771893374345
885 885 0.1164682380379000
886 886 0.1164682380379000
887 887 0.1164682380379000
888 888 0.0001164682380379
889 889 0.0001164682380379
890 890 0.0001164682380379
891 891 0.9821239110366000
892 892 0.9821239110366000
893 893 0.9821239110366000
894 894 0.0083488019952440
895 895 0.0010688391795970
896 896 0.0083732689760840
897 897 0.6714083828284000
898 898 0.6714083828284000
899 899 0.6714083828284000
900 900 0.0006714083828284
901 901 0.0008188720959857
902 902 0.0006714083828284
903 903 0.4533941871198000
904 904 0.4533941871198000
905 905 0.4533941871198000
906 906 0.0004533941871198
907 907 0.0005217501995036
908 908 0.0004546450454658
909 909 0.0499624343460200
910 910 0.0499624343460200
911 911 0.0499624343460200
912 912 0.0000499624343460
913 913 0.0000499624343460
914 914 0.0000499624343460
915 915 0.0591723587293800
916 916 0.0591723587293800
917 917 0.0591723587293800
918 918 0.0000591723587294
919 919 0.0000591723587294
920 920 0.0000591723587294
921 921 0.1966132525617000
922 922 0.1966132525617000
923 923 0.1966132525617000
924 924 0.0002013521474308
925 925 0.0001973545029270
926 926 0.0002035086067472
927 927 0.1440005838830000
928 928 0.1440005838830000
929 929 0.1440005838830000
930 930 0.0001507452576572
931 931 0.0001446877592170
932 932 0.0001487897321565
933 933 0.1402488010738000
934 934 0.1402488010738000
935 935 0.1402488010738000
936 936 0.0001465451781653
937 937 0.0002044637678318
938 938 0.0001448682578052
939 939 0.1224082855634000
940 940 0.1224082855634000
941 941 0.1224082855634000
942 942 0.0001224082855634
943 943 0.0001622531804628
944 944 0.0001224082855634
945 945 0.1533649596720000
946 946 0.1533649596720000
947 947 0.1533649596720000
948 948 0.0001580117115181
949 949 0.0001533649596720
950 950 0.0001573828248639
951 951 0.1273843512462000
952 952 0.1273843512462000
953 953 0.1273843512462000
954 954 0.0001314043514636
955 955 0.0001273843512462
956 956 0.0001315985359451
957 957 0.5114663133843000
958 958 0.5114663133843000
959 959 0.5114663133843000
960 960 0.0005114663133843
961 961 0.0005114663133843
962 962 0.0005114663133843
963 963 0.0192718422490300
964 964 0.0192718422490300
965 965 0.0192718422490300
966 966 0.0000192718422490
967 967 0.0000192718422490
968 968 0.0000192718422490
969 969 0.0717909417656400
970 970 0.0717909417656400
971 971 0.0717909417656400
972 972 0.0000717909417656
973 973 0.0000717909417656
974 974 0.0000717909417656
975 975 0.3649504560154000
976 976 0.3649504560154000
977 977 0.3649504560154000
978 978 0.0003649504560154
979 979 0.0003649504560154
980 980 0.0003649504560154
981 981 0.6925480837461000
982 982 0.6925480837461000
983 983 0.6925480837461000
984 984 0.0006930838328066
985 985 0.0008032399717073
986 986 0.0007199615651215
987 987 0.1642558685674000
988 988 0.1642558685674000
989 989 0.1642558685674000
990 990 0.0001642558685674
991 991 0.0002800988605533
992 992 0.0001920409377283
993 993 0.1829538434020000
994 994 0.1829538434020000
995 995 0.4386845092512000
996 996 0.4386845092512000
997 997 0.4386845092512000
998 998 0.0006303880048444
999 999 0.0011250083922430
1000 1000 0.0007279684742958
1001 1001 0.2922329224612000
1002 1002 0.2922329224612000
1003 1003 0.2922329224612000
1004 1004 0.0003362188975413
1005 1005 0.0004916779406555
1006 1006 0.0003960703356804
1007 1007 0.7978115716764000
1008 1008 0.7978115716764000
1009 1009 0.7978115716764000
1010 1010 0.0008387421708273
1011 1011 0.0009904860441093
1012 1012 0.0008573534442536
1013 1013 0.0427691740542200
1014 1014 0.0427691740542200
1015 1015 0.0427691740542200
1016 1016 0.0000427691740542
1017 1017 0.0000427691740542
1018 1018 0.0000427691740542
1019 1019 0.2322921204881000
1020 1020 0.2322921204881000
1021 1021 0.2322921204881000
1022 1022 0.0003359394244387
1023 1023 0.0004935667090877
1024 1024 0.0002322921204881
1025 1025 0.1165914141775000
1026 1026 0.1165914141775000
1027 1027 0.1165914141775000
1028 1028 0.0001292542794208
1029 1029 0.0001165914141775
1030 1030 0.0001292542794208
1031 1031 0.0699942682302600
1032 1032 0.0699942682302600
1033 1033 0.0699942682302600
1034 1034 0.0000699942682303
1035 1035 0.0000699942682303
1036 1036 0.0000699942682303
1037 1037 0.9531488316454000
1038 1038 0.9531488316454000
1039 1039 0.9531488316454000
1040 1040 0.0086982841884400
1041 1041 0.0016307291308300
1042 1042 0.0083198269158530
1043 1043 0.8362393434830000
1044 1044 0.8362393434830000
1045 1045 0.8362393434830000
1046 1046 0.0082029174276910
1047 1047 0.0008362393434830
1048 1048 0.0082029174276910
1049 1049 0.9393880612602999
1050 1050 0.9393880612602999
1051 1051 0.9393880612602999
1052 1052 0.0129701623779400
1053 1053 0.0089267189291030
1054 1054 0.0109707287366900
1055 1055 0.3654383246371000
1056 1056 0.3654383246371000
1057 1057 0.3654383246371000
1058 1058 0.0077321164088450
1059 1059 0.0003654383246371
1060 1060 0.0077321164088450
1061 1061 0.8480132989657000
1062 1062 0.8480132989657000
1063 1063 0.8480132989657000
1064 1064 0.0096487272043230
1065 1065 0.0042030531579420
1066 1066 0.0098423342874190
1067 1067 0.4625439542724000
1068 1068 0.4625439542724000
1069 1069 0.4625439542724000
1070 1070 0.0004953666060546
1071 1071 0.0005555803348711
1072 1072 0.0004625439542724
1073 1073 0.0202125733046200
1074 1074 0.0202125733046200
1075 1075 0.0202125733046200
1076 1076 0.0000202125733046
1077 1077 0.0000202125733046
1078 1078 0.0000202125733046
1079 1079 0.0063195006341300
1080 1080 0.0063195006341300
1081 1081 0.0063195006341300
1082 1082 0.0000288554320435
1083 1083 0.0000088378194181
1084 1084 0.0000294782962163
1085 1085 0.2282508276556000
1086 1086 0.2282508276556000
1087 1087 0.2282508276556000
1088 1088 0.0002282508276556
1089 1089 0.0003207754215017
1090 1090 0.0002282508276556
1091 1091 0.2476428896235000
1092 1092 0.2476428896235000
1093 1093 0.2476428896235000
1094 1094 0.0002476428896235
1095 1095 0.0002476428896235
1096 1096 0.0002476428896235
1097 1097 0.1283780514501000
1098 1098 0.1283780514501000
1099 1099 0.1283780514501000
1100 1100 0.0001283780514501
1101 1101 0.0001883898578715
1102 1102 0.0001283780514501
1103 1103 0.0040930165803390
1104 1104 0.0040930165803390
1105 1105 0.0040930165803390
1106 1106 0.0000130608927586
1107 1107 0.0000066651524390
1108 1108 0.0000132098008711
1109 1109 0.4900673948375000
1110 1110 0.4900673948375000
1111 1111 0.4900673948375000
1112 1112 0.0004900673948375
1113 1113 0.0005733895018674
1114 1114 0.0004954322771604
1115 1115 0.4050452982347000
1116 1116 0.4050452982347000
1117 1117 0.4050452982347000
1118 1118 0.0005469135572708
1119 1119 0.0010936301654040
1120 1120 0.0006555700949970
1121 1121 0.7034898879293000
1122 1122 0.7034898879293000
1123 1123 0.7034898879293000
1124 1124 0.0008828743040930
1125 1125 0.0013937161947240
1126 1126 0.0008598953044474
1127 1127 0.3583812691591000
1128 1128 0.3583812691591000
1129 1129 0.3583812691591000
1130 1130 0.0005767286976218
1131 1131 0.0010516368432270
1132 1132 0.0006013926651298
1133 1133 0.0101238737214200
1134 1134 0.0101238737214200
1135 1135 0.0101238737214200
1136 1136 0.0001095087784421
1137 1137 0.0000238058087675
1138 1138 0.0001141448285546
1139 1139 0.9677782448088000
1140 1140 0.9677782448088000
1141 1141 0.9677782448088000
1142 1142 0.0009677782448088
1143 1143 0.0011861173012870
1144 1144 0.0010151088455350
1145 1145 0.2955699692594000
1146 1146 0.2955699692594000
1147 1147 0.2955699692594000
1148 1148 0.0003283926210416
1149 1149 0.0003886063498581
1150 1150 0.0002955699692594
1151 1151 0.1662263948613000
1152 1152 0.1662263948613000
1153 1153 0.1662263948613000
1154 1154 0.0002180545408039
1155 1155 0.0002969178406259
1156 1156 0.0001662263948613
1157 1157 0.2070828387095000
1158 1158 0.2070828387095000
1159 1159 0.2070828387095000
1160 1160 0.0002197457039528
1161 1161 0.0002070828387095
1162 1162 0.0002197457039528
1163 1163 0.1227704832527000
1164 1164 0.1227704832527000
1165 1165 0.1227704832527000
1166 1166 0.0001227704832527
1167 1167 0.0001227704832527
1168 1168 0.0001227704832527
1169 1169 0.0902599511749300
1170 1170 0.0902599511749300
1171 1171 0.0902599511749300
1172 1172 0.0000902599511749
1173 1173 0.0001351691671187
1174 1174 0.0001351691671187
1175 1175 0.1869601160848000
1176 1176 0.1869601160848000
1177 1177 0.1869601160848000
1178 1178 0.0001869601160848
1179 1179 0.0001869601160848
1180 1180 0.0001869601160848
1181 1181 0.1751891941843000
1182 1182 0.1751891941843000
1183 1183 0.1751891941843000
1184 1184 0.0001751891941843
1185 1185 0.0001751891941843
1186 1186 0.0001751891941843
1187 1187 0.7203271298271000
1188 1188 0.7203271298271000
1189 1189 0.7203271298271000
1190 1190 0.0102694208242600
1191 1191 0.0065140415318730
1192 1192 0.0112587928931300
1193 1193 0.4135035983389000
1194 1194 0.4135035983389000
1195 1195 0.4135035983389000
1196 1196 0.0077801816825470
1197 1197 0.0004314482933628
1198 1198 0.0077801816825470
1199 1199 1.5124035443379999
1200 1200 1.5124035443379999
1201 1201 1.5124035443379999
1202 1202 0.0129298832912900
1203 1203 0.0210142032521700
1204 1204 0.0081689422684110
1205 1205 0.9140162842319000
1206 1206 0.9140162842319000
1207 1207 0.9140162842319000
1208 1208 0.0097147301895900
1209 1209 0.0042690561432080
1210 1210 0.0099083372726850
1211 1211 0.2752750118930000
1212 1212 0.2752750118930000
1213 1213 0.2752750118930000
1214 1214 0.0004125276712934
1215 1215 0.0008439735220877
1216 1216 0.0004943317873665
1217 1217 0.1478278618341000
1218 1218 0.1478278618341000
1219 1219 0.1478278618341000
1220 1220 0.0001525838475088
1221 1221 0.0002410810648494
1222 1222 0.0001546826982259
1223 1223 0.4158754217821000
1224 1224 0.4158754217821000
1225 1225 0.4158754217821000
1226 1226 0.0004158754217821
1227 1227 0.0004171933840806
1228 1228 0.0004158754217821
1229 1229 0.0854288161725600
1230 1230 0.0854288161725600
1231 1231 0.0854288161725600
1232 1232 0.0000854288161726
1233 1233 0.0001255438417523
1234 1234 0.0000854288161726
1235 1235 0.0054143858718070
1236 1236 0.0054143858718070
1237 1237 0.0054143858718070
1238 1238 0.0000143160931843
1239 1239 0.0000104785986229
1240 1240 0.0000150848239670
1241 1241 0.3733112290923000
1242 1242 0.3733112290923000
1243 1243 0.3733112290923000
1244 1244 0.0003810411264444
1245 1245 0.0006701777545292
1246 1246 0.0004064206872577
1247 1247 0.4405685722950000
1248 1248 0.4405685722950000
1249 1249 0.4405685722950000
1250 1250 0.0007915421201550
1251 1251 0.0013457252779780
1252 1252 0.0008336525382087
1253 1253 0.2659538140208000
1254 1254 0.2659538140208000
1255 1255 0.2659538140208000
1256 1256 0.0003137397867093
1257 1257 0.0003724356479743
1258 1258 0.0003167022758458
1259 1259 0.1590440399552000
1260 1260 0.1590440399552000
1261 1261 0.1590440399552000
1262 1262 0.0001922875835008
1263 1263 0.0003119254531666
1264 1264 0.0001590440399552
1265 1265 0.2401587562748000
1266 1266 0.2401587562748000
1267 1267 0.2401587562748000
1268 1268 0.0002968263734878
1269 1269 0.0006610198805324
1270 1270 0.0004317318850820
1271 1271 0.0573656543273000
1272 1272 0.0573656543273000
1273 1273 0.0573656543273000
1274 1274 0.0000579569852287
1275 1275 0.0000573656543273
1276 1276 0.0000579569852287
1277 1277 0.0594297645814300
1278 1278 0.0594297645814300
1279 1279 0.0594297645814300
1280 1280 0.0000594297645814
1281 1281 0.0000594297645814
1282 1282 0.0000594297645814
1283 1283 0.0402523222619200
1284 1284 0.0402523222619200
1285 1285 0.0402523222619200
1286 1286 0.0000402523222619
1287 1287 0.0000402523222619
1288 1288 0.0000402523222619
1289 1289 0.1370277735229000
1290 1290 0.1370277735229000
1291 1291 0.1370277735229000
1292 1292 0.0001370277735229
1293 1293 0.0001819369894666
1294 1294 0.0001819369894666
1295 1295 0.3147820538158000
1296 1296 0.3147820538158000
1297 1297 0.3147820538158000
1298 1298 0.0003147820538158
1299 1299 0.0003313187930124
1300 1300 0.0003147820538158
1301 1301 1.4319287045350000
1302 1302 1.4319287045350000
1303 1303 1.4319287045350000
1304 1304 0.0095967312839710
1305 1305 0.0230390877204700
1306 1306 0.0135570993227100
1307 1307 1.4013010519210001
1308 1308 1.4013010519210001
1309 1309 1.4013010519210001
1310 1310 0.0201625398229700
1311 1311 0.0254177229202800
1312 1312 0.0202693552828300
1313 1313 0.1213996844693000
1314 1314 0.1213996844693000
1315 1315 0.1213996844693000
1316 1316 0.0001257721587369
1317 1317 0.0001214024290657
1318 1318 0.0001272333333169
1319 1319 0.6798589584411000
1320 1320 0.6798589584411000
1321 1321 0.6798589584411000
1322 1322 0.0006798589584411
1323 1323 0.0006811769207396
1324 1324 0.0006798589584411
1325 1325 0.0202810222445600
1326 1326 0.0202810222445600
1327 1327 0.0202810222445600
1328 1328 0.0000202810222446
1329 1329 0.0000202810222446
1330 1330 0.0000202810222446
1331 1331 0.0336836432154700
1332 1332 0.0336836432154700
1333 1333 0.0336836432154700
1334 1334 0.0000336836432155
1335 1335 0.0000336836432155
1336 1336 0.0000336836432155
1337 1337 0.0042661320184110
1338 1338 0.0042661320184110
1339 1339 0.0042661320184110
1340 1340 0.0000139747394415
1341 1341 0.0000067609535073
1342 1342 0.0000148502870977
1343 1343 0.2654782262992000
1344 1344 0.2654782262992000
1345 1345 0.2654782262992000
1346 1346 0.0002691275183999
1347 1347 0.0004698281756933
1348 1348 0.0002891679843666
1349 1349 0.2373628662412000
1350 1350 0.2373628662412000
1351 1351 0.2373628662412000
1352 1352 0.0002373628662412
1353 1353 0.0003117949686146
1354 1354 0.0002373628662412
1355 1355 0.0097311815027640
1356 1356 0.0097311815027640
1357 1357 0.0097311815027640
1358 1358 0.0001028595507114
1359 1359 0.0000157820274941
1360 1360 0.0001050184324427
1361 1361 0.2609368031057000
1362 1362 0.2609368031057000
1363 1363 0.2609368031057000
1364 1364 0.0002609368031057
1365 1365 0.0003621173447184
1366 1366 0.0002609368031057
1367 1367 0.0597199690078000
1368 1368 0.0597199690078000
1369 1369 0.0597199690078000
1370 1370 0.0000597199690078
1371 1371 0.0000597199690078
1372 1372 0.0000597199690078
1373 1373 0.4142486561918000
1374 1374 0.4142486561918000
1375 1375 0.4142486561918000
1376 1376 0.0005041598169504
1377 1377 0.0009879911936608
1378 1378 0.0006058217849990
1379 1379 0.4411376132449000
1380 1380 0.4411376132449000
1381 1381 0.4411376132449000
1382 1382 0.0004417289441463
1383 1383 0.0006917135913118
1384 1384 0.0005155696283618
1385 1385 0.2594316557952000
1386 1386 0.2594316557952000
1387 1387 0.2594316557952000
1388 1388 0.0002838614313947
1389 1389 0.0002850624259689
1390 1390 0.0002594316557952
1391 1391 0.1921301465622000
1392 1392 0.1921301465622000
1393 1393 0.1921301465622000
1394 1394 0.0001921301465622
1395 1395 0.0002086668857589
1396 1396 0.0001921301465622
1397 1397 1.4918218698500001
1398 1398 1.4918218698500001
1399 1399 1.4918218698500001
1400 1400 0.0194820640956200
1401 1401 0.0297892748170800
1402 1402 0.0253213829069800
1403 1403 0.0619006428330600
1404 1404 0.0619006428330600
1405 1405 0.0619006428330600
1406 1406 0.0000619006428331
1407 1407 0.0000619006428331
1408 1408 0.0000619006428331
1409 1409 0.5988353043421000
1410 1410 0.5988353043421000
1411 1411 0.5988353043421000
1412 1412 0.0005988353043421
1413 1413 0.0005988353043421
1414 1414 0.0005988353043421
1415 1415 0.2102126547571000
1416 1416 0.2102126547571000
1417 1417 0.2102126547571000
1418 1418 0.0002219894765410
1419 1419 0.0002102126547571
1420 1420 0.0002142868149823
1421 1421 0.1304693195445000
1422 1422 0.1304693195445000
1423 1423 0.1304693195445000
1424 1424 0.0001304693195445
1425 1425 0.0001655064162190
1426 1426 0.0001304693195445
1427 1427 0.2948905775440000
1428 1428 0.2948905775440000
1429 1429 0.2948905775440000
1430 1430 0.0003411462829229
1431 1431 0.0004267369718704
1432 1432 0.0003405464933587
1433 1433 0.2605036679518000
1434 1434 0.2605036679518000
1435 1435 0.2605036679518000
1436 1436 0.0003058414979361
1437 1437 0.0003475133329573
1438 1438 0.0003063533798397
1439 1439 0.1478652287541000
1440 1440 0.1478652287541000
1441 1441 0.1478652287541000
1442 1442 0.0001478652287541
1443 1443 0.0002034385862045
1444 1444 0.0001478652287541
1445 1445 0.1843528721729000
1446 1446 0.1843528721729000
1447 1447 0.1362036997706000
1448 1448 0.1362036997706000
1449 1449 0.1362036997706000
1450 1450 0.0001362036997706
1451 1451 0.0001362036997706
1452 1452 0.0001362036997706
1453 1453 0.1649305352155000
1454 1454 0.1649305352155000
1455 1455 0.1649305352155000
1456 1456 0.0001649305352155
1457 1457 0.0001649305352155
1458 1458 0.0001649305352155
1459 1459 0.6210292666679000
1460 1460 0.6210292666679000
1461 1461 0.6210292666679000
1462 1462 0.0006210292666679
1463 1463 0.0007173367183317
1464 1464 0.0006472240379030
1465 1465 0.2683549559221000
1466 1466 0.2683549559221000
1467 1467 0.2683549559221000
1468 1468 0.0002927847315216
1469 1469 0.0003047871428117
1470 1470 0.0002945497271572
1471 1471 0.0788629597486600
1472 1472 0.0788629597486600
1473 1473 0.0788629597486600
1474 1474 0.0000788629597487
1475 1475 0.0000788629597487
1476 1476 0.0000788629597487
1477 1477 0.9752354101312000
1478 1478 0.9752354101312000
1479 1479 0.9752354101312000
1480 1480 0.0083419134943390
1481 1481 0.0011348968461090
1482 1482 0.0083419134943390
1483 1483 0.5480698895377000
1484 1484 0.5480698895377000
1485 1485 0.5480698895377000
1486 1486 0.0005549507055370
1487 1487 0.0005480698895377
1488 1488 0.0005480698895377
1489 1489 0.0885435902691700
1490 1490 0.0885435902691700
1491 1491 0.0885435902691700
1492 1492 0.0000885435902692
1493 1493 0.0000885435902692
1494 1494 0.0000885435902692
1495 1495 0.1095100045550000
1496 1496 0.1095100045550000
1497 1497 0.1095100045550000
1498 1498 0.0001095100045550
1499 1499 0.0001095100045550
1500 1500 0.0001095100045550
1501 1501 0.7998367678831000
1502 1502 0.7998367678831000
1503 1503 0.7998367678831000
1504 1504 0.0007998367678830
1505 1505 0.0008641001945486
1506 1506 0.0007998367678830
1507 1507 0.0096868255232770
1508 1508 0.0096868255232770
1509 1509 0.0096868255232770
1510 1510 0.0001031456493432
1511 1511 0.0000146671203431
1512 1512 0.0001027418285358
1513 1513 0.6145833698810000
1514 1514 0.6145833698810000
1515 1515 0.6145833698810000
1516 1516 0.0006145833698810
1517 1517 0.0009083833314326
1518 1518 0.0006381998864980
1519 1519 0.1797163023290000
1520 1520 0.1797163023290000
1521 1521 0.1797163023290000
1522 1522 0.0001797163023290
1523 1523 0.0001797163023290
1524 1524 0.0001797163023290
1525 1525 0.2805358568780000
1526 1526 0.2805358568780000
1527 1527 0.2805358568780000
1528 1528 0.0009326307610829
1529 1529 0.0009196650994690
1530 1530 0.0002805358568780
1531 1531 0.0887927013828300
1532 1532 0.0887927013828300
1533 1533 0.0887927013828300
1534 1534 0.0000887927013828
1535 1535 0.0000887927013828
1536 1536 0.0000887927013828
1537 1537 0.4215895400281000
1538 1538 0.4215895400281000
1539 1539 0.4215895400281000
1540 1540 0.0004215895400281
1541 1541 0.0004215895400281
1542 1542 0.0004215895400281
1543 1543 0.0786301769252900
1544 1544 0.0786301769252900
1545 1545 0.0786301769252900
1546 1546 0.0000786301769253
1547 1547 0.0000786301769253
1548 1548 0.0000786301769253
1549 1549 0.2030342540989000
1550 1550 0.2030342540989000
1551 1551 0.2030342540989000
1552 1552 0.0002030342540989
1553 1553 0.0002030342540989
1554 1554 0.0002030342540989
1555 1555 0.6841300631641000
1556 1556 0.6841300631641000
1557 1557 0.6841300631641000
1558 1558 0.0010094432131080
1559 1559 0.0012745357015460
1560 1560 0.0008282227669893
1561 1561 0.5387452761940000
1562 1562 0.5387452761940000
1563 1563 0.5387452761940000
1564 1564 0.0005387452761940
1565 1565 0.0005387452761940
1566 1566 0.0005387452761940
1567 1567 0.7991888942816000
1568 1568 0.7991888942816000
1569 1569 0.7991888942816000
1570 1570 0.0008265735553356
1571 1571 0.0010423261956560
1572 1572 0.0007991888942816
1573 1573 0.2081702533553000
1574 1574 0.2081702533553000
1575 1575 0.2081702533553000
1576 1576 0.0002601708433314
1577 1577 0.0002169304211871
1578 1578 0.0002611797412770
1579 1579 0.2353906477537000
1580 1580 0.2353906477537000
1581 1581 0.2353906477537000
1582 1582 0.0002910930162057
1583 1583 0.0002448790707796
1584 1584 0.0002860650523377
1585 1585 0.3835747298807000
1586 1586 0.3835747298807000
1587 1587 0.3835747298807000
1588 1588 0.0007042535425086
1589 1589 0.0010830847929260
1590 1590 0.0004893183478671
1591 1591 0.8974603239420000
1592 1592 0.8974603239420000
1593 1593 0.8974603239420000
1594 1594 0.0015495552281470
1595 1595 0.0019257460680250
1596 1596 0.0010060372903930
1597 1597 0.2013092358390000
1598 1598 0.2013092358390000
1599 1599 0.2013092358390000
1600 1600 0.0002216481049444
1601 1601 0.0002013092358390
1602 1602 0.0002218971909707
1603 1603 0.3373024517609000
1604 1604 0.3373024517609000
1605 1605 0.3373024517609000
1606 1606 0.0006626156017047
1607 1607 0.0009558097066615
1608 1608 0.0004813951555861
1609 1609 0.2024645064288000
1610 1610 0.2024645064288000
1611 1611 0.2024645064288000
1612 1612 0.0002149865317129
1613 1613 0.0002024645064288
1614 1614 0.0002024645064288
1615 1615 0.1725628923095000
1616 1616 0.1725628923095000
1617 1617 0.1725628923095000
1618 1618 0.0001725628923095
1619 1619 0.0004128596067443
1620 1620 0.0003826651567303
1621 1621 0.0165995502395600
1622 1622 0.0165995502395600
1623 1623 0.0165995502395600
1624 1624 0.0000165995502396
1625 1625 0.0000165995502396
1626 1626 0.0000165995502396
1627 1627 0.0099789574743680
1628 1628 0.0099789574743680
1629 1629 0.0099789574743680
1630 1630 0.0001116923788224
1631 1631 0.0000257337722829
1632 1632 0.0001082156586377
1633 1633 0.2301025929456000
1634 1634 0.2301025929456000
1635 1635 0.2301025929456000
1636 1636 0.0002301025929456
1637 1637 0.0002301025929456
1638 1638 0.0002301025929456
1639 1639 0.2204850026114000
1640 1640 0.2204850026114000
1641 1641 0.2204850026114000
1642 1642 0.0005137791541853
1643 1643 0.0008365192002593
1644 1644 0.0003262286205978
1645 1645 0.8413491359977000
1646 1646 0.8413491359977000
1647 1647 0.8413491359977000
1648 1648 0.0008413491359977
1649 1649 0.0013125372951950
1650 1650 0.0009499261024482
1651 1651 0.1015171297457000
1652 1652 0.1015171297457000
1653 1653 0.1015171297457000
1654 1654 0.0001015171297457
1655 1655 0.0001015171297457
1656 1656 0.0001015171297457
1657 1657 0.1754349794984000
1658 1658 0.1754349794984000
1659 1659 0.1754349794984000
1660 1660 0.0001754349794984
1661 1661 0.0002035365960174
1662 1662 0.0001754349794984
1663 1663 0.4315366521293000
1664 1664 0.4315366521293000
1665 1665 0.4315366521293000
1666 1666 0.0004440586774133
1667 1667 0.0007185809734599
1668 1668 0.0006755031065162
1669 1669 0.0455842714690500
1670 1670 0.0455842714690500
1671 1671 0.0455842714690500
1672 1672 0.0000455842714691
1673 1673 0.0000455842714691
1674 1674 0.0000455842714691
1675 1675 0.2269866708414000
1676 1676 0.2269866708414000
1677 1677 0.2269866708414000
1678 1678 0.0002473190438191
1679 1679 0.0002269866708414
1680 1680 0.0002475543786062
1681 1681 0.6364431246984000
1682 1682 0.6364431246984000
1683 1683 0.6364431246984000
1684 1684 0.0006364431246984
1685 1685 0.0007184747824038
1686 1686 0.0006364431246984
1687 1687 0.5280721875969000
1688 1688 0.5280721875969000
1689 1689 0.5280721875969000
1690 1690 0.0005280721875969
1691 1691 0.0005280721875969
1692 1692 0.0005280721875969
1693 1693 0.0563975243389400
1694 1694 0.0563975243389400
1695 1695 0.0563975243389400
1696 1696 0.0000563975243389
1697 1697 0.0000563975243389
1698 1698 0.0000563975243389
1699 1699 0.2923308311436000
1700 1700 0.2923308311436000
1701 1701 0.2923308311436000
1702 1702 0.0002923308311436
1703 1703 0.0005296610779610
1704 1704 0.0005005354516047
1705 1705 0.1150724003043000
1706 1706 0.1150724003043000
1707 1707 0.1150724003043000
1708 1708 0.0001150724003043
1709 1709 0.0001150724003043
1710 1710 0.0001150724003043
1711 1711 0.3501456492211000
1712 1712 0.3501456492211000
1713 1713 0.3501456492211000
1714 1714 0.0003501456492211
1715 1715 0.0003501456492211
1716 1716 0.0003501456492211
1717 1717 0.1828637807270000
1718 1718 0.1828637807270000
1719 1719 0.5108030074556000
1720 1720 0.5108030074556000
1721 1721 0.5108030074556000
1722 1722 0.0005108030074556
1723 1723 0.0005108030074556
1724 1724 0.0005108030074556
1725 1725 0.8227306412009000
1726 1726 0.8227306412009000
1727 1727 0.8227306412009000
1728 1728 0.0008227306412009
1729 1729 0.0010133132811220
1730 1730 0.0009970710716959
1731 1731 0.3402422055612000
1732 1732 0.3402422055612000
1733 1733 0.3402422055612000
1734 1734 0.0003402422055611
1735 1735 0.0003402422055611
1736 1736 0.0003402422055611
1737 1737 0.6789856446520000
1738 1738 0.6789856446520000
1739 1739 0.6789856446520000
1740 1740 0.0006789856446520
1741 1741 0.0007020327248172
1742 1742 0.0007126273776338
1743 1743 0.1181289547168000
1744 1744 0.1181289547168000
1745 1745 0.1181289547168000
1746 1746 0.0001181289547168
1747 1747 0.0001181289547168
1748 1748 0.0001181289547168
1749 1749 0.1006610903380000
1750 1750 0.1006610903380000
1751 1751 0.1006610903380000
1752 1752 0.0001006610903380
1753 1753 0.0001006610903380
1754 1754 0.0001006610903380
1755 1755 0.2458324260258000
1756 1756 0.2458324260258000
1757 1757 0.2458324260258000
1758 1758 0.0002458324260258
1759 1759 0.0002688795061910
1760 1760 0.0002794741590075
1761 1761 0.1531512366721000
1762 1762 0.1531512366721000
1763 1763 0.1531512366721000
1764 1764 0.0001531512366721
1765 1765 0.0003427542758799
1766 1766 0.0002677512692554
1767 1767 0.1890592042104000
1768 1768 0.1890592042104000
1769 1769 0.1890592042104000
1770 1770 0.0001890592042104
1771 1771 0.0001890592042104
1772 1772 0.0001890592042104
1773 1773 0.1187564656639000
1774 1774 0.1187564656639000
1775 1775 0.1187564656639000
1776 1776 0.0001187564656639
1777 1777 0.0003083595048716
1778 1778 0.0002333564982471
1779 1779 0.2505958194429000
1780 1780 0.2505958194429000
1781 1781 0.2505958194429000
1782 1782 0.0002505958194429
1783 1783 0.0002505958194429
1784 1784 0.0002505958194429
1785 1785 0.2624165298698000
1786 1786 0.2624165298698000
1787 1787 0.2624165298698000
1788 1788 0.0002624165298698
1789 1789 0.0002624165298698
1790 1790 0.0002624165298698
1791 1791 0.0411600530711700
1792 1792 0.0411600530711700
1793 1793 0.0411600530711700
1794 1794 0.0000411600530712
1795 1795 0.0000411600530712
1796 1796 0.0000411600530712
1797 1797 0.3658805771294000
1798 1798 0.3658805771294000
1799 1799 0.3658805771294000
1800 1800 0.0003658805771294
1801 1801 0.0003658805771294
1802 1802 0.0003658805771294
1803 1803 0.0886052477276900
1804 1804 0.0886052477276900
1805 1805 0.0886052477276900
1806 1806 0.0000886052477277
1807 1807 0.0000886052477277
1808 1808 0.0000886052477277
1809 1809 0.3737065829082000
1810 1810 0.3737065829082000
1811 1811 0.3737065829082000
1812 1812 0.0003990940480828
1813 1813 0.0010979376698490
1814 1814 0.0008651908239344
1815 1815 0.3007603910889000
1816 1816 0.3007603910889000
1817 1817 0.3007603910889000
1818 1818 0.0003007603910889
1819 1819 0.0003007603910889
1820 1820 0.0003007603910889
1821 1821 0.1882693263792000
1822 1822 0.1882693263792000
1823 1823 0.1882693263792000
1824 1824 0.0001882693263792
1825 1825 0.0001882693263792
1826 1826 0.0001882693263792
1827 1827 0.2398207581352000
1828 1828 0.2398207581352000
1829 1829 0.2398207581352000
1830 1830 0.0002398207581352
1831 1831 0.0002398207581352
1832 1832 0.0002398207581352
1833 1833 0.3737379438856000
1834 1834 0.3737379438856000
1835 1835 0.3737379438856000
1836 1836 0.0003991254090602
1837 1837 0.0010979690308260
1838 1838 0.0008652221849118
1839 1839 0.2515273629266000
1840 1840 0.2515273629266000
1841 1841 0.2515273629266000
1842 1842 0.0002515273629266
1843 1843 0.0003055463258370
1844 1844 0.0002690756155102
1845 1845 0.4091228375946000
1846 1846 0.4091228375946000
1847 1847 0.4091228375946000
1848 1848 0.0004091228375946
1849 1849 0.0004334712621186
1850 1850 0.0004365332487018
1851 1851 0.2886817905249000
1852 1852 0.2886817905249000
1853 1853 0.2886817905249000
1854 1854 0.0002886817905249
1855 1855 0.0003427007534354
1856 1856 0.0003062300431086
1857 1857 0.3387187167711000
1858 1858 0.3387187167711000
1859 1859 0.3387187167711000
1860 1860 0.0003387187167711
1861 1861 0.0004551888000009
1862 1862 0.0003661291278783
1863 1863 0.5109055694487999
1864 1864 0.5109055694487999
1865 1865 0.5109055694487999
1866 1866 0.0008516638920636
1867 1867 0.0011372835112070
1868 1868 0.0006476317261494
1869 1869 0.6927541810021000
1870 1870 0.6927541810021000
1871 1871 0.6927541810021000
1872 1872 0.0010335125036170
1873 1873 0.0014598753939480
1874 1874 0.0008294803377026
1875 1875 0.2571065924364000
1876 1876 0.2571065924364000
1877 1877 0.2571065924364000
1878 1878 0.0005322675603500
1879 1879 0.0005449261599587
1880 1880 0.0002571065924364
1881 1881 0.3433476692018000
1882 1882 0.3433476692018000
1883 1883 0.3433476692018000
1884 1884 0.0003433476692018
1885 1885 0.0003433476692018
1886 1886 0.0003433476692018
1887 1887 0.4048728453440000
1888 1888 0.4048728453440000
1889 1889 0.4048728453440000
1890 1890 0.0004048728453440
1891 1891 0.0004534944578260
1892 1892 0.0004048728453440
1893 1893 0.2371016950627000
1894 1894 0.2371016950627000
1895 1895 0.2371016950627000
1896 1896 0.0005122626629763
1897 1897 0.0005249212625850
1898 1898 0.0002371016950627
1899 1899 0.0244117754013800
1900 1900 0.0244117754013800
1901 1901 0.0244117754013800
1902 1902 0.0000244117754014
1903 1903 0.0000244117754014
1904 1904 0.0000244117754014
1905 1905 0.3818391852810000
1906 1906 0.3818391852810000
1907 1907 0.3818391852810000
1908 1908 0.0004211649121537
1909 1909 0.0005106541762139
1910 1910 0.0003818391852810
1911 1911 0.0484456595426900
1912 1912 0.0484456595426900
1913 1913 0.0484456595426900
1914 1914 0.0000484456595427
1915 1915 0.0000484456595427
1916 1916 0.0000484456595427
1917 1917 0.3695050134816000
1918 1918 0.3695050134816000
1919 1919 0.3695050134816000
1920 1920 0.0004088307403543
1921 1921 0.0004983200044144
1922 1922 0.0003695050134816
