104 104 766
1 1 4.0000000000000000
2 1 1.0000000000000000
3 1 1.0000000000000000
4 1 1.0000000000000000
5 1 1.0000000000000000
1 2 1.0000000000000000
2 2 5.0000000000000000
3 2 1.0000000000000000
4 2 1.0000000000000000
5 2 1.0000000000000000
7 2 1.0000000000000000
1 3 1.0000000000000000
2 3 1.0000000000000000
3 3 5.0000000000000000
4 3 1.0000000000000000
7 3 1.0000000000000000
8 3 1.0000000000000000
1 4 1.0000000000000000
2 4 1.0000000000000000
3 4 1.0000000000000000
4 4 12.0000000000000000
5 4 1.0000000000000000
6 4 1.0000000000000000
7 4 1.0000000000000000
8 4 1.0000000000000000
9 4 1.0000000000000000
10 4 1.0000000000000000
11 4 1.0000000000000000
12 4 1.0000000000000000
13 4 1.0000000000000000
1 5 1.0000000000000000
2 5 1.0000000000000000
4 5 1.0000000000000000
5 5 6.0000000000000000
6 5 1.0000000000000000
11 5 1.0000000000000000
12 5 1.0000000000000000
4 6 1.0000000000000000
5 6 1.0000000000000000
6 6 5.0000000000000000
11 6 1.0000000000000000
12 6 1.0000000000000000
13 6 1.0000000000000000
2 7 1.0000000000000000
3 7 1.0000000000000000
4 7 1.0000000000000000
7 7 6.0000000000000000
8 7 1.0000000000000000
16 7 1.0000000000000000
17 7 1.0000000000000000
3 8 1.0000000000000000
4 8 1.0000000000000000
7 8 1.0000000000000000
8 8 12.0000000000000000
9 8 1.0000000000000000
10 8 1.0000000000000000
11 8 1.0000000000000000
12 8 1.0000000000000000
16 8 1.0000000000000000
17 8 1.0000000000000000
18 8 1.0000000000000000
19 8 1.0000000000000000
20 8 1.0000000000000000
4 9 1.0000000000000000
8 9 1.0000000000000000
9 9 7.0000000000000000
10 9 1.0000000000000000
11 9 1.0000000000000000
12 9 1.0000000000000000
20 9 1.0000000000000000
21 9 1.0000000000000000
4 10 1.0000000000000000
8 10 1.0000000000000000
9 10 1.0000000000000000
10 10 10.0000000000000000
11 10 1.0000000000000000
12 10 1.0000000000000000
18 10 1.0000000000000000
19 10 1.0000000000000000
20 10 1.0000000000000000
22 10 1.0000000000000000
23 10 1.0000000000000000
4 11 1.0000000000000000
5 11 1.0000000000000000
6 11 1.0000000000000000
8 11 1.0000000000000000
9 11 1.0000000000000000
10 11 1.0000000000000000
11 11 9.0000000000000000
12 11 1.0000000000000000
13 11 1.0000000000000000
20 11 1.0000000000000000
4 12 1.0000000000000000
5 12 1.0000000000000000
6 12 1.0000000000000000
8 12 1.0000000000000000
9 12 1.0000000000000000
10 12 1.0000000000000000
11 12 1.0000000000000000
12 12 11.0000000000000000
13 12 1.0000000000000000
14 12 1.0000000000000000
21 12 1.0000000000000000
24 12 1.0000000000000000
4 13 1.0000000000000000
6 13 1.0000000000000000
11 13 1.0000000000000000
12 13 1.0000000000000000
13 13 6.0000000000000000
14 13 1.0000000000000000
21 13 1.0000000000000000
12 14 1.0000000000000000
13 14 1.0000000000000000
14 14 6.0000000000000000
15 14 1.0000000000000000
21 14 1.0000000000000000
24 14 1.0000000000000000
25 14 1.0000000000000000
14 15 1.0000000000000000
15 15 4.0000000000000000
25 15 1.0000000000000000
26 15 1.0000000000000000
35 15 1.0000000000000000
7 16 1.0000000000000000
8 16 1.0000000000000000
16 16 3.0000000000000000
17 16 1.0000000000000000
7 17 1.0000000000000000
8 17 1.0000000000000000
16 17 1.0000000000000000
17 17 7.0000000000000000
18 17 1.0000000000000000
19 17 1.0000000000000000
27 17 1.0000000000000000
28 17 1.0000000000000000
8 18 1.0000000000000000
10 18 1.0000000000000000
17 18 1.0000000000000000
18 18 7.0000000000000000
19 18 1.0000000000000000
27 18 1.0000000000000000
28 18 1.0000000000000000
29 18 1.0000000000000000
8 19 1.0000000000000000
10 19 1.0000000000000000
17 19 1.0000000000000000
18 19 1.0000000000000000
19 19 7.0000000000000000
22 19 1.0000000000000000
29 19 1.0000000000000000
30 19 1.0000000000000000
8 20 1.0000000000000000
9 20 1.0000000000000000
10 20 1.0000000000000000
11 20 1.0000000000000000
20 20 8.0000000000000000
21 20 1.0000000000000000
22 20 1.0000000000000000
23 20 1.0000000000000000
24 20 1.0000000000000000
9 21 1.0000000000000000
12 21 1.0000000000000000
13 21 1.0000000000000000
14 21 1.0000000000000000
20 21 1.0000000000000000
21 21 8.0000000000000000
23 21 1.0000000000000000
24 21 1.0000000000000000
25 21 1.0000000000000000
10 22 1.0000000000000000
19 22 1.0000000000000000
20 22 1.0000000000000000
22 22 7.0000000000000000
23 22 1.0000000000000000
30 22 1.0000000000000000
31 22 1.0000000000000000
32 22 1.0000000000000000
10 23 1.0000000000000000
20 23 1.0000000000000000
21 23 1.0000000000000000
22 23 1.0000000000000000
23 23 8.0000000000000000
24 23 1.0000000000000000
32 23 1.0000000000000000
33 23 1.0000000000000000
42 23 1.0000000000000000
12 24 1.0000000000000000
14 24 1.0000000000000000
20 24 1.0000000000000000
21 24 1.0000000000000000
23 24 1.0000000000000000
24 24 7.0000000000000000
25 24 1.0000000000000000
33 24 1.0000000000000000
14 25 1.0000000000000000
15 25 1.0000000000000000
21 25 1.0000000000000000
24 25 1.0000000000000000
25 25 7.0000000000000000
26 25 1.0000000000000000
33 25 1.0000000000000000
34 25 1.0000000000000000
15 26 1.0000000000000000
25 26 1.0000000000000000
26 26 5.0000000000000000
33 26 1.0000000000000000
34 26 1.0000000000000000
35 26 1.0000000000000000
17 27 1.0000000000000000
18 27 1.0000000000000000
27 27 7.0000000000000000
28 27 1.0000000000000000
36 27 1.0000000000000000
37 27 1.0000000000000000
47 27 1.0000000000000000
48 27 1.0000000000000000
17 28 1.0000000000000000
18 28 1.0000000000000000
27 28 1.0000000000000000
28 28 8.0000000000000000
29 28 1.0000000000000000
36 28 1.0000000000000000
37 28 1.0000000000000000
38 28 1.0000000000000000
39 28 1.0000000000000000
18 29 1.0000000000000000
19 29 1.0000000000000000
28 29 1.0000000000000000
29 29 6.0000000000000000
30 29 1.0000000000000000
38 29 1.0000000000000000
39 29 1.0000000000000000
19 30 1.0000000000000000
22 30 1.0000000000000000
29 30 1.0000000000000000
30 30 5.0000000000000000
31 30 1.0000000000000000
39 30 1.0000000000000000
22 31 1.0000000000000000
30 31 1.0000000000000000
31 31 7.0000000000000000
32 31 1.0000000000000000
39 31 1.0000000000000000
40 31 1.0000000000000000
42 31 1.0000000000000000
50 31 1.0000000000000000
22 32 1.0000000000000000
23 32 1.0000000000000000
31 32 1.0000000000000000
32 32 5.0000000000000000
33 32 1.0000000000000000
42 32 1.0000000000000000
23 33 1.0000000000000000
24 33 1.0000000000000000
25 33 1.0000000000000000
26 33 1.0000000000000000
32 33 1.0000000000000000
33 33 8.0000000000000000
34 33 1.0000000000000000
35 33 1.0000000000000000
42 33 1.0000000000000000
25 34 1.0000000000000000
26 34 1.0000000000000000
33 34 1.0000000000000000
34 34 7.0000000000000000
35 34 1.0000000000000000
42 34 1.0000000000000000
43 34 1.0000000000000000
44 34 1.0000000000000000
15 35 1.0000000000000000
26 35 1.0000000000000000
33 35 1.0000000000000000
34 35 1.0000000000000000
35 35 6.0000000000000000
43 35 1.0000000000000000
44 35 1.0000000000000000
27 36 1.0000000000000000
28 36 1.0000000000000000
36 36 6.0000000000000000
37 36 1.0000000000000000
47 36 1.0000000000000000
48 36 1.0000000000000000
56 36 1.0000000000000000
27 37 1.0000000000000000
28 37 1.0000000000000000
36 37 1.0000000000000000
37 37 8.0000000000000000
38 37 1.0000000000000000
48 37 1.0000000000000000
49 37 1.0000000000000000
50 37 1.0000000000000000
58 37 1.0000000000000000
28 38 1.0000000000000000
29 38 1.0000000000000000
37 38 1.0000000000000000
38 38 6.0000000000000000
39 38 1.0000000000000000
49 38 1.0000000000000000
50 38 1.0000000000000000
28 39 1.0000000000000000
29 39 1.0000000000000000
30 39 1.0000000000000000
31 39 1.0000000000000000
38 39 1.0000000000000000
39 39 8.0000000000000000
40 39 1.0000000000000000
50 39 1.0000000000000000
51 39 1.0000000000000000
31 40 1.0000000000000000
39 40 1.0000000000000000
40 40 7.0000000000000000
41 40 1.0000000000000000
42 40 1.0000000000000000
50 40 1.0000000000000000
51 40 1.0000000000000000
52 40 1.0000000000000000
40 41 1.0000000000000000
41 41 6.0000000000000000
42 41 1.0000000000000000
43 41 1.0000000000000000
45 41 1.0000000000000000
52 41 1.0000000000000000
53 41 1.0000000000000000
23 42 1.0000000000000000
31 42 1.0000000000000000
32 42 1.0000000000000000
33 42 1.0000000000000000
34 42 1.0000000000000000
40 42 1.0000000000000000
41 42 1.0000000000000000
42 42 9.0000000000000000
43 42 1.0000000000000000
45 42 1.0000000000000000
34 43 1.0000000000000000
35 43 1.0000000000000000
41 43 1.0000000000000000
42 43 1.0000000000000000
43 43 6.0000000000000000
44 43 1.0000000000000000
45 43 1.0000000000000000
34 44 1.0000000000000000
35 44 1.0000000000000000
43 44 1.0000000000000000
44 44 5.0000000000000000
45 44 1.0000000000000000
46 44 1.0000000000000000
41 45 1.0000000000000000
42 45 1.0000000000000000
43 45 1.0000000000000000
44 45 1.0000000000000000
45 45 8.0000000000000000
46 45 1.0000000000000000
52 45 1.0000000000000000
53 45 1.0000000000000000
54 45 1.0000000000000000
44 46 1.0000000000000000
45 46 1.0000000000000000
46 46 5.0000000000000000
53 46 1.0000000000000000
54 46 1.0000000000000000
55 46 1.0000000000000000
27 47 1.0000000000000000
36 47 1.0000000000000000
47 47 7.0000000000000000
48 47 1.0000000000000000
56 47 1.0000000000000000
57 47 1.0000000000000000
65 47 1.0000000000000000
66 47 1.0000000000000000
27 48 1.0000000000000000
36 48 1.0000000000000000
37 48 1.0000000000000000
47 48 1.0000000000000000
48 48 8.0000000000000000
49 48 1.0000000000000000
56 48 1.0000000000000000
57 48 1.0000000000000000
58 48 1.0000000000000000
37 49 1.0000000000000000
38 49 1.0000000000000000
48 49 1.0000000000000000
49 49 7.0000000000000000
50 49 1.0000000000000000
58 49 1.0000000000000000
59 49 1.0000000000000000
68 49 1.0000000000000000
31 50 1.0000000000000000
37 50 1.0000000000000000
38 50 1.0000000000000000
39 50 1.0000000000000000
40 50 1.0000000000000000
49 50 1.0000000000000000
50 50 8.0000000000000000
51 50 1.0000000000000000
59 50 1.0000000000000000
39 51 1.0000000000000000
40 51 1.0000000000000000
50 51 1.0000000000000000
51 51 7.0000000000000000
52 51 1.0000000000000000
59 51 1.0000000000000000
60 51 1.0000000000000000
61 51 1.0000000000000000
40 52 1.0000000000000000
41 52 1.0000000000000000
45 52 1.0000000000000000
51 52 1.0000000000000000
52 52 7.0000000000000000
53 52 1.0000000000000000
60 52 1.0000000000000000
61 52 1.0000000000000000
41 53 1.0000000000000000
45 53 1.0000000000000000
46 53 1.0000000000000000
52 53 1.0000000000000000
53 53 7.0000000000000000
54 53 1.0000000000000000
61 53 1.0000000000000000
62 53 1.0000000000000000
45 54 1.0000000000000000
46 54 1.0000000000000000
53 54 1.0000000000000000
54 54 8.0000000000000000
55 54 1.0000000000000000
61 54 1.0000000000000000
62 54 1.0000000000000000
63 54 1.0000000000000000
64 54 1.0000000000000000
46 55 1.0000000000000000
54 55 1.0000000000000000
55 55 4.0000000000000000
63 55 1.0000000000000000
64 55 1.0000000000000000
36 56 1.0000000000000000
47 56 1.0000000000000000
48 56 1.0000000000000000
56 56 6.0000000000000000
57 56 1.0000000000000000
65 56 1.0000000000000000
66 56 1.0000000000000000
47 57 1.0000000000000000
48 57 1.0000000000000000
56 57 1.0000000000000000
57 57 8.0000000000000000
58 57 1.0000000000000000
66 57 1.0000000000000000
67 57 1.0000000000000000
68 57 1.0000000000000000
77 57 1.0000000000000000
37 58 1.0000000000000000
48 58 1.0000000000000000
49 58 1.0000000000000000
57 58 1.0000000000000000
58 58 7.0000000000000000
59 58 1.0000000000000000
67 58 1.0000000000000000
68 58 1.0000000000000000
49 59 1.0000000000000000
50 59 1.0000000000000000
51 59 1.0000000000000000
58 59 1.0000000000000000
59 59 8.0000000000000000
60 59 1.0000000000000000
68 59 1.0000000000000000
70 59 1.0000000000000000
71 59 1.0000000000000000
51 60 1.0000000000000000
52 60 1.0000000000000000
59 60 1.0000000000000000
60 60 7.0000000000000000
61 60 1.0000000000000000
62 60 1.0000000000000000
71 60 1.0000000000000000
72 60 1.0000000000000000
51 61 1.0000000000000000
52 61 1.0000000000000000
53 61 1.0000000000000000
54 61 1.0000000000000000
60 61 1.0000000000000000
61 61 7.0000000000000000
62 61 1.0000000000000000
72 61 1.0000000000000000
53 62 1.0000000000000000
54 62 1.0000000000000000
60 62 1.0000000000000000
61 62 1.0000000000000000
62 62 8.0000000000000000
63 62 1.0000000000000000
72 62 1.0000000000000000
73 62 1.0000000000000000
74 62 1.0000000000000000
54 63 1.0000000000000000
55 63 1.0000000000000000
62 63 1.0000000000000000
63 63 6.0000000000000000
64 63 1.0000000000000000
74 63 1.0000000000000000
75 63 1.0000000000000000
54 64 1.0000000000000000
55 64 1.0000000000000000
63 64 1.0000000000000000
64 64 4.0000000000000000
75 64 1.0000000000000000
47 65 1.0000000000000000
56 65 1.0000000000000000
65 65 5.0000000000000000
66 65 1.0000000000000000
76 65 1.0000000000000000
77 65 1.0000000000000000
47 66 1.0000000000000000
56 66 1.0000000000000000
57 66 1.0000000000000000
65 66 1.0000000000000000
66 66 7.0000000000000000
67 66 1.0000000000000000
76 66 1.0000000000000000
77 66 1.0000000000000000
57 67 1.0000000000000000
58 67 1.0000000000000000
66 67 1.0000000000000000
67 67 7.0000000000000000
68 67 1.0000000000000000
69 67 1.0000000000000000
70 67 1.0000000000000000
77 67 1.0000000000000000
49 68 1.0000000000000000
57 68 1.0000000000000000
58 68 1.0000000000000000
59 68 1.0000000000000000
67 68 1.0000000000000000
68 68 7.0000000000000000
69 68 1.0000000000000000
70 68 1.0000000000000000
67 69 1.0000000000000000
68 69 1.0000000000000000
69 69 6.0000000000000000
70 69 1.0000000000000000
77 69 1.0000000000000000
78 69 1.0000000000000000
79 69 1.0000000000000000
59 70 1.0000000000000000
67 70 1.0000000000000000
68 70 1.0000000000000000
69 70 1.0000000000000000
70 70 7.0000000000000000
71 70 1.0000000000000000
79 70 1.0000000000000000
80 70 1.0000000000000000
59 71 1.0000000000000000
60 71 1.0000000000000000
70 71 1.0000000000000000
71 71 7.0000000000000000
72 71 1.0000000000000000
80 71 1.0000000000000000
81 71 1.0000000000000000
83 71 1.0000000000000000
60 72 1.0000000000000000
61 72 1.0000000000000000
62 72 1.0000000000000000
71 72 1.0000000000000000
72 72 6.0000000000000000
73 72 1.0000000000000000
81 72 1.0000000000000000
62 73 1.0000000000000000
72 73 1.0000000000000000
73 73 6.0000000000000000
74 73 1.0000000000000000
81 73 1.0000000000000000
82 73 1.0000000000000000
87 73 1.0000000000000000
62 74 1.0000000000000000
63 74 1.0000000000000000
73 74 1.0000000000000000
74 74 4.0000000000000000
75 74 1.0000000000000000
63 75 1.0000000000000000
64 75 1.0000000000000000
74 75 1.0000000000000000
75 75 3.0000000000000000
65 76 1.0000000000000000
66 76 1.0000000000000000
76 76 4.0000000000000000
77 76 1.0000000000000000
78 76 1.0000000000000000
57 77 1.0000000000000000
65 77 1.0000000000000000
66 77 1.0000000000000000
67 77 1.0000000000000000
69 77 1.0000000000000000
76 77 1.0000000000000000
77 77 8.0000000000000000
78 77 1.0000000000000000
79 77 1.0000000000000000
69 78 1.0000000000000000
76 78 1.0000000000000000
77 78 1.0000000000000000
78 78 5.0000000000000000
79 78 1.0000000000000000
84 78 1.0000000000000000
69 79 1.0000000000000000
70 79 1.0000000000000000
77 79 1.0000000000000000
78 79 1.0000000000000000
79 79 6.0000000000000000
80 79 1.0000000000000000
84 79 1.0000000000000000
70 80 1.0000000000000000
71 80 1.0000000000000000
79 80 1.0000000000000000
80 80 7.0000000000000000
81 80 1.0000000000000000
83 80 1.0000000000000000
84 80 1.0000000000000000
85 80 1.0000000000000000
71 81 1.0000000000000000
72 81 1.0000000000000000
73 81 1.0000000000000000
80 81 1.0000000000000000
81 81 6.0000000000000000
82 81 1.0000000000000000
83 81 1.0000000000000000
73 82 1.0000000000000000
81 82 1.0000000000000000
82 82 4.0000000000000000
83 82 1.0000000000000000
87 82 1.0000000000000000
71 83 1.0000000000000000
80 83 1.0000000000000000
81 83 1.0000000000000000
82 83 1.0000000000000000
83 83 7.0000000000000000
85 83 1.0000000000000000
86 83 1.0000000000000000
87 83 1.0000000000000000
78 84 1.0000000000000000
79 84 1.0000000000000000
80 84 1.0000000000000000
84 84 4.0000000000000000
85 84 1.0000000000000000
80 85 1.0000000000000000
83 85 1.0000000000000000
84 85 1.0000000000000000
85 85 6.0000000000000000
86 85 1.0000000000000000
91 85 1.0000000000000000
93 85 1.0000000000000000
83 86 1.0000000000000000
85 86 1.0000000000000000
86 86 8.0000000000000000
87 86 1.0000000000000000
88 86 1.0000000000000000
89 86 1.0000000000000000
90 86 1.0000000000000000
91 86 1.0000000000000000
93 86 1.0000000000000000
73 87 1.0000000000000000
82 87 1.0000000000000000
83 87 1.0000000000000000
86 87 1.0000000000000000
87 87 6.0000000000000000
88 87 1.0000000000000000
89 87 1.0000000000000000
86 88 1.0000000000000000
87 88 1.0000000000000000
88 88 5.0000000000000000
89 88 1.0000000000000000
90 88 1.0000000000000000
91 88 1.0000000000000000
86 89 1.0000000000000000
87 89 1.0000000000000000
88 89 1.0000000000000000
89 89 5.0000000000000000
90 89 1.0000000000000000
91 89 1.0000000000000000
86 90 1.0000000000000000
88 90 1.0000000000000000
89 90 1.0000000000000000
90 90 6.0000000000000000
91 90 1.0000000000000000
92 90 1.0000000000000000
93 90 1.0000000000000000
85 91 1.0000000000000000
86 91 1.0000000000000000
88 91 1.0000000000000000
89 91 1.0000000000000000
90 91 1.0000000000000000
91 91 7.0000000000000000
92 91 1.0000000000000000
93 91 1.0000000000000000
90 92 1.0000000000000000
91 92 1.0000000000000000
92 92 4.0000000000000000
93 92 1.0000000000000000
94 92 1.0000000000000000
85 93 1.0000000000000000
86 93 1.0000000000000000
90 93 1.0000000000000000
91 93 1.0000000000000000
92 93 1.0000000000000000
93 93 8.0000000000000000
94 93 1.0000000000000000
95 93 1.0000000000000000
96 93 1.0000000000000000
92 94 1.0000000000000000
93 94 1.0000000000000000
94 94 5.0000000000000000
95 94 1.0000000000000000
96 94 1.0000000000000000
97 94 1.0000000000000000
93 95 1.0000000000000000
94 95 1.0000000000000000
95 95 4.0000000000000000
96 95 1.0000000000000000
97 95 1.0000000000000000
93 96 1.0000000000000000
94 96 1.0000000000000000
95 96 1.0000000000000000
96 96 5.0000000000000000
97 96 1.0000000000000000
98 96 1.0000000000000000
94 97 1.0000000000000000
95 97 1.0000000000000000
96 97 1.0000000000000000
97 97 5.0000000000000000
98 97 1.0000000000000000
99 97 1.0000000000000000
96 98 1.0000000000000000
97 98 1.0000000000000000
98 98 5.0000000000000000
99 98 1.0000000000000000
100 98 1.0000000000000000
101 98 1.0000000000000000
97 99 1.0000000000000000
98 99 1.0000000000000000
99 99 5.0000000000000000
100 99 1.0000000000000000
101 99 1.0000000000000000
102 99 1.0000000000000000
98 100 1.0000000000000000
99 100 1.0000000000000000
100 100 5.0000000000000000
101 100 1.0000000000000000
102 100 1.0000000000000000
104 100 1.0000000000000000
98 101 1.0000000000000000
99 101 1.0000000000000000
100 101 1.0000000000000000
101 101 6.0000000000000000
102 101 1.0000000000000000
103 101 1.0000000000000000
104 101 1.0000000000000000
99 102 1.0000000000000000
100 102 1.0000000000000000
101 102 1.0000000000000000
102 102 5.0000000000000000
103 102 1.0000000000000000
104 102 1.0000000000000000
101 103 1.0000000000000000
102 103 1.0000000000000000
103 103 3.0000000000000000
104 103 1.0000000000000000
100 104 1.0000000000000000
101 104 1.0000000000000000
102 104 1.0000000000000000
103 104 1.0000000000000000
104 104 4.0000000000000000
